#Coverage	Number of genomic locations
0.0	99027.0
1.0	1864.0
2.0	3376.0
3.0	1586.0
4.0	2006.0
5.0	3497.0
6.0	5777.0
7.0	9922.0
8.0	16479.0
9.0	23960.0
10.0	35704.0
11.0	50120.0
12.0	70786.0
13.0	94466.0
14.0	120305.0
15.0	151428.0
16.0	187347.0
17.0	221259.0
18.0	255885.0
19.0	291807.0
20.0	323968.0
21.0	352600.0
22.0	377340.0
23.0	404261.0
24.0	427357.0
25.0	437492.0
26.0	446925.0
27.0	446528.0
28.0	449057.0
29.0	445054.0
30.0	435680.0
31.0	424454.0
32.0	407606.0
33.0	389082.0
34.0	373346.0
35.0	355466.0
36.0	333667.0
37.0	313798.0
38.0	294470.0
39.0	272086.0
40.0	255660.0
41.0	235618.0
42.0	214833.0
43.0	197435.0
44.0	180308.0
45.0	165418.0
46.0	150367.0
47.0	136180.0
48.0	124167.0
49.0	113628.0
50.0	100655.0
51.0	91057.0
52.0	82326.0
53.0	73601.0
54.0	66449.0
55.0	60296.0
56.0	53846.0
57.0	47625.0
58.0	42494.0
59.0	37924.0
60.0	34392.0
61.0	29789.0
62.0	27107.0
63.0	23875.0
64.0	21609.0
65.0	19209.0
66.0	17489.0
67.0	15925.0
68.0	13667.0
69.0	12035.0
70.0	10814.0
71.0	10186.0
72.0	9076.0
73.0	8057.0
74.0	6990.0
75.0	6541.0
76.0	5919.0
77.0	5525.0
78.0	4979.0
79.0	4555.0
80.0	4030.0
81.0	3913.0
82.0	3665.0
83.0	3434.0
84.0	3070.0
85.0	2897.0
86.0	2519.0
87.0	2355.0
88.0	2174.0
89.0	2098.0
90.0	1987.0
91.0	1912.0
92.0	1660.0
93.0	1557.0
94.0	1324.0
95.0	1359.0
96.0	1202.0
97.0	1181.0
98.0	1074.0
99.0	1089.0
100.0	960.0
101.0	951.0
102.0	951.0
103.0	921.0
104.0	970.0
105.0	765.0
106.0	706.0
107.0	661.0
108.0	637.0
109.0	626.0
110.0	530.0
111.0	473.0
112.0	475.0
113.0	447.0
114.0	388.0
115.0	332.0
116.0	313.0
117.0	289.0
118.0	308.0
119.0	256.0
120.0	307.0
121.0	279.0
122.0	216.0
123.0	223.0
124.0	256.0
125.0	213.0
126.0	176.0
127.0	184.0
128.0	150.0
129.0	152.0
130.0	112.0
131.0	153.0
132.0	93.0
133.0	129.0
134.0	90.0
135.0	124.0
136.0	104.0
137.0	93.0
138.0	87.0
139.0	81.0
140.0	75.0
141.0	75.0
142.0	69.0
143.0	95.0
144.0	85.0
145.0	74.0
146.0	70.0
147.0	80.0
148.0	93.0
149.0	94.0
150.0	87.0
151.0	102.0
152.0	109.0
153.0	90.0
154.0	73.0
155.0	62.0
156.0	56.0
157.0	57.0
158.0	59.0
159.0	63.0
160.0	49.0
161.0	51.0
162.0	66.0
163.0	60.0
164.0	61.0
165.0	50.0
166.0	61.0
167.0	43.0
168.0	44.0
169.0	49.0
170.0	47.0
171.0	51.0
172.0	42.0
173.0	59.0
174.0	74.0
175.0	67.0
176.0	62.0
177.0	45.0
178.0	61.0
179.0	46.0
180.0	45.0
181.0	73.0
182.0	55.0
183.0	47.0
184.0	41.0
185.0	36.0
186.0	43.0
187.0	31.0
188.0	37.0
189.0	38.0
190.0	34.0
191.0	25.0
192.0	39.0
193.0	37.0
194.0	30.0
195.0	36.0
196.0	36.0
197.0	54.0
198.0	39.0
199.0	55.0
200.0	30.0
201.0	23.0
202.0	25.0
203.0	37.0
204.0	27.0
205.0	27.0
206.0	31.0
207.0	45.0
208.0	35.0
209.0	41.0
210.0	40.0
211.0	40.0
212.0	30.0
213.0	29.0
214.0	29.0
215.0	30.0
216.0	27.0
217.0	28.0
218.0	29.0
219.0	18.0
220.0	22.0
221.0	18.0
222.0	27.0
223.0	22.0
224.0	24.0
225.0	24.0
226.0	23.0
227.0	13.0
228.0	15.0
229.0	14.0
230.0	16.0
231.0	21.0
232.0	17.0
233.0	28.0
234.0	17.0
235.0	15.0
236.0	15.0
237.0	26.0
238.0	26.0
239.0	39.0
240.0	37.0
241.0	36.0
242.0	20.0
243.0	36.0
244.0	27.0
245.0	34.0
246.0	27.0
247.0	29.0
248.0	19.0
249.0	21.0
250.0	19.0
251.0	16.0
252.0	18.0
253.0	15.0
254.0	23.0
255.0	27.0
256.0	28.0
257.0	23.0
258.0	18.0
259.0	17.0
260.0	15.0
261.0	14.0
262.0	20.0
263.0	13.0
264.0	17.0
265.0	14.0
266.0	8.0
267.0	10.0
268.0	14.0
269.0	29.0
270.0	17.0
271.0	16.0
272.0	12.0
273.0	13.0
274.0	19.0
275.0	18.0
276.0	12.0
277.0	12.0
278.0	11.0
279.0	6.0
280.0	5.0
281.0	5.0
282.0	2.0
283.0	1.0
284.0	3.0
285.0	1.0
286.0	4.0
287.0	11.0
288.0	5.0
289.0	1.0
290.0	8.0
291.0	5.0
292.0	8.0
293.0	3.0
294.0	6.0
295.0	4.0
296.0	6.0
297.0	2.0
298.0	6.0
299.0	7.0
300.0	4.0
301.0	5.0
302.0	4.0
303.0	3.0
304.0	4.0
305.0	4.0
307.0	1.0
308.0	6.0
309.0	5.0
310.0	1.0
311.0	4.0
312.0	7.0
313.0	4.0
314.0	1.0
315.0	7.0
316.0	13.0
317.0	7.0
318.0	3.0
319.0	4.0
320.0	6.0
321.0	3.0
322.0	5.0
323.0	1.0
324.0	2.0
325.0	1.0
327.0	4.0
328.0	3.0
329.0	4.0
330.0	6.0
331.0	7.0
332.0	6.0
333.0	3.0
334.0	2.0
335.0	1.0
336.0	4.0
337.0	2.0
338.0	2.0
339.0	3.0
340.0	3.0
341.0	6.0
342.0	1.0
343.0	2.0
344.0	2.0
345.0	2.0
347.0	5.0
348.0	1.0
349.0	3.0
350.0	6.0
351.0	3.0
352.0	4.0
353.0	8.0
354.0	7.0
355.0	7.0
356.0	3.0
357.0	1.0
358.0	4.0
359.0	5.0
360.0	2.0
361.0	1.0
363.0	2.0
365.0	1.0
366.0	3.0
367.0	1.0
369.0	3.0
370.0	1.0
371.0	4.0
372.0	4.0
373.0	2.0
374.0	2.0
375.0	2.0
376.0	8.0
377.0	5.0
378.0	5.0
379.0	6.0
380.0	10.0
381.0	6.0
382.0	2.0
383.0	4.0
384.0	14.0
385.0	5.0
386.0	1.0
387.0	3.0
388.0	4.0
389.0	1.0
390.0	6.0
392.0	5.0
393.0	4.0
394.0	5.0
395.0	4.0
396.0	5.0
397.0	6.0
398.0	4.0
399.0	4.0
400.0	3.0
401.0	6.0
402.0	8.0
403.0	7.0
404.0	4.0
405.0	11.0
406.0	3.0
407.0	2.0
408.0	8.0
409.0	5.0
410.0	5.0
411.0	5.0
412.0	8.0
413.0	4.0
414.0	11.0
415.0	5.0
416.0	3.0
417.0	6.0
418.0	5.0
419.0	7.0
420.0	3.0
421.0	7.0
423.0	2.0
424.0	3.0
425.0	1.0
426.0	6.0
427.0	4.0
428.0	9.0
429.0	6.0
430.0	2.0
431.0	2.0
432.0	3.0
433.0	4.0
434.0	3.0
435.0	7.0
436.0	5.0
437.0	5.0
438.0	5.0
439.0	6.0
440.0	2.0
441.0	6.0
442.0	6.0
443.0	9.0
444.0	7.0
445.0	5.0
446.0	6.0
447.0	5.0
448.0	6.0
449.0	3.0
450.0	4.0
451.0	4.0
452.0	8.0
453.0	2.0
454.0	10.0
455.0	9.0
456.0	2.0
457.0	2.0
458.0	3.0
459.0	8.0
460.0	4.0
461.0	5.0
462.0	3.0
463.0	8.0
464.0	4.0
465.0	4.0
466.0	2.0
467.0	2.0
468.0	3.0
469.0	6.0
470.0	8.0
471.0	9.0
472.0	4.0
473.0	4.0
474.0	10.0
475.0	7.0
476.0	5.0
477.0	7.0
478.0	3.0
479.0	2.0
480.0	6.0
481.0	6.0
482.0	11.0
483.0	7.0
484.0	12.0
485.0	10.0
486.0	9.0
487.0	10.0
488.0	10.0
489.0	10.0
490.0	16.0
491.0	18.0
492.0	16.0
493.0	13.0
494.0	16.0
495.0	11.0
496.0	18.0
497.0	10.0
498.0	7.0
499.0	6.0
500.0	18.0
501.0	6.0
502.0	9.0
503.0	10.0
504.0	6.0
505.0	16.0
506.0	7.0
507.0	12.0
508.0	17.0
509.0	7.0
510.0	9.0
511.0	9.0
512.0	8.0
513.0	15.0
514.0	6.0
515.0	6.0
516.0	7.0
517.0	8.0
518.0	4.0
519.0	3.0
520.0	11.0
521.0	2.0
522.0	10.0
523.0	14.0
524.0	9.0
525.0	8.0
526.0	15.0
527.0	16.0
528.0	13.0
529.0	14.0
530.0	13.0
531.0	9.0
532.0	14.0
533.0	11.0
534.0	15.0
535.0	11.0
536.0	12.0
537.0	10.0
538.0	6.0
539.0	12.0
540.0	12.0
541.0	4.0
542.0	18.0
543.0	6.0
544.0	5.0
545.0	13.0
546.0	14.0
547.0	12.0
548.0	25.0
549.0	14.0
550.0	17.0
551.0	25.0
552.0	14.0
553.0	14.0
554.0	21.0
555.0	15.0
556.0	19.0
557.0	16.0
558.0	19.0
559.0	13.0
560.0	22.0
561.0	17.0
562.0	20.0
563.0	11.0
564.0	14.0
565.0	22.0
566.0	16.0
567.0	12.0
568.0	14.0
569.0	15.0
570.0	11.0
571.0	13.0
572.0	20.0
573.0	18.0
574.0	23.0
575.0	26.0
576.0	20.0
577.0	26.0
578.0	27.0
579.0	27.0
580.0	28.0
581.0	18.0
582.0	26.0
583.0	21.0
584.0	31.0
585.0	20.0
586.0	14.0
587.0	19.0
588.0	27.0
589.0	27.0
590.0	18.0
591.0	17.0
592.0	11.0
593.0	30.0
594.0	22.0
595.0	21.0
596.0	31.0
597.0	28.0
598.0	27.0
599.0	30.0
600.0	26.0
601.0	17.0
602.0	17.0
603.0	23.0
604.0	25.0
605.0	24.0
606.0	35.0
607.0	29.0
608.0	25.0
609.0	22.0
610.0	20.0
611.0	28.0
612.0	41.0
613.0	26.0
614.0	28.0
615.0	32.0
616.0	29.0
617.0	27.0
618.0	28.0
619.0	24.0
620.0	26.0
621.0	36.0
622.0	33.0
623.0	29.0
624.0	20.0
625.0	30.0
626.0	40.0
627.0	30.0
628.0	25.0
629.0	57.0
630.0	36.0
631.0	35.0
632.0	54.0
633.0	46.0
634.0	64.0
635.0	46.0
636.0	54.0
637.0	38.0
638.0	42.0
639.0	47.0
640.0	66.0
641.0	54.0
642.0	51.0
643.0	61.0
644.0	47.0
645.0	58.0
646.0	48.0
647.0	52.0
648.0	37.0
649.0	69.0
650.0	65.0
651.0	50.0
652.0	43.0
653.0	51.0
654.0	53.0
655.0	56.0
656.0	63.0
657.0	45.0
658.0	57.0
659.0	55.0
660.0	63.0
661.0	63.0
662.0	65.0
663.0	52.0
664.0	48.0
665.0	46.0
666.0	74.0
667.0	65.0
668.0	61.0
669.0	76.0
670.0	52.0
671.0	56.0
672.0	49.0
673.0	68.0
674.0	55.0
675.0	72.0
676.0	76.0
677.0	71.0
678.0	78.0
679.0	68.0
680.0	49.0
681.0	78.0
682.0	82.0
683.0	56.0
684.0	56.0
685.0	72.0
686.0	60.0
687.0	44.0
688.0	81.0
689.0	66.0
690.0	59.0
691.0	69.0
692.0	67.0
693.0	65.0
694.0	69.0
695.0	67.0
696.0	52.0
697.0	77.0
698.0	52.0
699.0	52.0
700.0	59.0
701.0	70.0
702.0	62.0
703.0	62.0
704.0	45.0
705.0	54.0
706.0	76.0
707.0	56.0
708.0	61.0
709.0	65.0
710.0	64.0
711.0	53.0
712.0	46.0
713.0	45.0
714.0	53.0
715.0	45.0
716.0	51.0
717.0	50.0
718.0	46.0
719.0	53.0
720.0	58.0
721.0	55.0
722.0	62.0
723.0	56.0
724.0	59.0
725.0	44.0
726.0	62.0
727.0	52.0
728.0	58.0
729.0	48.0
730.0	54.0
731.0	54.0
732.0	36.0
733.0	45.0
734.0	55.0
735.0	54.0
736.0	58.0
737.0	58.0
738.0	66.0
739.0	48.0
740.0	52.0
741.0	54.0
742.0	35.0
743.0	59.0
744.0	42.0
745.0	60.0
746.0	56.0
747.0	49.0
748.0	39.0
749.0	31.0
750.0	45.0
751.0	44.0
752.0	67.0
753.0	48.0
754.0	53.0
755.0	29.0
756.0	56.0
757.0	47.0
758.0	59.0
759.0	43.0
760.0	38.0
761.0	28.0
762.0	36.0
763.0	32.0
764.0	49.0
765.0	37.0
766.0	35.0
767.0	32.0
768.0	34.0
769.0	36.0
770.0	34.0
771.0	33.0
772.0	26.0
773.0	31.0
774.0	31.0
775.0	29.0
776.0	28.0
777.0	25.0
778.0	34.0
779.0	28.0
780.0	19.0
781.0	28.0
782.0	36.0
783.0	26.0
784.0	29.0
785.0	25.0
786.0	31.0
787.0	26.0
788.0	25.0
789.0	28.0
790.0	32.0
791.0	26.0
792.0	28.0
793.0	20.0
794.0	26.0
795.0	21.0
796.0	25.0
797.0	21.0
798.0	30.0
799.0	14.0
800.0	31.0
801.0	15.0
802.0	27.0
803.0	21.0
804.0	25.0
805.0	42.0
806.0	27.0
807.0	22.0
808.0	30.0
809.0	20.0
810.0	19.0
811.0	21.0
812.0	26.0
813.0	19.0
814.0	16.0
815.0	11.0
816.0	15.0
817.0	19.0
818.0	23.0
819.0	24.0
820.0	24.0
821.0	16.0
822.0	27.0
823.0	20.0
824.0	28.0
825.0	26.0
826.0	18.0
827.0	27.0
828.0	25.0
829.0	35.0
830.0	24.0
831.0	26.0
832.0	34.0
833.0	29.0
834.0	32.0
835.0	19.0
836.0	23.0
837.0	14.0
838.0	13.0
839.0	19.0
840.0	16.0
841.0	12.0
842.0	26.0
843.0	19.0
844.0	21.0
845.0	15.0
846.0	28.0
847.0	27.0
848.0	18.0
849.0	13.0
850.0	17.0
851.0	14.0
852.0	17.0
853.0	26.0
854.0	27.0
855.0	21.0
856.0	28.0
857.0	21.0
858.0	14.0
859.0	16.0
860.0	14.0
861.0	29.0
862.0	22.0
863.0	16.0
864.0	18.0
865.0	25.0
866.0	32.0
867.0	25.0
868.0	22.0
869.0	16.0
870.0	19.0
871.0	17.0
872.0	17.0
873.0	16.0
874.0	17.0
875.0	21.0
876.0	27.0
877.0	12.0
878.0	17.0
879.0	15.0
880.0	26.0
881.0	16.0
882.0	26.0
883.0	21.0
884.0	20.0
885.0	16.0
886.0	21.0
887.0	26.0
888.0	29.0
889.0	19.0
890.0	21.0
891.0	20.0
892.0	15.0
893.0	20.0
894.0	10.0
895.0	10.0
896.0	15.0
897.0	25.0
898.0	22.0
899.0	9.0
900.0	16.0
901.0	16.0
902.0	17.0
903.0	15.0
904.0	14.0
905.0	12.0
906.0	15.0
907.0	15.0
908.0	12.0
909.0	12.0
910.0	11.0
911.0	7.0
912.0	17.0
913.0	15.0
914.0	14.0
915.0	11.0
916.0	23.0
917.0	10.0
918.0	11.0
919.0	14.0
920.0	11.0
921.0	12.0
922.0	14.0
923.0	26.0
924.0	15.0
925.0	12.0
926.0	16.0
927.0	9.0
928.0	13.0
929.0	15.0
930.0	11.0
931.0	15.0
932.0	21.0
933.0	7.0
934.0	26.0
935.0	12.0
936.0	13.0
937.0	8.0
938.0	21.0
939.0	18.0
940.0	17.0
941.0	16.0
942.0	16.0
943.0	18.0
944.0	16.0
945.0	11.0
946.0	19.0
947.0	10.0
948.0	17.0
949.0	14.0
950.0	13.0
951.0	13.0
952.0	9.0
953.0	10.0
954.0	12.0
955.0	14.0
956.0	13.0
957.0	10.0
958.0	9.0
959.0	7.0
960.0	10.0
961.0	4.0
962.0	8.0
963.0	5.0
964.0	10.0
965.0	7.0
966.0	5.0
967.0	6.0
968.0	9.0
969.0	11.0
970.0	8.0
971.0	4.0
972.0	13.0
973.0	7.0
974.0	12.0
975.0	9.0
976.0	4.0
977.0	3.0
978.0	5.0
979.0	10.0
980.0	6.0
981.0	5.0
982.0	4.0
983.0	6.0
984.0	4.0
985.0	6.0
986.0	16.0
987.0	11.0
988.0	6.0
989.0	13.0
990.0	7.0
991.0	12.0
992.0	12.0
993.0	15.0
994.0	13.0
995.0	11.0
996.0	12.0
997.0	13.0
998.0	16.0
999.0	7.0
1000.0	13.0
1001.0	12.0
1002.0	9.0
1003.0	5.0
1004.0	2.0
1005.0	9.0
1006.0	9.0
1007.0	3.0
1008.0	10.0
1009.0	7.0
1010.0	8.0
1011.0	4.0
1012.0	10.0
1013.0	13.0
1014.0	12.0
1015.0	6.0
1016.0	7.0
1017.0	14.0
1018.0	7.0
1019.0	9.0
1020.0	11.0
1021.0	7.0
1022.0	5.0
1023.0	16.0
1024.0	8.0
1025.0	6.0
1026.0	13.0
1027.0	18.0
1028.0	13.0
1029.0	8.0
1030.0	12.0
1031.0	3.0
1032.0	14.0
1033.0	5.0
1034.0	6.0
1035.0	11.0
1036.0	5.0
1037.0	4.0
1038.0	8.0
1039.0	7.0
1040.0	5.0
1041.0	2.0
1042.0	13.0
1043.0	6.0
1044.0	10.0
1045.0	5.0
1046.0	2.0
1047.0	3.0
1048.0	4.0
1049.0	6.0
1050.0	6.0
1051.0	1.0
1052.0	5.0
1053.0	4.0
1054.0	7.0
1055.0	2.0
1056.0	10.0
1057.0	2.0
1058.0	4.0
1059.0	7.0
1060.0	6.0
1061.0	5.0
1062.0	6.0
1063.0	7.0
1064.0	2.0
1065.0	7.0
1067.0	5.0
1068.0	6.0
1069.0	4.0
1071.0	2.0
1072.0	2.0
1073.0	8.0
1074.0	1.0
1075.0	2.0
1076.0	1.0
1077.0	1.0
1078.0	2.0
1079.0	1.0
1080.0	4.0
1081.0	1.0
1082.0	9.0
1083.0	3.0
1084.0	7.0
1085.0	2.0
1086.0	3.0
1087.0	3.0
1088.0	6.0
1089.0	3.0
1090.0	3.0
1091.0	2.0
1092.0	6.0
1093.0	3.0
1094.0	9.0
1095.0	6.0
1096.0	6.0
1097.0	6.0
1098.0	7.0
1099.0	2.0
1100.0	10.0
1101.0	4.0
1102.0	3.0
1103.0	2.0
1104.0	5.0
1105.0	1.0
1106.0	5.0
1107.0	8.0
1108.0	3.0
1109.0	2.0
1110.0	5.0
1111.0	8.0
1112.0	8.0
1113.0	4.0
1114.0	8.0
1116.0	7.0
1117.0	9.0
1118.0	5.0
1119.0	2.0
1120.0	12.0
1121.0	4.0
1122.0	9.0
1123.0	6.0
1124.0	8.0
1125.0	2.0
1126.0	12.0
1127.0	4.0
1128.0	11.0
1129.0	12.0
1130.0	10.0
1131.0	4.0
1132.0	3.0
1133.0	12.0
1134.0	5.0
1135.0	6.0
1136.0	9.0
1137.0	10.0
1138.0	9.0
1139.0	7.0
1140.0	6.0
1141.0	9.0
1142.0	6.0
1143.0	9.0
1144.0	7.0
1145.0	5.0
1146.0	3.0
1147.0	7.0
1148.0	9.0
1149.0	7.0
1150.0	7.0
1151.0	5.0
1152.0	4.0
1153.0	5.0
1154.0	6.0
1155.0	4.0
1156.0	5.0
1157.0	9.0
1158.0	9.0
1159.0	11.0
1160.0	9.0
1161.0	3.0
1162.0	7.0
1163.0	9.0
1164.0	13.0
1165.0	9.0
1166.0	6.0
1167.0	6.0
1168.0	6.0
1169.0	9.0
1170.0	6.0
1171.0	12.0
1172.0	8.0
1173.0	5.0
1174.0	5.0
1175.0	2.0
1176.0	5.0
1177.0	8.0
1178.0	2.0
1179.0	2.0
1180.0	4.0
1181.0	1.0
1182.0	3.0
1183.0	5.0
1184.0	1.0
1185.0	2.0
1186.0	4.0
1187.0	5.0
1188.0	3.0
1189.0	2.0
1191.0	2.0
1192.0	2.0
1193.0	2.0
1194.0	3.0
1195.0	2.0
1197.0	4.0
1198.0	2.0
1199.0	4.0
1200.0	2.0
1203.0	2.0
1204.0	1.0
1205.0	1.0
1206.0	3.0
1207.0	1.0
1208.0	1.0
1209.0	2.0
1210.0	2.0
1211.0	4.0
1212.0	3.0
1213.0	4.0
1214.0	1.0
1215.0	5.0
1216.0	3.0
1218.0	2.0
1219.0	2.0
1220.0	2.0
1221.0	6.0
1222.0	4.0
1223.0	2.0
1224.0	3.0
1225.0	4.0
1226.0	4.0
1227.0	1.0
1228.0	3.0
1229.0	3.0
1230.0	6.0
1231.0	2.0
1232.0	1.0
1233.0	4.0
1234.0	3.0
1235.0	3.0
1236.0	3.0
1237.0	1.0
1239.0	5.0
1240.0	2.0
1242.0	1.0
1243.0	2.0
1244.0	1.0
1245.0	4.0
1246.0	1.0
1247.0	4.0
1248.0	1.0
1249.0	4.0
1251.0	2.0
1252.0	4.0
1253.0	1.0
1254.0	1.0
1256.0	4.0
1257.0	1.0
1258.0	1.0
1259.0	4.0
1260.0	1.0
1261.0	2.0
1262.0	2.0
1263.0	2.0
1264.0	3.0
1265.0	1.0
1266.0	1.0
1267.0	4.0
1268.0	4.0
1269.0	1.0
1270.0	6.0
1271.0	1.0
1272.0	2.0
1273.0	4.0
1274.0	2.0
1275.0	1.0
1276.0	2.0
1277.0	3.0
1278.0	2.0
1279.0	2.0
1280.0	2.0
1281.0	3.0
1282.0	2.0
1283.0	3.0
1284.0	3.0
1285.0	1.0
1286.0	2.0
1287.0	4.0
1289.0	4.0
1290.0	1.0
1291.0	3.0
1292.0	4.0
1293.0	5.0
1294.0	2.0
1295.0	4.0
1296.0	3.0
1297.0	3.0
1298.0	5.0
1299.0	4.0
1301.0	4.0
1302.0	1.0
1303.0	1.0
1304.0	4.0
1305.0	6.0
1306.0	2.0
1307.0	2.0
1308.0	3.0
1309.0	4.0
1310.0	3.0
1311.0	2.0
1312.0	2.0
1313.0	5.0
1314.0	5.0
1315.0	5.0
1316.0	4.0
1317.0	5.0
1318.0	6.0
1319.0	7.0
1320.0	6.0
1321.0	8.0
1322.0	5.0
1323.0	2.0
1324.0	5.0
1325.0	1.0
1326.0	5.0
1327.0	6.0
1328.0	2.0
1329.0	1.0
1330.0	5.0
1331.0	3.0
1332.0	2.0
1333.0	3.0
1334.0	5.0
1335.0	4.0
1336.0	3.0
1337.0	4.0
1338.0	2.0
1339.0	1.0
1340.0	2.0
1341.0	3.0
1342.0	1.0
1343.0	3.0
1344.0	4.0
1345.0	3.0
1346.0	1.0
1347.0	1.0
1348.0	3.0
1349.0	2.0
1350.0	6.0
1351.0	3.0
1352.0	5.0
1353.0	1.0
1354.0	5.0
1355.0	5.0
1356.0	2.0
1357.0	2.0
1358.0	3.0
1359.0	2.0
1360.0	2.0
1361.0	3.0
1362.0	3.0
1363.0	7.0
1364.0	2.0
1365.0	2.0
1367.0	3.0
1368.0	4.0
1369.0	2.0
1370.0	1.0
1371.0	4.0
1373.0	2.0
1374.0	1.0
1376.0	2.0
1377.0	1.0
1378.0	1.0
1379.0	1.0
1380.0	3.0
1381.0	6.0
1382.0	5.0
1383.0	4.0
1384.0	4.0
1385.0	2.0
1386.0	3.0
1387.0	2.0
1388.0	2.0
1389.0	6.0
1390.0	5.0
1391.0	2.0
1392.0	3.0
1393.0	1.0
1394.0	4.0
1395.0	2.0
1396.0	2.0
1397.0	3.0
1398.0	4.0
1399.0	4.0
1400.0	4.0
1401.0	3.0
1403.0	1.0
1404.0	4.0
1405.0	4.0
1406.0	1.0
1407.0	1.0
1409.0	5.0
1410.0	1.0
1411.0	1.0
1412.0	2.0
1413.0	3.0
1414.0	1.0
1415.0	3.0
1416.0	6.0
1417.0	7.0
1418.0	6.0
1419.0	3.0
1420.0	7.0
1421.0	2.0
1422.0	1.0
1423.0	6.0
1425.0	1.0
1426.0	2.0
1427.0	2.0
1429.0	3.0
1430.0	3.0
1431.0	3.0
1432.0	2.0
1434.0	1.0
1436.0	1.0
1437.0	1.0
1438.0	3.0
1439.0	2.0
1440.0	5.0
1441.0	1.0
1442.0	4.0
1443.0	4.0
1444.0	1.0
1445.0	3.0
1447.0	1.0
1448.0	5.0
1449.0	2.0
1450.0	1.0
1451.0	1.0
1452.0	1.0
1453.0	5.0
1454.0	1.0
1455.0	2.0
1456.0	3.0
1457.0	1.0
1458.0	5.0
1459.0	1.0
1460.0	1.0
1461.0	4.0
1462.0	2.0
1463.0	1.0
1464.0	2.0
1465.0	3.0
1466.0	4.0
1467.0	1.0
1468.0	3.0
1469.0	1.0
1470.0	1.0
1471.0	3.0
1472.0	1.0
1474.0	1.0
1475.0	2.0
1478.0	1.0
1479.0	1.0
1480.0	1.0
1485.0	2.0
1487.0	1.0
1488.0	1.0
1489.0	1.0
1490.0	1.0
1494.0	1.0
1495.0	1.0
1497.0	1.0
1499.0	1.0
1500.0	1.0
1501.0	2.0
1502.0	2.0
1510.0	2.0
1514.0	2.0
1515.0	1.0
1518.0	1.0
1523.0	2.0
1525.0	1.0
1526.0	2.0
1528.0	2.0
1529.0	2.0
1530.0	1.0
1532.0	1.0
1534.0	1.0
1535.0	1.0
1537.0	1.0
1540.0	4.0
1541.0	1.0
1542.0	3.0
1543.0	1.0
1545.0	2.0
1546.0	2.0
1547.0	3.0
1548.0	2.0
1549.0	2.0
1552.0	2.0
1554.0	2.0
1555.0	2.0
1556.0	1.0
1557.0	2.0
1558.0	1.0
1559.0	1.0
1560.0	3.0
1561.0	1.0
1562.0	4.0
1563.0	2.0
1565.0	1.0
1566.0	1.0
1568.0	1.0
1569.0	1.0
1570.0	2.0
1571.0	2.0
1572.0	1.0
1576.0	1.0
1577.0	2.0
1578.0	1.0
1579.0	1.0
1583.0	1.0
1585.0	1.0
1586.0	3.0
1587.0	1.0
1589.0	1.0
1590.0	1.0
1591.0	1.0
1593.0	1.0
1594.0	3.0
1595.0	1.0
1597.0	1.0
1600.0	4.0
1602.0	2.0
1604.0	4.0
1605.0	2.0
1606.0	1.0
1607.0	1.0
1608.0	1.0
1611.0	2.0
1612.0	3.0
1614.0	2.0
1615.0	1.0
1616.0	1.0
1618.0	1.0
1621.0	2.0
1623.0	1.0
1624.0	2.0
1625.0	2.0
1626.0	1.0
1627.0	1.0
1628.0	1.0
1630.0	3.0
1631.0	1.0
1632.0	1.0
1633.0	1.0
1634.0	1.0
1635.0	1.0
1637.0	2.0
1643.0	2.0
1648.0	1.0
1649.0	1.0
1652.0	1.0
1653.0	2.0
1654.0	3.0
1655.0	3.0
1656.0	2.0
1657.0	3.0
1658.0	1.0
1659.0	1.0
1662.0	1.0
1663.0	1.0
1664.0	1.0
1665.0	1.0
1666.0	1.0
1668.0	1.0
1669.0	2.0
1670.0	1.0
1674.0	1.0
1675.0	1.0
1676.0	1.0
1678.0	5.0
1679.0	3.0
1680.0	1.0
1681.0	1.0
1682.0	2.0
1683.0	2.0
1685.0	1.0
1687.0	2.0
1688.0	1.0
1691.0	1.0
1692.0	1.0
1698.0	1.0
1700.0	1.0
1704.0	1.0
1705.0	1.0
1707.0	1.0
1708.0	1.0
1710.0	1.0
1712.0	1.0
1714.0	1.0
1717.0	1.0
1719.0	1.0
1720.0	2.0
1721.0	2.0
1722.0	1.0
1723.0	1.0
1725.0	1.0
1726.0	2.0
1728.0	1.0
1731.0	4.0
1732.0	1.0
1734.0	2.0
1738.0	2.0
1739.0	1.0
1740.0	2.0
1741.0	2.0
1744.0	2.0
1746.0	1.0
1747.0	4.0
1749.0	3.0
1750.0	1.0
1751.0	1.0
1752.0	1.0
1753.0	3.0
1754.0	1.0
1755.0	1.0
1757.0	1.0
1759.0	2.0
1760.0	3.0
1761.0	1.0
1763.0	1.0
1767.0	1.0
1768.0	4.0
1769.0	1.0
1771.0	2.0
1772.0	1.0
1773.0	2.0
1774.0	2.0
1775.0	5.0
1776.0	3.0
1777.0	3.0
1779.0	1.0
1780.0	4.0
1783.0	3.0
1785.0	2.0
1787.0	2.0
1790.0	2.0
1792.0	1.0
1793.0	3.0
1794.0	4.0
1796.0	3.0
1797.0	1.0
1801.0	3.0
1802.0	2.0
1803.0	1.0
1804.0	1.0
1807.0	3.0
1808.0	1.0
1813.0	1.0
1815.0	1.0
1825.0	1.0
1826.0	2.0
1828.0	1.0
1829.0	1.0
1830.0	2.0
1832.0	3.0
1835.0	1.0
1836.0	2.0
1840.0	2.0
1841.0	1.0
1842.0	2.0
1843.0	1.0
1844.0	1.0
1845.0	1.0
1848.0	4.0
1850.0	1.0
1854.0	2.0
1858.0	2.0
1859.0	1.0
1861.0	1.0
1871.0	1.0
1872.0	1.0
1880.0	1.0
1886.0	1.0
1898.0	2.0
1899.0	2.0
1901.0	2.0
1902.0	2.0
1906.0	1.0
1908.0	1.0
1909.0	2.0
1910.0	1.0
1911.0	2.0
1913.0	1.0
1914.0	1.0
1915.0	3.0
1918.0	1.0
1919.0	3.0
1921.0	1.0
1922.0	1.0
1923.0	1.0
1926.0	1.0
1930.0	1.0
1939.0	1.0
1940.0	1.0
1944.0	1.0
1946.0	1.0
1947.0	3.0
1951.0	1.0
1954.0	1.0
1955.0	1.0
1957.0	2.0
1958.0	2.0
1959.0	1.0
1960.0	1.0
1961.0	2.0
1962.0	1.0
1964.0	1.0
1965.0	2.0
1966.0	4.0
1967.0	2.0
1968.0	3.0
1970.0	2.0
1973.0	1.0
1974.0	2.0
1976.0	2.0
1985.0	1.0
1986.0	1.0
1987.0	1.0
1992.0	1.0
2000.0	1.0
2001.0	1.0
2005.0	1.0
2006.0	1.0
2008.0	1.0
2009.0	1.0
2012.0	1.0
2013.0	1.0
2014.0	2.0
2016.0	1.0
2017.0	2.0
2019.0	1.0
2020.0	1.0
2021.0	1.0
2023.0	1.0
2024.0	1.0
2025.0	2.0
2026.0	1.0
2027.0	2.0
2028.0	1.0
2029.0	1.0
2031.0	1.0
2036.0	2.0
2041.0	2.0
2046.0	2.0
2048.0	2.0
2050.0	1.0
2052.0	1.0
2053.0	1.0
2056.0	3.0
2059.0	1.0
2060.0	1.0
2061.0	2.0
2064.0	3.0
2065.0	1.0
2066.0	1.0
2067.0	4.0
2069.0	1.0
2070.0	3.0
2071.0	1.0
2072.0	1.0
2076.0	1.0
2083.0	1.0
2085.0	1.0
2088.0	1.0
2095.0	2.0
2100.0	1.0
2102.0	1.0
2103.0	2.0
2104.0	1.0
2107.0	1.0
2117.0	1.0
2118.0	3.0
2119.0	1.0
2120.0	1.0
2123.0	1.0
2124.0	2.0
2125.0	2.0
2129.0	3.0
2131.0	2.0
2132.0	1.0
2133.0	1.0
2136.0	3.0
2139.0	1.0
2141.0	1.0
2143.0	1.0
2152.0	1.0
2159.0	1.0
2163.0	1.0
2176.0	1.0
2177.0	1.0
2181.0	1.0
2183.0	1.0
2185.0	2.0
2186.0	1.0
2189.0	1.0
2197.0	1.0
2203.0	1.0
2204.0	1.0
2207.0	1.0
2209.0	1.0
2213.0	1.0
2276.0	1.0
2278.0	1.0
2279.0	1.0
2292.0	1.0
2295.0	1.0
