#Position (bp)	insert size
15197.0	339.4264054117098
45590.0	355.9972958355868
75983.0	356.27321372363866
106376.0	353.2777954762663
136769.0	352.22852564102567
167162.0	351.60614863229245
197555.0	350.9721788871555
221485.0	348.46524761077325
236681.5	351.8949399656947
258341.0	351.9595597032783
288734.0	353.96066196418883
319127.0	347.9946388261851
349520.0	353.25760771316664
379913.0	354.28087986463623
410306.0	358.6701708278581
440699.0	351.79809898393967
471092.0	345.8328226081035
501485.0	353.3061703554661
531878.0	348.61796453353895
562271.0	350.00947493091195
592664.0	351.78677952438534
623057.0	356.2894186532831
653450.0	349.3475009838646
683843.0	354.5721331689272
714236.0	351.6510416666667
744629.0	356.1490659550133
775022.0	353.9813463098135
805415.0	350.9625267665953
835808.0	358.3928194297782
866201.0	351.6140186915888
896594.0	352.289224952741
926987.0	355.01013513513516
957380.0	348.85334057577404
987773.0	352.63004846526655
1018166.0	347.07095990279464
1038382.5	348.75555555555553
1053579.0	341.4249283667622
1078952.0	349.3977900552486
1109345.0	354.4226773523301
1139738.0	343.0038314176245
1170131.0	344.97979139504565
1200524.0	344.77762982689745
1230917.0	348.27672750977837
1261310.0	354.59438618136954
1291703.0	351.7439626783754
1322096.0	351.59620921305185
1348657.5	343.28998815165875
1363854.0	345.7809452363091
1382882.0	349.7640181340969
1413275.0	348.69128262076623
1443668.0	353.16583194212575
1474061.0	350.6608412322275
1504454.0	348.3216986620128
1534847.0	355.06087528792364
1565240.0	348.02296937416776
1595633.0	354.2352324362111
1626026.0	355.7712073213657
1656419.0	351.9772554965883
1686812.0	346.02704952143154
1717205.0	354.13793103448273
1747598.0	355.79276174062903
1777991.0	355.85318444995863
1808384.0	343.30145929339477
1838777.0	351.3128606760099
1869170.0	340.32921974522293
1899563.0	356.4760014435222
1929956.0	341.3572354211663
1960349.0	348.9395796847636
1990742.0	354.14615707685846
2021135.0	347.58782961460446
2051528.0	352.75536105032825
2081921.0	353.36044880785414
2112314.0	355.8023767605634
2142707.0	347.9818007662835
2173100.0	352.31386535889436
2203493.0	349.8811285846439
2233886.0	342.29017857142856
2264279.0	349.570593962999
2294672.0	356.2416440831075
2325065.0	345.332614322692
2355458.0	343.02438231469444
2385851.0	344.79440860215055
2416244.0	357.5726315789474
2446637.0	344.98041237113404
2477030.0	348.2348541510845
2507423.0	359.3333333333333
2537816.0	347.6351099515468
2568209.0	345.1244299674267
2598602.0	347.3854770181537
2628995.0	354.5690331787371
2659388.0	350.4987984895297
2689781.0	346.625808538163
2720174.0	345.6927319922128
2750567.0	346.70875959079285
2780960.0	354.2352757868495
2811353.0	356.2032496307238
2841746.0	348.1170419794273
2872139.0	348.1677045308138
2889645.5	359.61228813559325
2904842.0	352.3106951871658
2932925.0	346.4216675517791
2963318.0	357.60042092603726
2993711.0	349.5446972124319
3024104.0	354.19887758681165
3054497.0	353.40878498051717
3084890.0	347.8577181208054
3115283.0	351.80006942034015
3145676.0	349.71666666666664
3176069.0	349.9920055613486
3206462.0	351.8482169171824
3236855.0	351.9887829500841
3267248.0	353.4954202586207
3297641.0	355.3389990557129
3322340.5	340.4651387992253
3337537.0	265.0
3358427.0	211.55555555555554
3388820.0	210.83333333333334
3410819.5	211.71428571428572
3426016.0	343.79020729092207
3449606.0	351.08813306852034
3479999.0	349.86182537439953
3510392.0	352.23964832671584
3540785.0	344.44934640522877
3571178.0	353.0409215955984
3601571.0	352.81453634085216
3631964.0	351.37630662020905
3662357.0	350.3620748883545
3692750.0	350.21235226839497
3723143.0	355.3247066942719
3753536.0	353.97942223981005
3783929.0	353.14493836384014
3814322.0	351.1569086651054
3844715.0	346.82973929835856
3875108.0	347.6225478023342
3905501.0	349.8180836707152
3935894.0	353.53611767796167
3966287.0	351.8552796588914
3987990.0	346.9511070110701
4003186.5	350.6473044798785
4027073.0	351.9102699841186
4057466.0	353.1769034814605
4087859.0	346.6667666466707
4118252.0	350.2799005902454
4148645.0	347.4184354154033
4179038.0	352.4214046822743
4209431.0	354.3687034277198
4239824.0	346.326076199901
4259839.0	345.1794520547945
4275035.5	346.1123452872104
4300610.0	355.5053380782918
4331003.0	349.34989806320084
4361396.0	349.1897510980966
4391789.0	351.97076023391816
4422182.0	349.08096907873767
4452575.0	347.57239972807616
4482968.0	356.7593052109181
4513361.0	348.89700765483644
4543754.0	353.69348659003833
4574147.0	347.3319027181688
4604540.0	347.89984939759034
4634933.0	352.6344330678802
4665326.0	352.5011914217633
4695719.0	349.00414421881476
4726112.0	355.6884696016771
4756505.0	350.1455752212389
4786898.0	344.85370440015043
4817291.0	348.900826446281
4847684.0	347.6049873509216
4878077.0	356.45280062671367
4908470.0	358.01682018422105
4938863.0	349.43709935897436
4969256.0	348.6192406929598
4999649.0	352.66616371180686
5030042.0	354.07486832204665
5060435.0	348.39897510980967
5090828.0	345.81575682382135
5121221.0	350.16923076923075
5151614.0	350.4965011662779
5182007.0	346.3864566929134
5212400.0	354.49813780260706
5242793.0	348.9240384615385
5273186.0	350.3940582959641
5303579.0	349.9023503077784
5333972.0	349.34935822637107
5352383.0	350.2916666666667
5367579.5	345.76579822616407
5394758.0	355.9882833787466
5425151.0	355.2703824488586
5455544.0	352.44827586206895
5485937.0	348.220770519263
5516330.0	354.35177351122684
5546723.0	351.52220680083275
5577116.0	341.68076398362894
5607509.0	349.5458781362007
5637902.0	348.8407940833009
5668295.0	348.9037583421145
5698688.0	351.16149914821125
5729081.0	346.88130381303813
5759474.0	352.636277302944
5789867.0	352.6957957957958
5820260.0	347.7334704672348
5850653.0	354.9791454730417
5881046.0	352.13550519357887
5907241.5	345.04338679989485
5922438.0	350.1214545454545
5941832.0	355.07225433526014
5972225.0	349.23880597014926
6002618.0	350.3981324278438
6033011.0	350.62589459986987
6063404.0	350.3231627296588
6093797.0	355.2129465864874
6124190.0	347.52879944483
6154583.0	355.9945671858022
6184976.0	348.6915176873336
6215369.0	356.75308641975306
6245762.0	349.71284634760707
6276155.0	354.7068669527897
6306548.0	355.2080924855491
6336941.0	349.84247076023394
6367334.0	352.9953000723066
6397727.0	351.6646641179683
6428120.0	349.4708976157083
6458513.0	346.30623306233065
6488906.0	348.9570365358593
6519299.0	347.85451664025356
6549692.0	347.9152591729761
6580085.0	349.30724018167246
6610478.0	348.54137173541613
6640871.0	350.06371515577416
6660029.5	341.90406753645436
6675226.0	345.6920435031482
6701657.0	351.6462967489611
6732050.0	354.9033898305085
6762443.0	351.6384962406015
6792836.0	345.4183870079824
6823229.0	347.74132492113563
6853622.0	351.91200793913333
6884015.0	358.526706231454
6914408.0	356.88041795665634
6944801.0	357.69870759289176
6975194.0	356.06761833208117
7005587.0	347.70663068619893
7035980.0	349.7702893436838
7066373.0	348.88595317725753
7096766.0	351.103900838498
7127159.0	349.6776151374509
7157552.0	352.07094703049756
7187945.0	351.78715890850725
7218338.0	354.3791601866252
7248731.0	352.1918179355188
7279124.0	348.42230963753866
7309517.0	353.2532799644207
7327760.5	326.13427561837455
7342957.0	351.45035294117645
7370303.0	351.47537473233405
7400696.0	354.43120356612184
7431089.0	353.2551792173627
7461482.0	349.14324693042295
7491875.0	352.51408673630897
7522268.0	351.9559457794208
7552661.0	350.03508217446273
7583054.0	350.0419821059876
7613447.0	352.301900070373
7643840.0	359.4857042004942
7674233.0	351.66189219751226
7704626.0	348.0836884928322
7735019.0	354.05488565488565
7765412.0	349.74963325183376
7795805.0	352.03534195613616
7826198.0	339.78522229179714
7856591.0	354.3799086757991
7886984.0	349.28006392329206
7917377.0	345.62321307011575
7947770.0	352.6349331235248
7978163.0	350.710235131397
8008556.0	335.94964919521254
8038949.0	353.45864045864045
8069342.0	352.3728357060408
8099735.0	352.0517034068136
8130128.0	355.8383060635226
8160521.0	347.47915218902017
8190914.0	350.81117021276594
8221307.0	355.78118466898957
8251700.0	350.2079207920792
8282093.0	350.81051344743275
8312486.0	347.31476863397063
8342879.0	355.8281340265742
8373272.0	351.0825572615152
8398726.5	351.7879144133553
8413923.0	341.8843767625494
8434058.0	351.4754098360656
8464451.0	348.06347438752783
8494844.0	354.2041791044776
8525237.0	354.17157712305027
8555630.0	353.78448005026706
8586023.0	348.20212765957444
8616416.0	348.9656398104265
8646809.0	348.4524838012959
8677202.0	350.68919420720385
8707595.0	349.1432401378782
8737988.0	350.5392576730907
8768381.0	341.5453940804789
8798774.0	346.3795820486468
8829167.0	349.7039059218816
8859560.0	356.81169871794873
8889953.0	344.35645161290324
8920346.0	346.32512520868113
8950739.0	349.65189620758485
8981132.0	344.1421245421245
9011525.0	352.06336996336995
9041918.0	350.6404744255004
9072311.0	349.1474251093908
9102704.0	351.78680926916223
9133097.0	354.6262102351314
9163490.0	350.23861748089064
9193883.0	350.3293299620733
9224276.0	353.49417588817704
9254669.0	348.8546845124283
9285062.0	348.8253477588872
9315455.0	350.00996015936255
9332033.5	329.9439834024896
9347230.0	350.18745755037355
9376241.0	348.97736817545496
9406634.0	349.8614641586172
9437027.0	348.4322954380883
9467420.0	356.0074404761905
9497813.0	349.946014607812
9528206.0	357.63256784968684
9558599.0	354.9814569536424
9588992.0	354.99705449189986
9619385.0	353.21179815209666
9649778.0	355.34083850931677
9680171.0	345.71988282680337
9710564.0	350.9160274525636
9740957.0	357.62695547533093
9771350.0	357.569683085147
9801743.0	353.5238278247502
9832136.0	357.04564962934063
9862529.0	354.8123739071957
9892922.0	350.43774574049803
9923315.0	354.73365122615803
9953708.0	349.64407324124636
9984101.0	351.46579700922683
1.0014494E7	351.56129032258065
1.0044887E7	353.5369709331973
1.007528E7	353.1268656716418
1.01041125E7	342.0206161686356
1.0119309E7	333.5548705302096
1.0136066E7	350.5457252233092
1.0166459E7	352.0007447864945
1.0196852E7	348.09377421854816
1.0227245E7	347.45070063694266
1.0257638E7	352.0433355219961
1.0288031E7	351.3996644295302
1.0318424E7	354.56744666207845
1.0348817E7	349.78081705150976
1.037921E7	351.69794298087334
1.0409603E7	353.20410367170626
1.0439996E7	348.75525812619503
1.0470389E7	350.6825831702544
1.0500782E7	356.4970439189189
1.0531175E7	343.9709279171645
1.0561568E7	341.11776691116546
1.0591961E7	350.0952380952381
1.0622354E7	351.86551724137934
1.0652747E7	351.08595988538684
1.068314E7	350.58682634730536
1.0713533E7	347.74906494389666
1.0743926E7	351.30637346254196
1.0774319E7	355.62338187702267
1.0804712E7	352.2583441699176
1.0835105E7	347.13306598614656
1.0865498E7	350.8513365067741
1.0895891E7	352.98957557706626
1.0926284E7	350.843632639126
1.0956677E7	351.0473933649289
1.098707E7	353.9238197424893
1.1017463E7	350.34531360112754
1.1047856E7	352.1431840470742
1.1078249E7	352.74155653450805
1.1108642E7	347.62014563106794
1.1139035E7	353.0192557897476
1.1169428E7	350.17541152263374
1.1196832E7	356.98586826347304
1.12120285E7	354.7218124341412
1.1230214E7	349.6194165907019
1.1260607E7	347.3255974264706
1.1291E7	349.681340528259
1.1321393E7	355.1630666261028
1.1351786E7	351.283449587825
1.1382179E7	353.706729159692
1.1412572E7	346.23664122137404
1.1442965E7	347.4141706924316
1.1473358E7	357.19106796116506
1.1503751E7	347.46029962546817
1.1534144E7	355.31827111984285
1.1564537E7	350.1134099616858
1.159493E7	354.9734960033656
1.1625323E7	345.96849474912483
1.1655716E7	345.8552175587216
1.1686109E7	357.30693845550763
1.1716502E7	354.1372299872935
1.1746895E7	352.1663103890551
1.1777288E7	348.848085106383
1.1807681E7	346.79597367402243
1.1838074E7	353.4307452204448
1.1868467E7	348.67392134402445
1.189886E7	352.93982700263257
1.1929253E7	349.08800841514727
1.1959646E7	354.07881944444443
1.1990039E7	345.6834136269787
1.2020432E7	343.34827067669175
1.2050825E7	347.2759958613554
1.2081218E7	353.08554488989273
1.2111611E7	350.022702991453
1.21419565E7	350.25423037716615
