#Insert size (bp)	insert size
142.0	1.0
143.0	2.0
145.0	1.0
146.0	1.0
147.0	2.0
148.0	1.0
149.0	5.0
150.0	13.0
151.0	2121.0
152.0	4031.0
153.0	3987.0
154.0	4004.0
155.0	4114.0
156.0	3977.0
157.0	4125.0
158.0	4168.0
159.0	4294.0
160.0	4000.0
161.0	4007.0
162.0	3963.0
163.0	4107.0
164.0	4074.0
165.0	4014.0
166.0	4201.0
167.0	4281.0
168.0	3987.0
169.0	4120.0
170.0	4230.0
171.0	4157.0
172.0	4166.0
173.0	4172.0
174.0	4212.0
175.0	4122.0
176.0	4162.0
177.0	4122.0
178.0	4096.0
179.0	4122.0
180.0	4181.0
181.0	4057.0
182.0	4074.0
183.0	4162.0
184.0	4075.0
185.0	4163.0
186.0	4206.0
187.0	4230.0
188.0	4221.0
189.0	4260.0
190.0	4190.0
191.0	4166.0
192.0	4057.0
193.0	4109.0
194.0	4208.0
195.0	4300.0
196.0	4133.0
197.0	4346.0
198.0	4253.0
199.0	4092.0
200.0	4286.0
201.0	4273.0
202.0	4250.0
203.0	4202.0
204.0	4209.0
205.0	4126.0
206.0	4144.0
207.0	4217.0
208.0	4213.0
209.0	4242.0
210.0	4283.0
211.0	4156.0
212.0	4327.0
213.0	4336.0
214.0	4192.0
215.0	4127.0
216.0	4176.0
217.0	4181.0
218.0	4111.0
219.0	4319.0
220.0	4351.0
221.0	4408.0
222.0	4295.0
223.0	4288.0
224.0	4232.0
225.0	4261.0
226.0	4170.0
227.0	4326.0
228.0	4217.0
229.0	4148.0
230.0	4233.0
231.0	4157.0
232.0	4196.0
233.0	4187.0
234.0	4246.0
235.0	4208.0
236.0	4267.0
237.0	4112.0
238.0	4176.0
239.0	4198.0
240.0	4308.0
241.0	4311.0
242.0	4070.0
243.0	4369.0
244.0	4287.0
245.0	4195.0
246.0	4111.0
247.0	4151.0
248.0	4217.0
249.0	4135.0
250.0	4199.0
251.0	4108.0
252.0	4105.0
253.0	4064.0
254.0	4133.0
255.0	4079.0
256.0	4039.0
257.0	3970.0
258.0	4245.0
259.0	4069.0
260.0	4019.0
261.0	4117.0
262.0	4084.0
263.0	3976.0
264.0	4109.0
265.0	3913.0
266.0	3832.0
267.0	3912.0
268.0	3798.0
269.0	3868.0
270.0	3866.0
271.0	3827.0
272.0	3825.0
273.0	3754.0
274.0	3790.0
275.0	3745.0
276.0	3789.0
277.0	3755.0
278.0	3700.0
279.0	3637.0
280.0	3689.0
281.0	3656.0
282.0	3777.0
283.0	3763.0
284.0	3862.0
285.0	3629.0
286.0	3804.0
287.0	3677.0
288.0	3800.0
289.0	3698.0
290.0	3826.0
291.0	3663.0
292.0	3693.0
293.0	3717.0
294.0	3797.0
295.0	3675.0
296.0	3702.0
297.0	3632.0
298.0	3548.0
299.0	3635.0
300.0	3550.0
301.0	3516.0
302.0	3632.0
303.0	3631.0
304.0	3661.0
305.0	3570.0
306.0	3512.0
307.0	3662.0
308.0	3418.0
309.0	3525.0
310.0	3609.0
311.0	3497.0
312.0	3558.0
313.0	3483.0
314.0	3517.0
315.0	3368.0
316.0	3360.0
317.0	3402.0
318.0	3482.0
319.0	3416.0
320.0	3462.0
321.0	3317.0
322.0	3399.0
323.0	3442.0
324.0	3478.0
325.0	3378.0
326.0	3309.0
327.0	3342.0
328.0	3412.0
329.0	3431.0
330.0	3313.0
331.0	3230.0
332.0	3377.0
333.0	3313.0
334.0	3427.0
335.0	3236.0
336.0	3295.0
337.0	3315.0
338.0	3227.0
339.0	3211.0
340.0	3334.0
341.0	3238.0
342.0	3168.0
343.0	3171.0
344.0	3294.0
345.0	3188.0
346.0	3174.0
347.0	3109.0
348.0	3170.0
349.0	3090.0
350.0	3202.0
351.0	3132.0
352.0	3154.0
353.0	3119.0
354.0	3185.0
355.0	3051.0
356.0	3067.0
357.0	2989.0
358.0	2969.0
359.0	3160.0
360.0	2975.0
361.0	3032.0
362.0	2989.0
363.0	3053.0
364.0	3049.0
365.0	3006.0
366.0	2985.0
367.0	2940.0
368.0	2857.0
369.0	2985.0
370.0	2975.0
371.0	2868.0
372.0	2894.0
373.0	2973.0
374.0	2842.0
375.0	2896.0
376.0	2821.0
377.0	2868.0
378.0	2785.0
379.0	2901.0
380.0	2824.0
381.0	2794.0
382.0	2867.0
383.0	2779.0
384.0	2746.0
385.0	2758.0
386.0	2722.0
387.0	2639.0
388.0	2698.0
389.0	2755.0
390.0	2731.0
391.0	2759.0
392.0	2649.0
393.0	2627.0
394.0	2641.0
395.0	2617.0
396.0	2764.0
397.0	2645.0
398.0	2635.0
399.0	2694.0
400.0	2660.0
401.0	2625.0
402.0	2618.0
403.0	2562.0
404.0	2422.0
405.0	2557.0
406.0	2436.0
407.0	2393.0
408.0	2413.0
409.0	2450.0
410.0	2491.0
411.0	2472.0
412.0	2476.0
413.0	2491.0
414.0	2459.0
415.0	2356.0
416.0	2488.0
417.0	2349.0
418.0	2411.0
419.0	2355.0
420.0	2395.0
421.0	2431.0
422.0	2320.0
423.0	2250.0
424.0	2347.0
425.0	2210.0
426.0	2316.0
427.0	2314.0
428.0	2263.0
429.0	2208.0
430.0	2175.0
431.0	2214.0
432.0	2246.0
433.0	2238.0
434.0	2192.0
435.0	2278.0
436.0	2225.0
437.0	2188.0
438.0	2164.0
439.0	2201.0
440.0	2097.0
441.0	2138.0
442.0	2142.0
443.0	2115.0
444.0	2104.0
445.0	2151.0
446.0	2074.0
447.0	2123.0
448.0	2037.0
449.0	2072.0
450.0	2112.0
451.0	1982.0
452.0	2050.0
453.0	2025.0
454.0	1953.0
455.0	1929.0
456.0	1927.0
457.0	1842.0
458.0	1913.0
459.0	1920.0
460.0	1846.0
461.0	1941.0
462.0	1945.0
463.0	1918.0
464.0	1843.0
465.0	1832.0
466.0	1840.0
467.0	1858.0
468.0	1825.0
469.0	1922.0
470.0	1816.0
471.0	1888.0
472.0	1877.0
473.0	1777.0
474.0	1843.0
475.0	1804.0
476.0	1889.0
477.0	1843.0
478.0	1771.0
479.0	1762.0
480.0	1804.0
481.0	1754.0
482.0	1781.0
483.0	1659.0
484.0	1717.0
485.0	1714.0
486.0	1808.0
487.0	1694.0
488.0	1735.0
489.0	1695.0
490.0	1670.0
491.0	1613.0
492.0	1667.0
493.0	1692.0
494.0	1713.0
495.0	1626.0
496.0	1600.0
497.0	1589.0
498.0	1610.0
499.0	1563.0
500.0	1609.0
501.0	1601.0
502.0	1562.0
503.0	1524.0
504.0	1588.0
505.0	1480.0
506.0	1429.0
507.0	1440.0
508.0	1551.0
509.0	1488.0
510.0	1513.0
511.0	1510.0
512.0	1423.0
513.0	1494.0
514.0	1462.0
515.0	1541.0
516.0	1474.0
517.0	1420.0
518.0	1389.0
519.0	1398.0
520.0	1451.0
521.0	1406.0
522.0	1411.0
523.0	1433.0
524.0	1416.0
525.0	1347.0
526.0	1396.0
527.0	1326.0
528.0	1398.0
529.0	1413.0
530.0	1359.0
531.0	1351.0
532.0	1295.0
533.0	1370.0
534.0	1325.0
535.0	1241.0
536.0	1271.0
537.0	1337.0
538.0	1269.0
539.0	1271.0
540.0	1295.0
541.0	1245.0
542.0	1243.0
543.0	1289.0
544.0	1307.0
545.0	1181.0
546.0	1199.0
547.0	1233.0
548.0	1190.0
549.0	1220.0
550.0	1208.0
551.0	1064.0
552.0	1183.0
553.0	1128.0
554.0	1197.0
555.0	1199.0
556.0	1139.0
557.0	1140.0
558.0	1084.0
559.0	1183.0
560.0	1168.0
561.0	1101.0
562.0	1099.0
563.0	1148.0
564.0	1146.0
565.0	1094.0
566.0	1086.0
567.0	1082.0
568.0	1085.0
569.0	1111.0
570.0	1085.0
571.0	1059.0
572.0	1069.0
573.0	1039.0
574.0	1022.0
575.0	1070.0
576.0	1066.0
577.0	997.0
578.0	1042.0
579.0	1036.0
580.0	994.0
581.0	1007.0
582.0	989.0
583.0	966.0
584.0	957.0
585.0	1015.0
586.0	1021.0
587.0	961.0
588.0	998.0
589.0	899.0
590.0	981.0
591.0	929.0
592.0	891.0
593.0	942.0
594.0	917.0
595.0	967.0
596.0	908.0
597.0	916.0
598.0	915.0
599.0	909.0
600.0	935.0
601.0	920.0
602.0	863.0
603.0	921.0
604.0	843.0
605.0	873.0
606.0	906.0
607.0	853.0
608.0	901.0
609.0	848.0
610.0	861.0
611.0	808.0
612.0	748.0
613.0	799.0
614.0	758.0
615.0	846.0
616.0	810.0
617.0	745.0
618.0	765.0
619.0	809.0
620.0	827.0
621.0	787.0
622.0	750.0
623.0	790.0
624.0	792.0
625.0	819.0
626.0	766.0
627.0	740.0
628.0	728.0
629.0	746.0
630.0	774.0
631.0	784.0
632.0	718.0
633.0	745.0
634.0	724.0
635.0	741.0
636.0	704.0
637.0	735.0
638.0	696.0
639.0	731.0
640.0	714.0
641.0	695.0
642.0	699.0
643.0	690.0
644.0	704.0
645.0	685.0
646.0	683.0
647.0	648.0
648.0	634.0
649.0	668.0
650.0	672.0
651.0	652.0
652.0	633.0
653.0	625.0
654.0	620.0
655.0	623.0
656.0	601.0
657.0	593.0
658.0	608.0
659.0	584.0
660.0	625.0
661.0	595.0
662.0	586.0
663.0	568.0
664.0	528.0
665.0	591.0
666.0	606.0
667.0	567.0
668.0	595.0
669.0	554.0
670.0	501.0
671.0	568.0
672.0	567.0
673.0	555.0
674.0	561.0
675.0	529.0
676.0	537.0
677.0	544.0
678.0	529.0
679.0	564.0
680.0	508.0
681.0	490.0
682.0	533.0
683.0	493.0
684.0	490.0
685.0	488.0
686.0	483.0
687.0	525.0
688.0	507.0
689.0	507.0
690.0	465.0
691.0	468.0
692.0	457.0
693.0	472.0
694.0	504.0
695.0	480.0
696.0	430.0
697.0	436.0
698.0	443.0
699.0	451.0
700.0	471.0
701.0	477.0
702.0	466.0
703.0	420.0
704.0	406.0
705.0	402.0
706.0	430.0
707.0	405.0
708.0	423.0
709.0	421.0
710.0	409.0
711.0	412.0
712.0	378.0
713.0	407.0
714.0	417.0
715.0	373.0
716.0	389.0
717.0	386.0
718.0	351.0
719.0	394.0
720.0	406.0
721.0	365.0
722.0	401.0
723.0	375.0
724.0	382.0
725.0	326.0
726.0	360.0
727.0	345.0
728.0	339.0
729.0	299.0
730.0	357.0
731.0	358.0
732.0	363.0
733.0	313.0
734.0	346.0
735.0	319.0
736.0	333.0
737.0	303.0
738.0	349.0
739.0	345.0
740.0	320.0
741.0	306.0
742.0	291.0
743.0	291.0
744.0	323.0
745.0	301.0
746.0	296.0
747.0	277.0
748.0	303.0
749.0	299.0
750.0	284.0
751.0	276.0
752.0	284.0
753.0	275.0
754.0	255.0
755.0	285.0
756.0	297.0
757.0	280.0
758.0	262.0
759.0	274.0
760.0	255.0
761.0	227.0
762.0	290.0
763.0	308.0
764.0	223.0
765.0	257.0
766.0	267.0
767.0	226.0
768.0	278.0
769.0	237.0
770.0	218.0
771.0	230.0
772.0	202.0
773.0	234.0
774.0	239.0
775.0	258.0
776.0	207.0
777.0	238.0
778.0	226.0
779.0	240.0
780.0	229.0
781.0	231.0
782.0	219.0
783.0	202.0
784.0	203.0
785.0	236.0
786.0	206.0
787.0	207.0
788.0	200.0
789.0	213.0
790.0	220.0
791.0	201.0
792.0	207.0
793.0	187.0
794.0	181.0
795.0	199.0
796.0	173.0
797.0	198.0
798.0	180.0
799.0	180.0
800.0	177.0
801.0	157.0
802.0	157.0
803.0	143.0
804.0	158.0
805.0	146.0
806.0	155.0
807.0	147.0
808.0	127.0
809.0	123.0
810.0	122.0
811.0	139.0
812.0	124.0
813.0	118.0
814.0	123.0
815.0	102.0
816.0	127.0
817.0	106.0
818.0	117.0
819.0	119.0
820.0	110.0
821.0	111.0
822.0	126.0
823.0	108.0
824.0	120.0
825.0	103.0
826.0	108.0
827.0	87.0
828.0	93.0
829.0	112.0
830.0	107.0
831.0	103.0
832.0	117.0
833.0	99.0
834.0	85.0
835.0	89.0
836.0	95.0
837.0	94.0
838.0	89.0
839.0	75.0
840.0	89.0
841.0	80.0
842.0	79.0
843.0	86.0
844.0	71.0
845.0	92.0
846.0	86.0
847.0	75.0
848.0	91.0
849.0	78.0
850.0	78.0
851.0	77.0
852.0	72.0
853.0	78.0
854.0	86.0
855.0	67.0
856.0	80.0
857.0	61.0
858.0	79.0
859.0	69.0
860.0	64.0
861.0	66.0
862.0	64.0
863.0	57.0
864.0	63.0
865.0	64.0
866.0	39.0
867.0	68.0
868.0	63.0
869.0	56.0
870.0	61.0
871.0	58.0
872.0	53.0
873.0	41.0
874.0	60.0
875.0	50.0
876.0	50.0
877.0	55.0
878.0	52.0
879.0	57.0
880.0	32.0
