# Position (bp)	A	C	G	T	N
0.0	27.254276996839927	21.929318638210432	34.65503821665966	16.160626722084714	7.394262052647146E-4
1.0	22.87929716217064	18.808085330870934	12.668053833002421	45.64351787655097	0.001045797405028039
2.0	32.60811644334037	19.79643052679646	13.773281391135072	33.82170961087244	4.6202785565941767E-4
3.0	21.293934463648515	22.15573510322625	10.711658959506476	45.83851776592008	1.5370769868064998E-4
4.0	40.33706093635455	9.765498975935344	9.905557416096325	39.99176758661777	1.1508499602381338E-4
5.0	44.842325861164	10.76386999881232	22.533973403623577	21.859830736400102	0.0
6.0	34.6707715766115	14.280088150440562	20.20796798537664	30.841172287571293	0.0
7.0	40.738298014700966	15.373612823674476	19.24491727124136	24.6431718903832	0.0
8.0	18.530234157148858	32.083769433515414	22.414110546621338	26.97188586271439	0.0
9.0	30.37948739870088	18.983110102832462	13.620578247974208	37.01682425049245	0.0
10.0	27.62246415969144	15.358982738915369	28.155859627793923	28.862693473599272	0.0
11.0	27.609595166522315	18.50959642397031	17.844139701710475	36.036668707796906	0.0
12.0	25.31272286013341	20.479468406357526	23.635805658538963	30.57196499956023	3.8075409872268426E-5
13.0	23.88133013735114	26.400601149031694	18.307156717269716	31.41091199634745	0.0
14.0	32.82411404626315	20.549359179804895	20.23563082704223	26.39089594688973	0.0
15.0	32.68926111518458	18.87125267360887	19.421436739469875	29.018049471736678	0.0
16.0	31.828379881481595	18.40201352218329	18.389485952038388	31.380120644296728	0.0
17.0	31.932550596536487	18.282885377743213	18.613417803152444	31.17114622256786	0.0
18.0	31.60388534420961	18.289230918532947	19.223264755130288	30.88361898212716	0.0
19.0	30.996109509540602	18.96608416642359	19.151782162839943	30.88598627910765	3.788208821223061E-5
20.0	30.758427285302304	19.032343301289597	19.26243130105338	30.946798112354717	0.0
21.0	30.45839865384266	19.223107117564812	19.34306735023697	30.975426878355556	0.0
22.0	30.57215563915772	19.289227834304388	19.18064835408706	30.957930366225128	3.780622570241132E-5
23.0	30.833670227034872	19.233280311932084	19.189792687580525	30.743105643567723	1.5112988480124533E-4
24.0	30.59552930105964	19.25146492081989	19.258828229490543	30.894177548629937	0.0
25.0	30.725539122007774	19.376013259548415	19.16041728934013	30.73772842681738	3.019022863060142E-4
26.0	30.94267094564295	19.21051152724981	19.231292899295582	30.61522290190174	3.0172590992048393E-4
27.0	30.668278942275833	19.218621783285883	19.410368495189747	30.702429231441336	3.0154780720088626E-4
28.0	30.87551336694124	19.265792037321805	19.2518536210122	30.606388917979576	4.5205674517636614E-4
29.0	30.47143193836928	18.914467120318	19.09989089175845	30.044787841320925	1.4694222082333424
30.0	30.59601128880527	19.25087488240828	19.469840075258702	30.68255879586077	7.149576669802446E-4
31.0	30.741763872930743	19.461725209816972	19.123535794408518	30.67297512284377	0.0
32.0	30.817813387745712	19.358208601751986	19.20806832923649	30.61466916324052	0.0012405180252907794
33.0	30.564490827282377	19.25175422940718	19.429177977962933	30.754088505218068	4.884601294419343E-4
34.0	30.61583949964003	19.43469147936154	19.270273325464196	30.679120584454335	7.511107989828458E-5
35.0	30.71601647913362	19.155022100432625	19.43246464400004	30.696346624874483	1.5015155923009786E-4
36.0	30.71412678586102	19.250246982276185	19.38945005780117	30.645913526749315	2.6264731231129257E-4
37.0	30.682213687779413	19.378994269255003	19.37164331363077	30.5663611269465	7.876023883104804E-4
38.0	30.79833696980603	19.3498961543364	19.308882740625773	30.542734177594827	1.4995763696755668E-4
39.0	30.663268938897115	19.271112443553374	19.42629616444003	30.63868537915269	6.370739567913958E-4
40.0	30.636380357503416	19.237919921542098	19.313440898280064	30.811996597060748	2.622256136734924E-4
41.0	30.779413758263846	19.285371368568953	19.291063472198193	30.644151400969005	0.0
42.0	30.61792873784896	19.28590359425255	19.43219524320051	30.66333604853828	6.363761597019663E-4
43.0	30.608822817318725	19.462220294642744	19.252963996465994	30.675431581759828	5.613098127058838E-4
44.0	30.803854503311285	19.310561801451705	19.31838034246706	30.56694148775987	2.618650100836734E-4
45.0	30.58107097831498	19.284797744694682	19.45503769251569	30.679093584474654	0.0
46.0	30.632727675148175	19.401612355083017	19.270832359711537	30.694827610057274	0.0
47.0	30.782324239993603	19.290972169790514	19.382321698353692	30.544381891862194	0.0
48.0	30.54065607855066	19.2455986027334	19.49353569883135	30.720209619884592	0.0
49.0	30.640939812939987	19.470163494456788	19.233648686410728	30.65479970770939	4.4829848310736593E-4
50.0	30.739667291646434	19.328009800479567	19.3589724436211	30.5733504642529	0.0
51.0	30.483099526112362	19.387870552612505	19.471438477316237	30.657591443958893	0.0
52.0	30.62188167878375	19.42905673408058	19.29052067681453	30.658540910321143	0.0
53.0	30.646943800506037	19.386255677409313	19.37054237757529	30.59625814450936	0.0
54.0	30.599722590099443	19.276890829837722	19.381152769863597	30.742233810199238	0.0
55.0	30.56707283176005	19.461189214680743	19.346163618407527	30.62557433515168	0.0
56.0	30.705687194421614	19.311527963720966	19.31540743597845	30.667377405878966	0.0
57.0	30.545594372158263	19.45155247141156	19.425668934646307	30.5771096294589	7.459232497190666E-5
58.0	30.573333676403518	19.503018085392405	19.328387902002746	30.595260336201324	0.0
59.0	30.655234177857054	19.340403510132496	19.383579213620557	30.620783098389897	0.0
60.0	30.503458359148937	19.424817128588927	19.47574004114094	30.595760798006026	2.2367311516257682E-4
61.0	30.55628445934059	19.352171851657477	19.37852420838564	30.713019480616293	0.0
62.0	30.753658123901033	19.33936492390074	19.28774756764855	30.61896850260472	2.6088194495689114E-4
63.0	30.480525186292894	19.42107877533544	19.43162453517607	30.66677150319559	0.0
64.0	30.49329860606535	19.45196495973947	19.30612533860949	30.74797765829412	6.334372915711853E-4
65.0	30.690948623698716	19.348133698051996	19.343737402564308	30.61680770827077	3.7256741421076435E-4
66.0	30.53900045523939	19.353932605198672	19.45354881827753	30.653518121284417	0.0
67.0	30.670882482881318	19.51697414857325	19.17493576070574	30.637207607839688	0.0
68.0	30.718556205286024	19.402891120544805	19.493180437463657	30.38537223670551	0.0
69.0	30.531380022250552	19.367144193197678	19.542869189165835	30.55827138449918	3.352108867557061E-4
70.0	30.533435680045113	19.529711645215944	19.30457122575085	30.63190900826111	3.7244072698940144E-4
71.0	30.753110415997075	19.380870145555587	19.40183777756508	30.464181660882257	0.0
72.0	30.60644226200141	19.38495524469066	19.388493066613837	30.620109426694096	0.0
73.0	30.43423374174324	19.582709894413217	19.29038562226342	30.69267074158013	0.0
74.0	30.75137099876334	19.31653193448698	19.364345132344624	30.567751934405056	0.0
75.0	30.52057298105653	19.317443838383237	19.39616394038423	30.765819240176	0.0
76.0	30.596117339259525	19.435050296446292	19.224547734146398	30.743800545005396	4.8408514238433526E-4
77.0	30.73293455719352	19.408218492483194	19.31214281165852	30.546704138664765	0.0
78.0	30.527898683493166	19.318523748663086	19.420375021226775	30.732941866943136	2.606796738375921E-4
79.0	30.478677129978042	19.584484089033484	19.381109432770543	30.55572934821793	0.0
80.0	30.661239424009107	19.435912390925346	19.36380738279305	30.5390408022725	0.0
81.0	30.496360125072396	19.411623389804625	19.408345733180127	30.68367075194285	0.0
82.0	30.454990743741316	19.64401583807321	19.235846491375103	30.665146926810372	0.0
83.0	30.649602603416987	19.523578565915383	19.21759660745204	30.609035966849348	1.8625636624259817E-4
84.0	30.456490647814892	19.4398486870953	19.392758990536983	30.710305602444492	5.960721083331254E-4
85.0	30.522065310696746	19.431772795555343	19.266051969574132	30.779625578234537	4.843459392436454E-4
86.0	30.705092544118358	19.316761229728435	19.302303831173358	30.6753207362691	5.216587107503054E-4
87.0	30.41878286559887	19.45349057767433	19.406797251466106	30.720556653016416	3.726522442795086E-4
88.0	30.46796733374678	19.63176670880641	19.255006082434882	30.64488717679611	3.726982158191012E-4
89.0	30.559090390640897	19.621428480905553	19.265199107506948	30.55361108564042	6.709353061813269E-4
90.0	30.585591026489865	19.440393321761537	19.44602264254484	30.52743380515243	5.59204051321511E-4
91.0	30.496721249739462	19.572313902445483	19.384653129587353	30.54627443216117	3.72860665325114E-5
92.0	30.663202538504365	19.567351922132445	19.379141916012916	30.387618638123286	0.0026849852269875325
93.0	30.470485777637705	19.462099497792938	19.37090779567837	30.69605936225484	4.4756663614510853E-4
94.0	30.426205927161654	19.683244077240218	19.278570032335125	30.61168153107649	2.984321865081793E-4
95.0	30.694023505111407	19.524151895598173	19.292936340540926	30.488776326094154	1.1193265534480295E-4
96.0	30.500655491895074	19.56392342779905	19.396216022363973	30.53916773987216	3.731806974523327E-5
97.0	30.4919529452866	19.62463127696955	19.404899784598193	30.47851599314566	0.0
98.0	30.45521981857809	19.566955795861894	19.417886387682007	30.559042013456196	8.959844218175193E-4
99.0	30.415866134160847	19.538071738915306	19.496135971963156	30.549739441839797	1.867131208911444E-4
100.0	30.418499059867433	19.68063132684566	19.417864834559825	30.482967427413328	3.7351313757758803E-5
101.0	30.555214119966063	19.556326348993334	19.411889754454055	30.47645769438696	1.1208219959075053E-4
102.0	30.394009288920714	19.532070992826274	19.549224254038677	30.52454598045649	1.4948375784229164E-4
103.0	30.38534961967429	19.74015468709524	19.36429592177353	30.50945216575764	7.47605699297288E-4
104.0	30.612691302445754	19.575685286210522	19.389365210530844	30.422220809667856	3.739114502903423E-5
105.0	30.372347408551352	19.574635359258604	19.46946113921035	30.5835560929797	0.0
106.0	30.39127874392123	19.66820885459809	19.341214130661704	30.59821327688372	0.0010849939352580377
107.0	30.522732401714237	19.576800566172114	19.47249585419646	30.4271852435966	7.859343205915915E-4
108.0	30.318395793758175	19.56326247305395	19.643567129076725	30.47323964332004	0.0015349607911113042
109.0	30.42136671439277	19.673891997182125	19.43906906752826	30.465297702667733	3.7451822911302473E-4
110.0	30.423416305231083	19.607735152293728	19.499238915382303	30.469572162922688	3.746417020422094E-5
111.0	30.34078272800833	19.54327686165219	19.579293908471726	30.536646501867754	0.0
112.0	30.370832506924028	19.612576818572258	19.52094380504214	30.495271938964315	3.749304972590706E-4
113.0	30.536196810545697	19.526030406191065	19.597222243060482	30.34036299584852	1.8754435423977772E-4
114.0	30.48457637326659	19.5674517478109	19.643251823235726	30.30472005568679	0.0
115.0	30.25041182203282	19.85898192487946	19.43484652590387	30.455759727183857	0.0
116.0	30.49126353400106	19.629658425043598	19.477430843118455	30.401421842423233	2.253554136567634E-4
117.0	30.30671623787869	19.573376441349126	19.66709278669724	30.452814534074946	0.0
118.0	30.306359224687995	19.6719856956168	19.585027016215744	30.43659046785499	3.759562447084159E-5
119.0	30.40754992345509	19.52117115592217	19.585604291028634	30.48548655856344	1.8807103066686225E-4
120.0	30.245332510415057	19.608386239702543	19.719781274344143	30.426311808250006	1.881672882459422E-4
121.0	30.293497022330264	19.769949784770358	19.613949712474884	30.322603480424494	0.0
122.0	30.44236364821441	19.624266121220593	19.6049384018425	30.32594522155105	0.002486607171450434
123.0	30.274442182946125	19.55521660307538	19.707405931576254	30.461050351407685	0.00188493099456122
124.0	30.37690726315988	19.57039663529545	19.693857150940193	30.35883895060448	0.0
125.0	30.42675808562186	19.58322497902424	19.69558635313176	30.292996342310797	0.001434239911348876
126.0	30.269734193497705	19.5095597737952	19.83665336538934	30.383335108347627	7.17558970129153E-4
127.0	30.274526964649368	19.74491556199483	19.670319745482402	30.308650582841224	0.0015871450321793656
128.0	30.409032334177304	19.54271898698949	19.71223217445754	30.335373692823804	6.42811551852961E-4
129.0	30.193797760359104	19.665094344976737	19.728393314751006	30.409649895781822	0.003064684131330417
130.0	30.26777841257798	19.629789065863108	19.762907803915645	30.33812386630426	0.0014008513390056454
131.0	30.234057756321995	19.58878304969929	19.857287585141357	30.31869711460866	0.0011744942286869078
132.0	30.149320503560983	19.628414306106084	19.903776707366312	30.317464830917324	0.001023652049294533
133.0	30.097443211243814	19.728731272923323	19.802260433609582	30.370692445125353	8.726370979277144E-4
134.0	30.21107533262789	19.579360459928797	19.89198872047563	30.31681612757845	7.59359389232056E-4
135.0	30.178300570549666	19.60094199968995	19.94355297114423	30.27705247415504	1.5198446110869626E-4
136.0	30.17043389117966	19.748611721617294	19.83390091395944	30.246597177965807	4.562952778001701E-4
137.0	30.292822704319466	19.543166138355396	19.867801679687354	30.294991761388502	0.0012177162492817378
138.0	30.060718414923386	19.50350585629569	20.033002118899027	30.401859634745072	9.139751368296945E-4
139.0	30.095352790079044	19.779949236644132	19.85777113805956	30.26578351639138	0.0011433188258877871
140.0	30.249387753389623	19.596010680799925	19.982142727738385	30.171848593825622	6.102442464456133E-4
141.0	30.168857224872202	19.595202250004583	20.009672759920115	30.224130138701423	0.0021376265016826174
142.0	30.03803922812114	19.69489918286527	20.022303205159307	30.24349766824918	0.0012607156050995563
143.0	30.205820419609513	19.631536825860408	20.05769257976607	30.103650103374797	0.0013000713892142254
144.0	30.039014938821225	19.633857449449568	20.04295356062511	30.282604726575823	0.0015693245282744433
145.0	30.05075352469933	19.658618750067053	19.992965161456443	30.296628028697235	0.001034535079935077
146.0	30.14093140310386	19.56231135019273	20.021534223266244	30.274302429638823	9.205937983431614E-4
147.0	29.976167317417218	19.680210268490306	20.21033763735293	30.132093910910946	0.0011908658286044437
148.0	29.996587121327263	19.712510181882962	20.013166708926853	30.276697118368407	0.001038869494520733
149.0	30.10419573949865	19.598027492624777	20.151735505326304	30.14553803239331	5.03230156957486E-4
150.0	29.9094334895746	19.475826043522186	20.230281137027703	30.38352569461491	9.336352606028872E-4
