#Coverage	Number of genomic locations
0.0	114628.0
1.0	18784.0
2.0	35120.0
3.0	40274.0
4.0	56322.0
5.0	69043.0
6.0	91146.0
7.0	111663.0
8.0	136591.0
9.0	165881.0
10.0	202204.0
11.0	239222.0
12.0	279959.0
13.0	316518.0
14.0	354338.0
15.0	391191.0
16.0	426662.0
17.0	453016.0
18.0	475526.0
19.0	494627.0
20.0	505218.0
21.0	510533.0
22.0	513731.0
23.0	502279.0
24.0	489348.0
25.0	472486.0
26.0	448578.0
27.0	421849.0
28.0	399802.0
29.0	368306.0
30.0	341517.0
31.0	313141.0
32.0	284578.0
33.0	257947.0
34.0	232152.0
35.0	209401.0
36.0	183728.0
37.0	160443.0
38.0	141745.0
39.0	125949.0
40.0	109152.0
41.0	93947.0
42.0	82217.0
43.0	69190.0
44.0	60171.0
45.0	50393.0
46.0	44365.0
47.0	37374.0
48.0	32057.0
49.0	26982.0
50.0	23799.0
51.0	20184.0
52.0	17059.0
53.0	14871.0
54.0	12813.0
55.0	10816.0
56.0	9069.0
57.0	8038.0
58.0	6933.0
59.0	6089.0
60.0	5472.0
61.0	4679.0
62.0	4242.0
63.0	3614.0
64.0	2899.0
65.0	2602.0
66.0	2287.0
67.0	1976.0
68.0	1677.0
69.0	1454.0
70.0	1365.0
71.0	1103.0
72.0	1161.0
73.0	886.0
74.0	809.0
75.0	712.0
76.0	575.0
77.0	602.0
78.0	564.0
79.0	472.0
80.0	403.0
81.0	408.0
82.0	287.0
83.0	278.0
84.0	303.0
85.0	326.0
86.0	290.0
87.0	274.0
88.0	251.0
89.0	241.0
90.0	217.0
91.0	184.0
92.0	196.0
93.0	153.0
94.0	189.0
95.0	161.0
96.0	185.0
97.0	146.0
98.0	169.0
99.0	198.0
100.0	108.0
101.0	134.0
102.0	118.0
103.0	115.0
104.0	99.0
105.0	89.0
106.0	91.0
107.0	104.0
108.0	84.0
109.0	102.0
110.0	110.0
111.0	91.0
112.0	85.0
113.0	98.0
114.0	57.0
115.0	56.0
116.0	57.0
117.0	63.0
118.0	76.0
119.0	63.0
120.0	47.0
121.0	32.0
122.0	50.0
123.0	37.0
124.0	45.0
125.0	44.0
126.0	49.0
127.0	24.0
128.0	33.0
129.0	61.0
130.0	32.0
131.0	38.0
132.0	25.0
133.0	22.0
134.0	59.0
135.0	43.0
136.0	36.0
137.0	55.0
138.0	23.0
139.0	27.0
140.0	21.0
141.0	29.0
142.0	23.0
143.0	37.0
144.0	34.0
145.0	32.0
146.0	32.0
147.0	65.0
148.0	23.0
149.0	19.0
150.0	46.0
151.0	32.0
152.0	20.0
153.0	25.0
154.0	20.0
155.0	40.0
156.0	30.0
157.0	26.0
158.0	48.0
159.0	29.0
160.0	42.0
161.0	31.0
162.0	25.0
163.0	30.0
164.0	16.0
165.0	24.0
166.0	12.0
167.0	13.0
168.0	13.0
169.0	34.0
170.0	23.0
171.0	33.0
172.0	34.0
173.0	32.0
174.0	16.0
175.0	16.0
176.0	10.0
177.0	27.0
178.0	23.0
179.0	27.0
180.0	39.0
181.0	21.0
182.0	31.0
183.0	44.0
184.0	21.0
185.0	27.0
186.0	37.0
187.0	13.0
188.0	20.0
189.0	11.0
190.0	12.0
191.0	22.0
192.0	22.0
193.0	21.0
194.0	15.0
195.0	23.0
196.0	19.0
197.0	11.0
198.0	19.0
199.0	18.0
200.0	17.0
201.0	18.0
202.0	15.0
203.0	15.0
204.0	11.0
205.0	11.0
206.0	14.0
207.0	8.0
208.0	7.0
209.0	12.0
210.0	11.0
211.0	16.0
212.0	7.0
213.0	7.0
214.0	13.0
215.0	10.0
216.0	10.0
217.0	10.0
218.0	14.0
219.0	16.0
220.0	13.0
221.0	17.0
222.0	10.0
223.0	11.0
224.0	9.0
225.0	12.0
226.0	15.0
227.0	16.0
228.0	17.0
229.0	9.0
230.0	13.0
231.0	13.0
232.0	6.0
233.0	5.0
234.0	11.0
235.0	7.0
236.0	8.0
237.0	7.0
238.0	7.0
239.0	9.0
240.0	5.0
241.0	3.0
242.0	7.0
243.0	4.0
244.0	2.0
245.0	2.0
246.0	3.0
247.0	2.0
248.0	4.0
249.0	1.0
250.0	4.0
251.0	9.0
252.0	1.0
253.0	6.0
254.0	6.0
255.0	5.0
256.0	6.0
257.0	6.0
258.0	6.0
259.0	4.0
260.0	7.0
261.0	2.0
262.0	3.0
263.0	5.0
264.0	1.0
265.0	1.0
266.0	6.0
267.0	5.0
268.0	1.0
269.0	2.0
270.0	2.0
271.0	2.0
273.0	1.0
274.0	1.0
275.0	3.0
276.0	1.0
277.0	1.0
278.0	1.0
279.0	1.0
280.0	3.0
281.0	2.0
283.0	3.0
284.0	1.0
285.0	2.0
286.0	1.0
288.0	1.0
292.0	3.0
293.0	1.0
296.0	2.0
298.0	1.0
300.0	2.0
302.0	1.0
303.0	2.0
304.0	3.0
305.0	2.0
306.0	6.0
307.0	2.0
308.0	3.0
309.0	1.0
310.0	1.0
311.0	1.0
312.0	4.0
313.0	6.0
314.0	4.0
315.0	5.0
316.0	2.0
317.0	2.0
318.0	1.0
319.0	1.0
320.0	1.0
321.0	1.0
322.0	1.0
323.0	1.0
324.0	2.0
325.0	6.0
326.0	2.0
327.0	1.0
328.0	5.0
329.0	2.0
330.0	1.0
331.0	4.0
333.0	2.0
334.0	2.0
335.0	1.0
336.0	3.0
337.0	2.0
338.0	5.0
339.0	3.0
340.0	4.0
341.0	1.0
342.0	1.0
343.0	2.0
346.0	2.0
348.0	3.0
350.0	1.0
351.0	4.0
352.0	6.0
353.0	9.0
354.0	6.0
355.0	5.0
356.0	7.0
357.0	3.0
358.0	3.0
359.0	3.0
360.0	3.0
361.0	3.0
362.0	3.0
363.0	1.0
364.0	1.0
365.0	3.0
366.0	3.0
367.0	11.0
368.0	3.0
369.0	2.0
370.0	5.0
371.0	4.0
372.0	8.0
373.0	9.0
374.0	9.0
375.0	7.0
376.0	6.0
377.0	3.0
378.0	11.0
379.0	7.0
380.0	5.0
381.0	6.0
382.0	5.0
383.0	9.0
384.0	4.0
385.0	9.0
386.0	11.0
387.0	8.0
388.0	7.0
389.0	9.0
390.0	11.0
391.0	10.0
392.0	10.0
393.0	6.0
394.0	6.0
395.0	11.0
396.0	8.0
397.0	15.0
398.0	5.0
399.0	14.0
400.0	9.0
401.0	11.0
402.0	11.0
403.0	11.0
405.0	6.0
406.0	10.0
407.0	6.0
408.0	7.0
409.0	8.0
410.0	11.0
411.0	7.0
412.0	6.0
413.0	4.0
414.0	19.0
415.0	11.0
416.0	3.0
417.0	6.0
418.0	4.0
419.0	6.0
420.0	8.0
421.0	6.0
422.0	7.0
423.0	4.0
424.0	12.0
425.0	4.0
426.0	10.0
427.0	7.0
428.0	6.0
429.0	4.0
430.0	7.0
431.0	8.0
432.0	7.0
433.0	5.0
434.0	10.0
435.0	8.0
436.0	3.0
437.0	5.0
438.0	10.0
439.0	4.0
440.0	4.0
441.0	6.0
442.0	7.0
443.0	4.0
444.0	3.0
445.0	6.0
446.0	4.0
447.0	1.0
448.0	6.0
449.0	3.0
450.0	4.0
451.0	5.0
452.0	7.0
453.0	6.0
454.0	5.0
455.0	9.0
456.0	7.0
457.0	5.0
458.0	11.0
459.0	7.0
460.0	8.0
461.0	6.0
462.0	10.0
463.0	4.0
464.0	8.0
465.0	7.0
466.0	8.0
467.0	3.0
468.0	9.0
469.0	9.0
470.0	6.0
471.0	5.0
472.0	5.0
473.0	5.0
474.0	5.0
475.0	5.0
476.0	5.0
477.0	3.0
478.0	4.0
479.0	5.0
480.0	6.0
481.0	8.0
482.0	14.0
483.0	8.0
484.0	4.0
485.0	9.0
486.0	4.0
487.0	12.0
488.0	2.0
489.0	5.0
490.0	7.0
491.0	12.0
492.0	9.0
493.0	8.0
494.0	5.0
495.0	13.0
496.0	14.0
497.0	9.0
498.0	4.0
499.0	10.0
500.0	9.0
501.0	12.0
502.0	9.0
503.0	5.0
504.0	6.0
505.0	5.0
506.0	19.0
507.0	14.0
508.0	11.0
509.0	6.0
510.0	7.0
511.0	12.0
512.0	13.0
513.0	6.0
514.0	7.0
515.0	15.0
516.0	11.0
517.0	14.0
518.0	12.0
519.0	8.0
520.0	8.0
521.0	12.0
522.0	11.0
523.0	8.0
524.0	9.0
525.0	13.0
526.0	16.0
527.0	12.0
528.0	13.0
529.0	14.0
530.0	17.0
531.0	13.0
532.0	11.0
533.0	13.0
534.0	9.0
535.0	12.0
536.0	11.0
537.0	16.0
538.0	17.0
539.0	6.0
540.0	7.0
541.0	10.0
542.0	8.0
543.0	8.0
544.0	6.0
545.0	11.0
546.0	10.0
547.0	4.0
548.0	4.0
549.0	10.0
550.0	4.0
551.0	7.0
552.0	5.0
553.0	5.0
554.0	7.0
555.0	4.0
556.0	5.0
557.0	1.0
558.0	3.0
559.0	6.0
560.0	6.0
561.0	4.0
562.0	5.0
563.0	4.0
564.0	5.0
565.0	4.0
566.0	4.0
567.0	6.0
568.0	7.0
569.0	5.0
570.0	14.0
571.0	17.0
572.0	5.0
573.0	11.0
574.0	8.0
575.0	10.0
576.0	9.0
577.0	5.0
578.0	7.0
579.0	4.0
580.0	7.0
581.0	10.0
582.0	8.0
583.0	12.0
584.0	10.0
585.0	6.0
586.0	5.0
587.0	5.0
588.0	8.0
589.0	7.0
590.0	3.0
591.0	7.0
592.0	9.0
593.0	11.0
594.0	3.0
595.0	6.0
596.0	3.0
597.0	4.0
598.0	9.0
599.0	4.0
600.0	4.0
601.0	6.0
602.0	12.0
603.0	15.0
604.0	11.0
605.0	7.0
606.0	9.0
607.0	9.0
608.0	10.0
609.0	8.0
610.0	7.0
611.0	11.0
612.0	15.0
613.0	9.0
614.0	14.0
615.0	17.0
616.0	7.0
617.0	12.0
618.0	13.0
619.0	8.0
620.0	14.0
621.0	3.0
622.0	15.0
623.0	9.0
624.0	10.0
625.0	14.0
626.0	15.0
627.0	11.0
628.0	9.0
629.0	12.0
630.0	17.0
631.0	16.0
632.0	12.0
633.0	9.0
634.0	18.0
635.0	22.0
636.0	25.0
637.0	20.0
638.0	11.0
639.0	9.0
640.0	16.0
641.0	22.0
642.0	13.0
643.0	19.0
644.0	23.0
645.0	18.0
646.0	15.0
647.0	14.0
648.0	25.0
649.0	21.0
650.0	18.0
651.0	14.0
652.0	17.0
653.0	12.0
654.0	7.0
655.0	17.0
656.0	10.0
657.0	19.0
658.0	16.0
659.0	16.0
660.0	19.0
661.0	25.0
662.0	16.0
663.0	15.0
664.0	24.0
665.0	35.0
666.0	28.0
667.0	18.0
668.0	29.0
669.0	21.0
670.0	16.0
671.0	13.0
672.0	29.0
673.0	23.0
674.0	20.0
675.0	23.0
676.0	19.0
677.0	31.0
678.0	18.0
679.0	14.0
680.0	16.0
681.0	16.0
682.0	15.0
683.0	17.0
684.0	22.0
685.0	25.0
686.0	32.0
687.0	25.0
688.0	29.0
689.0	23.0
690.0	26.0
691.0	22.0
692.0	36.0
693.0	22.0
694.0	26.0
695.0	28.0
696.0	22.0
697.0	17.0
698.0	23.0
699.0	26.0
700.0	29.0
701.0	28.0
702.0	18.0
703.0	28.0
704.0	14.0
705.0	20.0
706.0	24.0
707.0	23.0
708.0	23.0
709.0	25.0
710.0	25.0
711.0	24.0
712.0	23.0
713.0	18.0
714.0	19.0
715.0	15.0
716.0	20.0
717.0	32.0
718.0	27.0
719.0	27.0
720.0	22.0
721.0	23.0
722.0	33.0
723.0	27.0
724.0	25.0
725.0	22.0
726.0	23.0
727.0	26.0
728.0	24.0
729.0	26.0
730.0	25.0
731.0	31.0
732.0	34.0
733.0	32.0
734.0	36.0
735.0	35.0
736.0	36.0
737.0	29.0
738.0	46.0
739.0	30.0
740.0	35.0
741.0	45.0
742.0	26.0
743.0	31.0
744.0	39.0
745.0	39.0
746.0	38.0
747.0	32.0
748.0	51.0
749.0	47.0
750.0	33.0
751.0	42.0
752.0	44.0
753.0	39.0
754.0	53.0
755.0	43.0
756.0	41.0
757.0	46.0
758.0	34.0
759.0	40.0
760.0	40.0
761.0	40.0
762.0	42.0
763.0	46.0
764.0	46.0
765.0	44.0
766.0	49.0
767.0	49.0
768.0	48.0
769.0	61.0
770.0	37.0
771.0	48.0
772.0	51.0
773.0	41.0
774.0	62.0
775.0	55.0
776.0	56.0
777.0	61.0
778.0	39.0
779.0	42.0
780.0	46.0
781.0	43.0
782.0	60.0
783.0	51.0
784.0	54.0
785.0	52.0
786.0	49.0
787.0	56.0
788.0	43.0
789.0	52.0
790.0	53.0
791.0	54.0
792.0	50.0
793.0	44.0
794.0	36.0
795.0	47.0
796.0	56.0
797.0	62.0
798.0	41.0
799.0	55.0
800.0	53.0
801.0	52.0
802.0	45.0
803.0	66.0
804.0	58.0
805.0	52.0
806.0	61.0
807.0	66.0
808.0	61.0
809.0	65.0
810.0	66.0
811.0	73.0
812.0	44.0
813.0	61.0
814.0	57.0
815.0	60.0
816.0	59.0
817.0	53.0
818.0	41.0
819.0	48.0
820.0	55.0
821.0	53.0
822.0	46.0
823.0	50.0
824.0	57.0
825.0	53.0
826.0	43.0
827.0	49.0
828.0	55.0
829.0	53.0
830.0	55.0
831.0	48.0
832.0	32.0
833.0	35.0
834.0	63.0
835.0	41.0
836.0	52.0
837.0	49.0
838.0	49.0
839.0	49.0
840.0	46.0
841.0	35.0
842.0	45.0
843.0	41.0
844.0	51.0
845.0	41.0
846.0	35.0
847.0	40.0
848.0	52.0
849.0	47.0
850.0	63.0
851.0	34.0
852.0	38.0
853.0	50.0
854.0	55.0
855.0	41.0
856.0	49.0
857.0	38.0
858.0	42.0
859.0	34.0
860.0	47.0
861.0	41.0
862.0	39.0
863.0	53.0
864.0	40.0
865.0	44.0
866.0	46.0
867.0	40.0
868.0	37.0
869.0	38.0
870.0	44.0
871.0	32.0
872.0	33.0
873.0	39.0
874.0	47.0
875.0	32.0
876.0	43.0
877.0	35.0
878.0	36.0
879.0	29.0
880.0	29.0
881.0	31.0
882.0	32.0
883.0	29.0
884.0	19.0
885.0	41.0
886.0	42.0
887.0	36.0
888.0	35.0
889.0	33.0
890.0	35.0
891.0	37.0
892.0	37.0
893.0	34.0
894.0	29.0
895.0	29.0
896.0	34.0
897.0	26.0
898.0	31.0
899.0	30.0
900.0	32.0
901.0	26.0
902.0	14.0
903.0	22.0
904.0	25.0
905.0	25.0
906.0	25.0
907.0	28.0
908.0	29.0
909.0	24.0
910.0	20.0
911.0	18.0
912.0	17.0
913.0	19.0
914.0	17.0
915.0	15.0
916.0	13.0
917.0	27.0
918.0	22.0
919.0	13.0
920.0	23.0
921.0	21.0
922.0	9.0
923.0	20.0
924.0	28.0
925.0	21.0
926.0	28.0
927.0	27.0
928.0	18.0
929.0	25.0
930.0	19.0
931.0	23.0
932.0	40.0
933.0	27.0
934.0	23.0
935.0	26.0
936.0	23.0
937.0	27.0
938.0	17.0
939.0	29.0
940.0	22.0
941.0	24.0
942.0	25.0
943.0	18.0
944.0	30.0
945.0	23.0
946.0	20.0
947.0	21.0
948.0	27.0
949.0	18.0
950.0	18.0
951.0	26.0
952.0	17.0
953.0	25.0
954.0	36.0
955.0	21.0
956.0	26.0
957.0	35.0
958.0	15.0
959.0	22.0
960.0	29.0
961.0	24.0
962.0	26.0
963.0	28.0
964.0	28.0
965.0	29.0
966.0	22.0
967.0	27.0
968.0	17.0
969.0	23.0
970.0	21.0
971.0	20.0
972.0	26.0
973.0	28.0
974.0	23.0
975.0	26.0
976.0	16.0
977.0	26.0
978.0	29.0
979.0	24.0
980.0	13.0
981.0	19.0
982.0	23.0
983.0	24.0
984.0	11.0
985.0	17.0
986.0	19.0
987.0	17.0
988.0	22.0
989.0	17.0
990.0	20.0
991.0	16.0
992.0	24.0
993.0	17.0
994.0	32.0
995.0	20.0
996.0	19.0
997.0	22.0
998.0	16.0
999.0	18.0
1000.0	20.0
1001.0	24.0
1002.0	18.0
1003.0	21.0
1004.0	17.0
1005.0	23.0
1006.0	18.0
1007.0	20.0
1008.0	25.0
1009.0	18.0
1010.0	23.0
1011.0	24.0
1012.0	23.0
1013.0	18.0
1014.0	24.0
1015.0	13.0
1016.0	12.0
1017.0	15.0
1018.0	12.0
1019.0	16.0
1020.0	26.0
1021.0	16.0
1022.0	27.0
1023.0	27.0
1024.0	20.0
1025.0	17.0
1026.0	20.0
1027.0	20.0
1028.0	25.0
1029.0	19.0
1030.0	23.0
1031.0	25.0
1032.0	23.0
1033.0	16.0
1034.0	22.0
1035.0	12.0
1036.0	16.0
1037.0	11.0
1038.0	18.0
1039.0	7.0
1040.0	15.0
1041.0	18.0
1042.0	16.0
1043.0	13.0
1044.0	7.0
1045.0	8.0
1046.0	16.0
1047.0	12.0
1048.0	14.0
1049.0	19.0
1050.0	14.0
1051.0	13.0
1052.0	9.0
1053.0	13.0
1054.0	7.0
1055.0	25.0
1056.0	15.0
1057.0	14.0
1058.0	19.0
1059.0	16.0
1060.0	18.0
1061.0	17.0
1062.0	21.0
1063.0	12.0
1064.0	16.0
1065.0	15.0
1066.0	18.0
1067.0	18.0
1068.0	13.0
1069.0	16.0
1070.0	11.0
1071.0	12.0
1072.0	17.0
1073.0	12.0
1074.0	10.0
1075.0	17.0
1076.0	15.0
1077.0	13.0
1078.0	12.0
1079.0	13.0
1080.0	23.0
1081.0	17.0
1082.0	13.0
1083.0	13.0
1084.0	16.0
1085.0	13.0
1086.0	13.0
1087.0	16.0
1088.0	10.0
1089.0	12.0
1090.0	9.0
1091.0	14.0
1092.0	13.0
1093.0	13.0
1094.0	8.0
1095.0	18.0
1096.0	7.0
1097.0	9.0
1098.0	13.0
1099.0	15.0
1100.0	13.0
1101.0	14.0
1102.0	18.0
1103.0	11.0
1104.0	8.0
1105.0	8.0
1106.0	7.0
1107.0	7.0
1108.0	9.0
1109.0	8.0
1110.0	6.0
1111.0	14.0
1112.0	11.0
1113.0	9.0
1114.0	13.0
1115.0	7.0
1116.0	21.0
1117.0	15.0
1118.0	9.0
1119.0	16.0
1120.0	12.0
1121.0	9.0
1122.0	17.0
1123.0	4.0
1124.0	10.0
1125.0	12.0
1126.0	11.0
1127.0	5.0
1128.0	11.0
1129.0	10.0
1130.0	7.0
1131.0	12.0
1132.0	13.0
1133.0	8.0
1134.0	15.0
1135.0	13.0
1136.0	15.0
1137.0	8.0
1138.0	10.0
1139.0	16.0
1140.0	7.0
1141.0	12.0
1142.0	6.0
1143.0	10.0
1144.0	11.0
1145.0	7.0
1146.0	8.0
1147.0	6.0
1148.0	4.0
1149.0	4.0
1150.0	9.0
1151.0	5.0
1152.0	9.0
1153.0	4.0
1154.0	2.0
1155.0	10.0
1156.0	11.0
1157.0	8.0
1158.0	6.0
1159.0	6.0
1160.0	4.0
1161.0	7.0
1162.0	12.0
1163.0	10.0
1164.0	9.0
1165.0	16.0
1166.0	5.0
1167.0	5.0
1168.0	6.0
1169.0	5.0
1170.0	8.0
1171.0	8.0
1172.0	4.0
1173.0	8.0
1174.0	12.0
1175.0	4.0
1176.0	8.0
1177.0	3.0
1178.0	6.0
1179.0	7.0
1180.0	8.0
1181.0	6.0
1182.0	4.0
1183.0	5.0
1184.0	9.0
1185.0	6.0
1186.0	13.0
1187.0	2.0
1188.0	3.0
1189.0	6.0
1190.0	6.0
1191.0	6.0
1192.0	2.0
1194.0	5.0
1195.0	5.0
1196.0	6.0
1197.0	3.0
1198.0	7.0
1199.0	3.0
1200.0	3.0
1201.0	2.0
1202.0	1.0
1203.0	5.0
1204.0	2.0
1206.0	1.0
1207.0	2.0
1208.0	3.0
1209.0	1.0
1210.0	2.0
1211.0	3.0
1212.0	6.0
1213.0	3.0
1214.0	3.0
1215.0	5.0
1216.0	8.0
1217.0	3.0
1218.0	2.0
1219.0	3.0
1220.0	2.0
1221.0	1.0
1222.0	4.0
1223.0	4.0
1224.0	6.0
1225.0	1.0
1226.0	5.0
1227.0	4.0
1228.0	6.0
1229.0	4.0
1230.0	6.0
1231.0	2.0
1232.0	4.0
1233.0	5.0
1234.0	3.0
1235.0	4.0
1236.0	2.0
1237.0	4.0
1238.0	3.0
1239.0	2.0
1240.0	4.0
1242.0	1.0
1243.0	4.0
1244.0	1.0
1245.0	4.0
1246.0	4.0
1247.0	3.0
1248.0	3.0
1249.0	8.0
1250.0	5.0
1251.0	8.0
1252.0	5.0
1253.0	2.0
1254.0	5.0
1255.0	2.0
1256.0	4.0
1257.0	5.0
1258.0	2.0
1259.0	6.0
1260.0	1.0
1261.0	2.0
1262.0	4.0
1263.0	2.0
1264.0	2.0
1265.0	5.0
1266.0	5.0
1267.0	3.0
1268.0	1.0
1269.0	1.0
1270.0	4.0
1271.0	4.0
1272.0	5.0
1273.0	7.0
1274.0	5.0
1275.0	6.0
1276.0	4.0
1277.0	2.0
1278.0	4.0
1279.0	4.0
1280.0	6.0
1281.0	5.0
1282.0	4.0
1283.0	1.0
1285.0	2.0
1286.0	1.0
1288.0	3.0
1289.0	1.0
1290.0	3.0
1292.0	5.0
1293.0	2.0
1294.0	4.0
1295.0	3.0
1296.0	2.0
1298.0	3.0
1299.0	5.0
1300.0	3.0
1302.0	6.0
1304.0	2.0
1305.0	2.0
1306.0	5.0
1307.0	1.0
1308.0	2.0
1309.0	2.0
1310.0	3.0
1312.0	3.0
1315.0	3.0
1316.0	1.0
1317.0	7.0
1318.0	1.0
1319.0	3.0
1320.0	3.0
1321.0	1.0
1322.0	1.0
1323.0	1.0
1324.0	2.0
1325.0	2.0
1326.0	1.0
1327.0	2.0
1328.0	2.0
1329.0	1.0
1330.0	2.0
1331.0	3.0
1332.0	1.0
1333.0	2.0
1334.0	4.0
1335.0	2.0
1336.0	4.0
1337.0	2.0
1338.0	1.0
1339.0	3.0
1340.0	1.0
1342.0	1.0
1343.0	3.0
1346.0	2.0
1351.0	2.0
1352.0	1.0
1353.0	3.0
1354.0	2.0
1356.0	2.0
1357.0	1.0
1359.0	5.0
1363.0	1.0
1364.0	1.0
1368.0	1.0
1370.0	1.0
1378.0	1.0
1387.0	1.0
1391.0	2.0
1393.0	1.0
1395.0	1.0
1397.0	1.0
1400.0	1.0
1406.0	1.0
1407.0	1.0
1408.0	2.0
1409.0	1.0
1410.0	1.0
1412.0	2.0
1413.0	1.0
1420.0	1.0
1421.0	1.0
1423.0	1.0
1431.0	1.0
1432.0	2.0
1437.0	1.0
1443.0	1.0
1448.0	2.0
1450.0	1.0
1451.0	1.0
1452.0	1.0
1461.0	1.0
1462.0	1.0
1471.0	1.0
1489.0	1.0
1491.0	2.0
1492.0	1.0
1493.0	1.0
1495.0	1.0
1501.0	1.0
1512.0	1.0
1516.0	1.0
1522.0	1.0
1524.0	1.0
1526.0	1.0
1527.0	1.0
1529.0	1.0
1531.0	1.0
1532.0	1.0
1534.0	2.0
1535.0	1.0
1539.0	1.0
1540.0	1.0
1543.0	1.0
1547.0	1.0
1548.0	1.0
1558.0	1.0
1559.0	1.0
1562.0	1.0
1563.0	1.0
1569.0	1.0
1585.0	1.0
1588.0	1.0
1591.0	1.0
1597.0	1.0
1601.0	1.0
1604.0	2.0
1611.0	1.0
1630.0	2.0
1638.0	1.0
1665.0	1.0
1674.0	2.0
1676.0	1.0
1678.0	1.0
1683.0	2.0
1684.0	1.0
1689.0	1.0
1690.0	1.0
1691.0	1.0
1697.0	1.0
1698.0	1.0
1706.0	1.0
1707.0	1.0
1710.0	1.0
1712.0	1.0
1717.0	1.0
1718.0	2.0
1720.0	1.0
1723.0	3.0
1724.0	1.0
1725.0	1.0
1727.0	1.0
1728.0	1.0
1729.0	1.0
1734.0	1.0
1735.0	1.0
1737.0	2.0
1739.0	1.0
1740.0	1.0
1741.0	1.0
1743.0	1.0
1746.0	1.0
1748.0	1.0
1749.0	1.0
1750.0	2.0
1753.0	1.0
1755.0	2.0
1757.0	2.0
1758.0	1.0
1759.0	2.0
1761.0	1.0
1762.0	2.0
1764.0	3.0
1766.0	1.0
1768.0	2.0
1771.0	1.0
1772.0	1.0
1775.0	1.0
1778.0	1.0
1779.0	2.0
1780.0	1.0
1781.0	2.0
1785.0	1.0
1787.0	1.0
1789.0	1.0
1790.0	1.0
1796.0	1.0
1823.0	1.0
1826.0	1.0
1833.0	3.0
1834.0	2.0
1835.0	2.0
1836.0	1.0
1837.0	2.0
1838.0	1.0
1839.0	3.0
1840.0	1.0
1846.0	1.0
1850.0	1.0
1851.0	1.0
1853.0	2.0
1854.0	1.0
1856.0	1.0
1858.0	1.0
1862.0	1.0
1863.0	1.0
1864.0	2.0
1865.0	4.0
1866.0	1.0
1867.0	4.0
1868.0	1.0
1870.0	1.0
1871.0	2.0
1872.0	1.0
1873.0	1.0
1877.0	1.0
1878.0	1.0
1880.0	1.0
1881.0	1.0
1882.0	1.0
1883.0	1.0
1884.0	1.0
1887.0	1.0
1888.0	1.0
1894.0	1.0
1896.0	1.0
1901.0	1.0
1908.0	1.0
1909.0	1.0
1914.0	1.0
1915.0	1.0
1918.0	1.0
1922.0	4.0
1924.0	1.0
1930.0	2.0
1936.0	2.0
1937.0	2.0
1951.0	1.0
1962.0	1.0
1972.0	1.0
1977.0	1.0
2005.0	1.0
2009.0	1.0
2016.0	1.0
2017.0	1.0
2019.0	1.0
2020.0	1.0
2025.0	1.0
2026.0	2.0
2027.0	1.0
2028.0	5.0
2029.0	3.0
2030.0	1.0
2031.0	3.0
2032.0	2.0
2033.0	2.0
2034.0	2.0
2035.0	3.0
2036.0	1.0
2039.0	1.0
2041.0	1.0
2045.0	1.0
2050.0	2.0
2051.0	1.0
2052.0	1.0
2054.0	1.0
2055.0	1.0
2057.0	2.0
2059.0	1.0
2060.0	1.0
2062.0	1.0
2064.0	1.0
2065.0	2.0
2067.0	1.0
2086.0	1.0
2087.0	1.0
2090.0	1.0
2091.0	1.0
2094.0	2.0
2102.0	1.0
2105.0	2.0
2106.0	1.0
2109.0	1.0
2111.0	1.0
2112.0	2.0
2114.0	1.0
2116.0	1.0
2118.0	1.0
2121.0	1.0
2131.0	2.0
2139.0	1.0
2143.0	1.0
2144.0	1.0
2152.0	1.0
2154.0	1.0
2156.0	1.0
2157.0	1.0
2162.0	1.0
2164.0	1.0
2165.0	1.0
2168.0	1.0
2170.0	1.0
2173.0	1.0
2174.0	1.0
2175.0	1.0
2177.0	1.0
2179.0	1.0
2197.0	1.0
2243.0	2.0
2248.0	1.0
2264.0	1.0
2267.0	1.0
