#Insert size (bp)	insert size
142.0	1.0
144.0	1.0
145.0	1.0
147.0	2.0
148.0	3.0
149.0	3.0
150.0	13.0
151.0	4744.0
152.0	8991.0
153.0	9424.0
154.0	9118.0
155.0	9297.0
156.0	9290.0
157.0	9197.0
158.0	9133.0
159.0	9258.0
160.0	9149.0
161.0	9272.0
162.0	9385.0
163.0	9053.0
164.0	9219.0
165.0	8945.0
166.0	9087.0
167.0	9074.0
168.0	8973.0
169.0	9019.0
170.0	8900.0
171.0	9040.0
172.0	8969.0
173.0	9124.0
174.0	8877.0
175.0	8925.0
176.0	8747.0
177.0	8787.0
178.0	8450.0
179.0	8580.0
180.0	8749.0
181.0	8722.0
182.0	8608.0
183.0	8710.0
184.0	8790.0
185.0	8669.0
186.0	8509.0
187.0	8330.0
188.0	8404.0
189.0	8411.0
190.0	8331.0
191.0	8469.0
192.0	8294.0
193.0	8146.0
194.0	8265.0
195.0	8326.0
196.0	8368.0
197.0	8046.0
198.0	7784.0
199.0	7995.0
200.0	7942.0
201.0	7853.0
202.0	7660.0
203.0	7918.0
204.0	7837.0
205.0	7637.0
206.0	7997.0
207.0	7780.0
208.0	7437.0
209.0	7275.0
210.0	7274.0
211.0	7028.0
212.0	7247.0
213.0	7261.0
214.0	7116.0
215.0	7131.0
216.0	7160.0
217.0	7046.0
218.0	6843.0
219.0	6851.0
220.0	6702.0
221.0	6449.0
222.0	6425.0
223.0	6375.0
224.0	6623.0
225.0	6315.0
226.0	6418.0
227.0	6394.0
228.0	6215.0
229.0	6147.0
230.0	6113.0
231.0	6000.0
232.0	5772.0
233.0	5764.0
234.0	5672.0
235.0	5723.0
236.0	5483.0
237.0	5593.0
238.0	5454.0
239.0	5326.0
240.0	5185.0
241.0	5117.0
242.0	5005.0
243.0	4856.0
244.0	4930.0
245.0	4860.0
246.0	4813.0
247.0	4614.0
248.0	4904.0
249.0	4382.0
250.0	4240.0
251.0	4152.0
252.0	4185.0
253.0	4104.0
254.0	3990.0
255.0	4074.0
256.0	3856.0
257.0	3780.0
258.0	3781.0
259.0	3810.0
260.0	3597.0
261.0	3421.0
262.0	3373.0
263.0	3306.0
264.0	3262.0
265.0	3032.0
266.0	2896.0
267.0	2707.0
268.0	2588.0
269.0	2682.0
270.0	2536.0
271.0	2557.0
272.0	2385.0
273.0	2120.0
274.0	2226.0
275.0	2186.0
276.0	2341.0
277.0	2183.0
278.0	2213.0
279.0	2133.0
280.0	2231.0
281.0	2166.0
282.0	2165.0
283.0	2113.0
284.0	2099.0
285.0	2007.0
286.0	2014.0
287.0	2052.0
288.0	2039.0
289.0	2114.0
290.0	2093.0
291.0	2025.0
292.0	1901.0
293.0	1909.0
294.0	2028.0
295.0	1926.0
296.0	1935.0
297.0	1921.0
298.0	1925.0
299.0	1818.0
300.0	1782.0
301.0	1845.0
302.0	1832.0
303.0	1815.0
304.0	1839.0
305.0	1834.0
306.0	1797.0
307.0	1851.0
308.0	1716.0
309.0	1779.0
310.0	1724.0
311.0	1761.0
312.0	1815.0
313.0	1731.0
314.0	1739.0
315.0	1652.0
316.0	1671.0
317.0	1656.0
318.0	1685.0
319.0	1695.0
320.0	1591.0
321.0	1622.0
322.0	1648.0
323.0	1599.0
324.0	1590.0
325.0	1542.0
326.0	1525.0
327.0	1521.0
328.0	1542.0
329.0	1540.0
330.0	1573.0
331.0	1546.0
332.0	1509.0
333.0	1466.0
334.0	1518.0
335.0	1440.0
336.0	1369.0
337.0	1412.0
338.0	1487.0
339.0	1403.0
340.0	1426.0
341.0	1301.0
342.0	1387.0
343.0	1390.0
344.0	1315.0
345.0	1359.0
346.0	1419.0
347.0	1326.0
348.0	1337.0
349.0	1334.0
350.0	1359.0
351.0	1263.0
352.0	1263.0
353.0	1189.0
354.0	1256.0
355.0	1227.0
356.0	1241.0
357.0	1213.0
358.0	1187.0
359.0	1185.0
360.0	1183.0
361.0	1232.0
362.0	1135.0
363.0	1131.0
364.0	1270.0
365.0	1187.0
366.0	1156.0
367.0	1105.0
368.0	1135.0
369.0	1182.0
370.0	1041.0
371.0	1121.0
372.0	1154.0
373.0	1140.0
374.0	1106.0
375.0	1147.0
376.0	1125.0
377.0	1071.0
378.0	1018.0
379.0	1030.0
380.0	1061.0
381.0	1034.0
382.0	1029.0
383.0	1028.0
384.0	993.0
385.0	973.0
386.0	1044.0
387.0	915.0
388.0	995.0
389.0	941.0
390.0	989.0
391.0	974.0
392.0	932.0
393.0	881.0
394.0	921.0
395.0	921.0
396.0	893.0
397.0	946.0
398.0	905.0
399.0	857.0
400.0	833.0
401.0	813.0
402.0	877.0
403.0	878.0
404.0	847.0
405.0	814.0
406.0	787.0
407.0	862.0
408.0	803.0
409.0	802.0
410.0	774.0
411.0	796.0
412.0	719.0
413.0	791.0
414.0	857.0
415.0	791.0
416.0	799.0
417.0	808.0
418.0	746.0
419.0	801.0
420.0	722.0
421.0	695.0
422.0	729.0
423.0	721.0
424.0	717.0
425.0	709.0
426.0	710.0
427.0	684.0
428.0	637.0
429.0	681.0
430.0	694.0
431.0	717.0
432.0	674.0
433.0	665.0
434.0	675.0
435.0	674.0
436.0	657.0
437.0	669.0
438.0	655.0
439.0	627.0
440.0	610.0
441.0	644.0
442.0	614.0
443.0	592.0
444.0	561.0
445.0	608.0
446.0	601.0
447.0	584.0
448.0	625.0
449.0	613.0
450.0	581.0
451.0	571.0
452.0	545.0
453.0	565.0
454.0	532.0
455.0	539.0
456.0	558.0
457.0	526.0
458.0	591.0
459.0	533.0
460.0	562.0
461.0	578.0
462.0	523.0
463.0	530.0
464.0	494.0
465.0	486.0
466.0	495.0
467.0	499.0
468.0	479.0
469.0	483.0
470.0	499.0
471.0	437.0
472.0	499.0
473.0	479.0
474.0	436.0
475.0	436.0
476.0	486.0
477.0	449.0
478.0	439.0
479.0	411.0
480.0	437.0
481.0	445.0
482.0	415.0
483.0	444.0
484.0	415.0
485.0	460.0
486.0	426.0
487.0	419.0
488.0	410.0
489.0	447.0
490.0	421.0
491.0	400.0
492.0	351.0
493.0	421.0
494.0	393.0
495.0	389.0
496.0	385.0
497.0	404.0
498.0	366.0
499.0	369.0
500.0	375.0
501.0	366.0
502.0	342.0
503.0	356.0
504.0	369.0
505.0	361.0
506.0	327.0
507.0	325.0
508.0	358.0
509.0	341.0
510.0	334.0
511.0	358.0
512.0	305.0
513.0	324.0
514.0	297.0
515.0	357.0
516.0	289.0
517.0	303.0
518.0	316.0
519.0	301.0
520.0	314.0
521.0	326.0
522.0	334.0
523.0	288.0
524.0	316.0
525.0	278.0
526.0	312.0
527.0	257.0
528.0	299.0
529.0	247.0
530.0	259.0
531.0	303.0
532.0	270.0
533.0	280.0
534.0	259.0
535.0	266.0
536.0	293.0
537.0	289.0
538.0	258.0
539.0	254.0
540.0	274.0
541.0	259.0
542.0	248.0
543.0	260.0
544.0	254.0
545.0	249.0
546.0	281.0
547.0	227.0
548.0	204.0
549.0	221.0
550.0	236.0
551.0	225.0
552.0	213.0
