# Position (bp)	A	C	G	T	N
0.0	25.925651277652495	22.9736168564353	35.26315352582283	15.837024944314551	5.533957748232592E-4
1.0	23.015571110456616	19.423838635181294	12.546070613623414	45.01253781299804	0.0019818277406337993
2.0	32.35371163038955	20.15063194431912	13.984259771197383	33.510904464325264	4.921897686872151E-4
3.0	20.786877813012435	22.889821738322475	10.734011299188719	45.58912566164886	1.6348782751380247E-4
4.0	39.865629347098114	10.123697262451882	10.265303007506137	39.745098795400615	2.715875432571059E-4
5.0	44.50388190978588	10.877850502468336	23.08879242411523	21.529475163630554	0.0
6.0	34.63994716009831	14.48463543762229	20.46509266695146	30.410324735327936	0.0
7.0	39.89982801960782	15.77302035379593	19.51807787000695	24.809073756589306	0.0
8.0	18.502724180181033	32.701496137051805	22.975289271247558	25.820490411519604	0.0
9.0	29.41902240356417	20.171243848368512	13.375331756829878	37.034401991237445	0.0
10.0	27.24426640248917	15.340783096059834	28.327105605275854	29.08784489617514	0.0
11.0	27.13060559116268	18.60301402027288	18.659289090257005	35.60709129830743	0.0
12.0	24.81191297553301	21.0300269493066	23.58106851077175	30.576991564388646	0.0
13.0	23.433862902272452	26.872412036406295	18.75017560116562	30.943549460155634	0.0
14.0	32.27556086650769	21.027299116466715	20.500351615581064	26.196788401444532	0.0
15.0	32.37872441184893	19.427719818018723	19.58118148608904	28.612374284043305	0.0
16.0	31.328606076353914	19.12677068315193	18.784245305398297	30.76037793509586	0.0
17.0	31.39765664307011	18.84889791502826	19.061167250503523	30.691753551419175	5.246399789304585E-4
18.0	31.05230463931742	18.905070640857037	19.584711201169313	30.457547192027896	3.66326628334946E-4
19.0	30.489228311765597	19.492083709615958	19.540787296350622	30.477900682267823	0.0
20.0	30.33929298514721	19.530277801208175	19.658416042637075	30.47201317100754	0.0
21.0	30.041087937117595	19.662437046446193	19.721275055488448	30.574472924648923	7.270362988451548E-4
22.0	30.23777039493381	19.749953641403046	19.500808556087687	30.510535055904842	9.323516706188018E-4
23.0	30.443224531445768	19.63647166716181	19.640811687053567	30.279492114338858	0.0
24.0	30.12296792692215	19.78504575610691	19.594167706773387	30.497045615937285	7.729942602599528E-4
25.0	30.308701787031495	19.907679891847714	19.48514576656275	30.29749589417114	9.766603869117228E-4
26.0	30.503717232895834	19.601782548926007	19.72710039425897	30.16698961820616	4.102057130375169E-4
27.0	30.320724016525975	19.7255935217851	19.721654868610113	30.231618382359336	4.0921071947940213E-4
28.0	30.44800048168254	19.767812686722145	19.611674066242575	30.1724107139668	1.0205138593435953E-4
29.0	30.119056042212488	19.304599506143177	19.528112730887738	29.499317141901628	1.548914578854967
30.0	30.147414283392916	19.739651039974003	19.89270190120247	30.2186078160546	0.0016249593760155996
31.0	30.29363189624601	19.95881250316632	19.611327828157453	30.135163888748163	0.0010638836820507625
32.0	30.398311513779852	19.83420407697047	19.626731737000885	30.1388826414135	0.001870030835292233
33.0	30.118647981743983	19.75585702141734	19.808545760548085	30.316545877522127	4.0335876846500814E-4
34.0	30.171216563626878	19.913664881515565	19.679065142170764	30.235801912108595	2.515005781998293E-4
35.0	30.372514981749895	19.639755474154004	19.79126674766673	30.196362424601936	1.0037182743473197E-4
36.0	30.27886830245368	19.724737105658487	19.776614922383576	30.21962944416625	1.5022533800701052E-4
37.0	30.33168060267945	19.841263891658436	19.678339732854354	30.1481160519778	5.997208299536566E-4
38.0	30.397923815024807	19.69457774745103	19.782016539049923	30.12458406718571	8.978312885225736E-4
39.0	30.255767386795522	19.745527032960904	19.755135610383636	30.243271257608452	2.9871225148385313E-4
40.0	30.201081811699172	19.708005257495532	19.767586894027676	30.322034024642647	0.001292012134975514
41.0	30.311367847973685	19.682878389263873	19.773648956981695	30.232104805780747	0.0
42.0	30.12106295362711	19.871336881397323	19.814447047150235	30.19231140574335	8.417120819847374E-4
43.0	30.167413301619266	19.976501141577906	19.665934613462564	30.189162350221967	9.885931183044442E-4
44.0	30.39761176354485	19.81318464423172	19.760485542287576	30.02802723773808	6.908121977696635E-4
45.0	30.136638778654834	19.816071140045636	19.838583189164265	30.208706892135268	0.0
46.0	30.204372518381135	19.888904135797823	19.657052752829408	30.249670592991635	0.0
47.0	30.49925716741359	19.731401559334522	19.71175640002456	30.057290195837684	2.946773896494567E-4
48.0	30.156310148758227	19.684094124454752	19.802669164359816	30.356926562427212	0.0
49.0	30.17315427959142	19.96284024340914	19.646678687596538	30.21629838285519	0.0010284065477175741
50.0	30.298391770324162	19.745108922899362	19.79631209974594	30.159942683740915	2.4452328962071995E-4
51.0	30.098367221345786	19.842827349408772	19.865782957170698	30.193022472074748	0.0
52.0	30.183934049285487	19.943350127332955	19.697464120690473	30.175251702691085	0.0
53.0	30.260610566088474	19.790687274140918	19.85431023647671	30.094391923293895	0.0
54.0	30.119443004834658	19.80296405517396	19.77303639252441	30.304556547466976	0.0
55.0	30.15638002504258	19.967228828520543	19.7339614717571	30.14242967467977	0.0
56.0	30.304457517533113	19.71991695200657	19.79537098719515	30.17967188662279	5.826566423828327E-4
57.0	30.095119833528166	19.90749947856287	19.834352763131726	30.16293091321831	9.701155892724618E-5
58.0	30.09085604734517	19.918109372304315	19.7717064925146	30.218795008829723	5.33079006185655E-4
59.0	30.331798069469844	19.712671809389075	19.799045531636555	30.155855184577835	6.294049266912715E-4
60.0	30.094777787453918	19.841940259514065	19.886063456123544	30.1771217355124	9.676139607342254E-5
61.0	30.03251461852608	19.93944720314337	19.853495684054202	30.174542494276345	0.0
62.0	30.34299300353398	19.807186593681347	19.672174701041644	30.177259263409894	3.8643833313689385E-4
63.0	30.03533944158759	19.861818487244058	19.791728514309796	30.310389486890234	7.240699683291796E-4
64.0	30.17655796155852	19.927184735327078	19.665620958292106	30.230443380029204	1.9296479309108855E-4
65.0	30.319804443415876	19.806709480830055	19.819100516855666	30.05346949008717	9.16068811231968E-4
66.0	30.12471774430598	19.809506921107182	19.86824694518144	30.1975283894054	0.0
67.0	30.245430834551534	19.976543064188675	19.55677469540904	30.22101057488759	2.4083096315527096E-4
68.0	30.24536817262241	19.84100465951098	19.940328601925238	29.97329856594137	0.0
69.0	30.03427111673019	19.871953752039975	19.89428460186838	30.198961134214663	5.293951467940552E-4
70.0	30.14846366544603	19.898134208613172	19.74210229785015	30.210914920509367	3.8490758128406134E-4
71.0	30.346525794857193	19.78676815799398	19.868399279606557	29.99830676754227	0.0
72.0	30.168488795471056	19.897454150172912	19.85945639155969	30.074600662796346	0.0
73.0	30.069953274713523	19.985111003814584	19.7242650241321	30.220574515193892	9.618214590062075E-5
74.0	30.37394032286998	19.758917591542108	19.83735786607826	30.029784219509647	0.0
75.0	30.127855220855043	19.836387639139037	19.798249895998904	30.23649729116219	0.0010099528448207454
76.0	30.13891861345902	19.991583604862274	19.568888194202305	30.299888182178886	7.214052975195681E-4
77.0	30.21475055586203	19.83033883656382	19.7858987313889	30.169011876185248	0.0
78.0	29.878299248593336	19.967109724997282	19.738590133687087	30.415423701584487	5.771911378072701E-4
79.0	29.782184009509454	20.26195260377155	19.623932002195527	30.331690858020572	2.4052650289377436E-4
80.0	30.078618167821404	19.932929176289456	19.655167436489606	30.33304464973056	2.405696689761355E-4
81.0	29.884926364423908	19.958706323996534	19.611319665030322	30.544807007411684	2.4063913754933104E-4
82.0	29.94618885463673	20.30697917604482	19.35203234927511	30.39412559657095	6.740234723859804E-4
83.0	30.152748598174956	20.143655158263424	19.392627570654774	30.3103425356248	6.261372820440203E-4
84.0	29.874644931708833	20.21490817012439	19.4179650701945	30.491807228335112	6.745996371617666E-4
85.0	29.826562674019502	20.307542327569124	19.374568793238193	30.490120875300907	0.0012053298722687828
86.0	30.047089687498342	20.208427708091214	19.43948750827965	30.30441618387797	5.789122528225591E-4
87.0	29.720891348230328	20.36560607567173	19.51028556699737	30.402975665841915	2.413432586552933E-4
88.0	29.684094492448953	20.641288470159058	19.333428655341383	30.340608721190854	5.796608597529872E-4
89.0	29.85563168870897	20.59539842927432	19.378438923367423	30.16995085560365	5.801030456376734E-4
90.0	29.65498657767797	20.567235214522523	19.53998855389659	30.236725350119663	0.0010643037832613075
91.0	29.739166471398164	20.65196762867871	19.488296477614483	30.119988458179296	5.809641293381076E-4
92.0	30.00031498123439	20.653561832027776	19.571673979884814	29.770717890691824	0.00373131616120255
93.0	29.676539720018276	20.685733077364084	19.545948840426327	30.091002305857383	7.7605633392928E-4
94.0	29.62646487930919	20.903605625214226	19.538472592956538	29.931019951197392	4.3695132265165364E-4
95.0	29.874015602604548	20.688299310271756	19.605857076409603	29.8311475656836	6.804450304912278E-4
96.0	29.656112357844787	20.91280044064953	19.561997481446593	29.86908972005909	0.0
97.0	29.69330042412738	20.892961784696052	19.631442223056805	29.782052012717493	2.435554022780224E-4
98.0	29.77053369813842	20.72644007783809	19.561160938544	29.940743558605355	0.0011217268741373677
99.0	29.600869267959173	20.74361478732236	19.72940372124823	29.92586804707721	2.4417639302632224E-4
100.0	29.576370357221275	20.895701207331523	19.68235478793089	29.845524745919526	4.8901596783839785E-5
101.0	29.63279068697012	20.75526854678305	19.83793079471593	29.773765139206766	2.4483232413449323E-4
102.0	29.466884507661046	20.801134446859088	19.881357727340482	29.850574284302112	4.9033837270423575E-5
103.0	29.395954763517146	20.92130857561259	19.924510919447375	29.75719446983064	0.0010312715922489626
104.0	29.63043833196619	20.720691479840035	19.955139969981843	29.693140084074443	5.901341374894513E-4
105.0	29.27827912332772	20.824168084345573	20.09403471581243	29.80277927453586	7.388019784131913E-4
106.0	29.172738924645458	20.922723384269588	20.11723856894352	29.78626309708344	0.001036025057992736
107.0	29.431204086019914	20.76872326703682	20.27749155541059	29.520208946446353	0.002372145086323842
108.0	29.046500955682188	20.778030745194485	20.398975655227687	29.77520552983803	0.0012871140576122154
109.0	29.16296990234591	20.85322229732846	20.250664177746213	29.73170541801416	0.0014382045652580363
110.0	29.172740760173422	20.809720139557577	20.427934172228994	29.589604928040004	0.0
111.0	29.061259883597064	20.802993104629238	20.388086121448527	29.746814649327685	8.462409974891532E-4
112.0	29.065796921481063	20.828153013312985	20.37697269827971	29.728828013375324	2.493535509192419E-4
113.0	29.320048551184875	20.660438030029177	20.562746010242922	29.456667467857827	9.994068520333183E-5
114.0	29.15486956726362	20.654148848978604	20.754433581516768	29.436297665914157	2.5033632685512986E-4
115.0	28.876986565984726	20.973972379363545	20.647592288298235	29.50134841890044	1.0034745305620711E-4
116.0	29.184568780322962	20.76956962514181	20.775101177114262	29.270358122732066	4.022946889055171E-4
117.0	28.875941932261025	20.629482196226373	20.994434477707415	29.500141393805183	0.0
118.0	28.93461111683776	20.69389788646281	20.94912109434214	29.422369902357293	0.0
119.0	28.95432705091187	20.61160292152097	21.105157838811902	29.32891218875525	0.0
120.0	28.709012253301914	20.668271471198292	21.26981935288677	29.352744632010065	1.5229060295910796E-4
121.0	28.70115786575719	20.826927744963182	21.293727841244202	29.178186548035423	0.0
122.0	28.904427120795212	20.575506318846966	21.31609742461203	29.201316515722386	0.0026526200234042703
123.0	28.633801650103248	20.618773376206974	21.484990646960338	29.260286553816538	0.002147772912901672
124.0	28.69803149263226	20.596103582557312	21.516718959602105	29.18909470600025	5.125920807599075E-5
125.0	28.67461533638988	20.58077499015923	21.690649367467184	29.053549203334455	4.1110264924824744E-4
126.0	28.501145467405824	20.529959626588447	21.843112951277323	29.125215274203825	5.666805245813132E-4
127.0	28.48534431599319	20.6780697500133	21.853706053736733	28.980917215308992	0.001962664947785365
128.0	28.567996193018914	20.415971714834747	21.99385974133034	29.021292064111798	8.802867042014013E-4
129.0	28.332081255117124	20.590136392592196	22.077210740079465	28.996885466253335	0.0036861459578813698
130.0	28.46364729892844	20.47673898707019	22.167436403658304	28.89082400288567	0.001353307457400744
131.0	28.413456094125657	20.347011632634	22.327706188189726	28.910730192923985	0.001095892126641294
132.0	28.147755969424242	20.493824318619016	22.477031822455114	28.879818399549244	0.0015694899523869066
133.0	28.125185210438396	20.55234014208427	22.516711554246662	28.804556766835464	0.0012063263952082617
134.0	28.244530921329407	20.349705511148507	22.694730753050063	28.71024400504838	7.888094236432478E-4
135.0	28.03468436667445	20.40785660167654	22.872890949132866	28.684304459395975	2.6362312016943586E-4
136.0	28.030326257840855	20.424074929666215	22.92759822677452	28.61763054701236	3.700387060486527E-4
137.0	28.084104398076626	20.182596469434145	23.106450657244476	28.625894526080703	9.539491640490478E-4
138.0	27.855543380878338	20.195433681250417	23.313987287086327	28.634663679560607	3.7197122430608767E-4
139.0	27.798321888597226	20.391893195012656	23.301496917140252	28.50732901756055	9.589816893101778E-4
140.0	27.966728241464377	20.150503905494617	23.544080112052598	28.33826038553872	4.273554496901139E-4
141.0	27.651528135430546	20.212392186435522	23.603458174978257	28.53106830227646	0.0015532008792188147
142.0	27.60464130919847	20.177032210668653	23.765524418856298	28.451566927852635	0.0012351334239455855
143.0	27.70578131478201	20.107958797968976	23.87978612850597	28.305450707789724	0.001023050953321954
144.0	27.37219755152726	20.073481177534518	24.087464737403323	28.465614750226088	0.0012417833088126122
145.0	27.48995874137648	20.118952168473346	24.10892796334203	28.280158018200137	0.0020031086080073454
146.0	27.453668388634473	19.90661740553835	24.339684616574868	28.298998037336748	0.001031551915564761
147.0	27.26495954568748	20.04978573400738	24.546349146012922	28.13776195099955	0.001143623292665726
148.0	27.161505494415444	20.022780723246992	24.622684028090763	28.19139085329378	0.0016389009530209042
149.0	27.329119779374196	19.820846036606326	24.863470181249557	27.985628961207325	9.350415625974574E-4
150.0	27.08962911803072	19.69261548346926	24.90418426260728	28.312354603662094	0.0012165322306390278
