#Position (bp)	insert size
15197.0	251.01745786033712
45590.0	267.5089706212155
75983.0	268.8147488421803
106376.0	267.97495991118785
136769.0	257.5649616368286
167162.0	261.5235177509461
197555.0	257.3453880536367
221485.0	259.98639582556837
236681.5	265.7981039325843
258341.0	255.1911947452512
288734.0	257.180461190035
319127.0	258.8122977346278
349520.0	258.10160748560463
379913.0	257.7300390467214
410306.0	262.8859060402685
440699.0	263.5671330387825
471092.0	245.93541780447842
501485.0	253.09344870210137
531878.0	257.0537443511943
562271.0	251.87850890431633
592664.0	253.30190833469254
623057.0	255.99110895570644
653450.0	258.47600653691876
683843.0	261.55522208883554
714236.0	261.44786096256684
744629.0	255.815359697665
775022.0	251.27524602573808
805415.0	257.11827384123603
835808.0	253.04671751566332
866201.0	258.98641913780216
896594.0	265.0834165834166
926987.0	262.24953889551915
957380.0	255.75662675263536
987773.0	255.4406991260924
1018166.0	259.5671062138728
1038382.5	253.0169112161154
1053579.0	249.55667128347184
1078952.0	257.04924681344147
1109345.0	278.5586043761088
1139738.0	261.41966397013067
1170131.0	244.07486970891063
1200524.0	247.19754957685993
1230917.0	248.81045828437132
1261310.0	267.4666198994505
1291703.0	269.49885107779846
1322096.0	255.05104919767237
1348657.5	240.01627546501328
1363854.0	249.51960210649503
1382882.0	254.2051955359655
1413275.0	265.4771590909091
1443668.0	252.11747350016392
1474061.0	262.3470790378007
1504454.0	258.04312354312356
1534847.0	258.2562450696818
1565240.0	261.85704952306287
1595633.0	257.07848349188583
1626026.0	251.8284942606347
1656419.0	260.1807857581338
1686812.0	248.37224528904503
1717205.0	266.15175928970734
1747598.0	259.0653690186537
1777991.0	257.485401459854
1808384.0	242.59640344018766
1838777.0	254.02603417984346
1869170.0	245.52751846175283
1899563.0	269.78174500129836
1929956.0	247.6711229946524
1960349.0	251.3098363312267
1990742.0	250.34203318833576
2021135.0	249.89712160859386
2051528.0	258.1590943858039
2081921.0	252.68646641916976
2112314.0	267.97269736842105
2142707.0	251.5266446797431
2173100.0	252.35943873388808
2203493.0	250.03861209964413
2233886.0	255.9810214903712
2264279.0	250.75953133717687
2294672.0	257.71452962267375
2325065.0	247.38552437223044
2355458.0	252.72296476306198
2385851.0	246.25892991710626
2416244.0	258.752361133344
2446637.0	252.88548057259715
2477030.0	248.57695123737005
2507423.0	252.86477892186554
2537816.0	255.9605108631826
2568209.0	250.2455242966752
2598602.0	256.6119629573402
2628995.0	254.5826911677534
2659388.0	259.2517527914827
2689781.0	253.88633477266956
2720174.0	249.63341099081813
2750567.0	258.8818279186005
2780960.0	263.8389704053718
2811353.0	254.57509157509156
2841746.0	253.7670550967304
2872139.0	250.1623853211009
2889645.5	295.86176606564953
2904842.0	268.8158246733203
2932925.0	260.1703558129913
2963318.0	256.4002434436207
2993711.0	257.6952116753106
3024104.0	261.10032829940906
3054497.0	259.28081544484945
3084890.0	253.78272980501393
3115283.0	256.3089226701917
3145676.0	261.4713779128673
3176069.0	257.33173800082045
3206462.0	252.33933701657458
3236855.0	254.4934502544116
3267248.0	267.60345606505535
3297641.0	269.19397448656474
3322340.5	249.7290543206629
3337537.0	206.12785805743553
3358427.0	207.39675383228135
3388820.0	205.37829288785647
3410819.5	205.19434837621256
3426016.0	255.13823666614834
3449606.0	264.0952473326867
3479999.0	255.74664964901086
3510392.0	261.8382352941176
3540785.0	249.058936272161
3571178.0	250.91998977505114
3601571.0	257.7149110807114
3631964.0	261.2751254480287
3662357.0	253.82279149610457
3692750.0	254.2836358182091
3723143.0	253.21144586600633
3753536.0	267.9910429634128
3783929.0	249.99342624244017
3814322.0	254.26766861259472
3844715.0	248.3681090693539
3875108.0	257.80568995548674
3905501.0	255.98104712041885
3935894.0	259.1231622746186
3966287.0	253.31961904761906
3987990.0	263.1160665326266
4003186.5	259.2929750728391
4027073.0	261.45341429424644
4057466.0	267.16156959748145
4087859.0	255.64090554254489
4118252.0	250.62629674306393
4148645.0	251.285203964047
4179038.0	264.474886829058
4209431.0	267.73801452784505
4239824.0	254.71924911844016
4259839.0	235.18858083996707
4275035.5	243.59551411290323
4300610.0	256.67444864814985
4331003.0	259.7976050077111
4361396.0	258.00848877471236
4391789.0	260.17357732176856
4422182.0	251.6870943584623
4452575.0	257.3229206838925
4482968.0	260.6987231730508
4513361.0	257.71920267426026
4543754.0	257.5775307980718
4574147.0	253.1245934097016
4604540.0	250.316778327993
4634933.0	260.08214113486576
4665326.0	257.36883567039547
4695719.0	255.03883327580255
4726112.0	272.36209088020337
4756505.0	257.6411432604093
4786898.0	271.30903029424553
4817291.0	253.06891271056662
4847684.0	250.01540253688842
4878077.0	257.10584108586244
4908470.0	259.6299302061354
4938863.0	256.72731621750916
4969256.0	256.8873923910025
4999649.0	250.1187935694978
5030042.0	252.62359636978925
5060435.0	253.67930600251853
5090828.0	250.72823489245476
5121221.0	255.2140688927016
5151614.0	256.5521527421835
5182007.0	251.64371056517655
5212400.0	252.7697967327597
5242793.0	262.85329073482427
5273186.0	261.38720839379397
5303579.0	255.4897128161166
5333972.0	258.41001971679515
5352383.0	286.1292517006803
5367579.5	257.32020234635667
5394758.0	263.0158779255593
5425151.0	255.57237673830593
5455544.0	246.8365206662554
5485937.0	258.6885777259173
5516330.0	261.8482099068171
5546723.0	266.66189908621374
5577116.0	245.3059276931547
5607509.0	254.61028645833332
5637902.0	258.53297251103834
5668295.0	255.96853961677888
5698688.0	261.1613231552163
5729081.0	249.3259984736708
5759474.0	249.58758062476286
5789867.0	255.64389534883722
5820260.0	254.04092970521543
5850653.0	262.9403772847229
5881046.0	260.7419206757253
5907241.5	262.277245831092
5922438.0	274.7287883298601
5941832.0	267.9732667973623
5972225.0	247.65882241754088
6002618.0	259.1884375342166
6033011.0	264.26636802205377
6063404.0	251.90288747895895
6093797.0	265.34605193428723
6124190.0	246.88575532053792
6154583.0	252.41764369459537
6184976.0	250.9641356542617
6215369.0	264.1606652672372
6245762.0	258.8407285675157
6276155.0	261.8210788123737
6306548.0	255.2107939632546
6336941.0	250.46471152528437
6367334.0	255.8768447172522
6397727.0	262.7291919191919
6428120.0	257.14225721784777
6458513.0	249.86553759302026
6488906.0	260.13240753471746
6519299.0	254.22031152647975
6549692.0	256.5654422061833
6580085.0	256.2275362318841
6610478.0	261.8816322853797
6640871.0	261.49121689269134
6660029.5	247.3341135166764
6675226.0	244.46486995410146
6701657.0	261.9475724194206
6732050.0	262.3722192078134
6762443.0	260.1831355402873
6792836.0	255.83776176536816
6823229.0	255.86120274042122
6853622.0	251.6940936863544
6884015.0	252.13018841195637
6914408.0	265.8676320023402
6944801.0	255.98945518453428
6975194.0	251.55167558434243
7005587.0	261.3192868719611
7035980.0	258.9361878453039
7066373.0	250.83999492450198
7096766.0	252.30108254397834
7127159.0	256.2961770623742
7157552.0	251.82256554307116
7187945.0	264.25600422275005
7218338.0	256.67394695787834
7248731.0	253.81230521765357
7279124.0	253.30267866825724
7309517.0	257.24397754030065
7327760.5	243.02890978753047
7342957.0	267.767574202187
7370303.0	256.9609080841639
7400696.0	257.8441366783971
7431089.0	267.0748670998228
7461482.0	246.22899747037678
7491875.0	251.3786610878661
7522268.0	258.4401502301914
7552661.0	249.5606914212548
7583054.0	255.53275048570634
7613447.0	257.75691391292014
7643840.0	260.4237744403514
7674233.0	262.9819371355426
7704626.0	256.212174751044
7735019.0	255.62290604515658
7765412.0	255.6604326273096
7795805.0	271.54139032890225
7826198.0	259.7795035178548
7856591.0	258.74331753554503
7886984.0	262.21684698608965
7917377.0	255.9384261624936
7947770.0	255.96390790292472
7978163.0	265.82169041361186
8008556.0	243.42581168831168
8038949.0	253.8394675019577
8069342.0	255.6936922060766
8099735.0	255.07425343018562
8130128.0	252.72030815322063
8160521.0	257.39755395683454
8190914.0	250.21974842767295
8221307.0	268.98234200743497
8251700.0	258.9596355814248
8282093.0	258.6161252900232
8312486.0	249.00115316070867
8342879.0	260.99909039226833
8373272.0	243.95758228840126
8398726.5	267.04493298621156
8413923.0	266.41787503295546
8434058.0	265.8128290115032
8464451.0	255.84582728186794
8494844.0	259.4378097982709
8525237.0	260.0625277654376
8555630.0	259.7661907481439
8586023.0	251.1622296173045
8616416.0	262.7833194129579
8646809.0	259.77642099142315
8677202.0	255.0910704533042
8707595.0	253.82088914220574
8737988.0	255.76859504132233
8768381.0	251.28921764627484
8798774.0	259.5806213017751
8829167.0	251.06261328060637
8859560.0	255.620500216857
8889953.0	257.229427549195
8920346.0	251.444863336475
8950739.0	249.45507289497172
8981132.0	252.63091056471225
9011525.0	261.7320961840042
9041918.0	253.50986070886773
9072311.0	257.17534657174974
9102704.0	256.9252360965373
9133097.0	253.0114764667956
9163490.0	257.6212633220691
9193883.0	255.57449417535256
9224276.0	255.83213272211307
9254669.0	247.7976686094921
9285062.0	266.41012445026666
9315455.0	263.990179028133
9332033.5	240.73056653491437
9347230.0	262.55504509103287
9376241.0	259.0279527908421
9406634.0	263.73320195195197
9437027.0	259.4270525147929
9467420.0	262.7520316027088
9497813.0	247.9437760571769
9528206.0	266.4799331103679
9558599.0	256.55551262235963
9588992.0	259.2424588992137
9619385.0	256.068059947752
9649778.0	259.11011814601636
9680171.0	255.98125894134478
9710564.0	252.2099867724868
9740957.0	256.62751577050165
9771350.0	263.0337676895054
9801743.0	255.02959107806691
9832136.0	264.87461773700306
9862529.0	257.87356737845334
9892922.0	249.86619635508524
9923315.0	263.84265558075083
9953708.0	250.45005682535674
9984101.0	268.48497801660966
1.0014494E7	258.2492439253311
1.0044887E7	263.10781204958204
1.007528E7	255.53733390484354
1.01041125E7	256.054394380675
1.0119309E7	238.39629439011838
1.0136066E7	256.7235279665875
1.0166459E7	254.9913043478261
1.0196852E7	256.52698443022257
1.0227245E7	255.96936178543461
1.0257638E7	254.2516597000246
1.0288031E7	257.25053345048326
1.0318424E7	264.6119483315393
1.0348817E7	257.4298833819242
1.037921E7	257.96980589503954
1.0409603E7	256.0071080139373
1.0439996E7	253.28629257398103
1.0470389E7	253.4128624305984
1.0500782E7	253.10417330359988
1.0531175E7	252.3739402052655
1.0561568E7	253.5930735930736
1.0591961E7	258.1124747553208
1.0622354E7	254.7223598637349
1.0652747E7	254.1461851156973
1.068314E7	258.9532983070636
1.0713533E7	256.5577050483636
1.0743926E7	256.2230121880441
1.0774319E7	254.37201257861636
1.0804712E7	257.20244474212996
1.0835105E7	251.34232916777452
1.0865498E7	252.41563293976984
1.0895891E7	255.9220526144852
1.0926284E7	250.61875082880255
1.0956677E7	253.93733124911185
1.098707E7	254.91797781790044
1.1017463E7	251.21193595342066
1.1047856E7	264.1031222788904
1.1078249E7	258.24012352252157
1.1108642E7	249.3962332928311
1.1139035E7	257.0483170990452
1.1169428E7	262.88434093161544
1.1196832E7	265.43865177122126
1.12120285E7	278.73224278949635
1.1230214E7	253.10503663003664
1.1260607E7	254.2020059827556
1.1291E7	257.4773259052925
1.1321393E7	265.24360146252286
1.1351786E7	257.7459616355376
1.1382179E7	254.62567448864348
1.1412572E7	249.02630247850277
1.1442965E7	250.735443823712
1.1473358E7	254.42433439095046
1.1503751E7	259.863335895465
1.1534144E7	248.94033309196234
1.1564537E7	255.8120467663164
1.159493E7	262.70915942978866
1.1625323E7	251.54711347047115
1.1655716E7	243.05122559812125
1.1686109E7	258.6051577767099
1.1716502E7	257.1462829736211
1.1746895E7	254.96702214930272
1.1777288E7	254.20358667805294
1.1807681E7	256.70777957860616
1.1838074E7	256.9831118060985
1.1868467E7	255.85402684563758
1.189886E7	258.08900985728997
1.1929253E7	254.72723689396926
1.1959646E7	256.0111607142857
1.1990039E7	246.21225412014886
1.2020432E7	253.1308840413318
1.2050825E7	256.82901604484823
1.2081218E7	252.29310913287173
1.2111611E7	262.46299810246677
1.21419565E7	256.60418812221076
