#Insert size (bp)	insert size
141.0	1.0
142.0	1.0
143.0	1.0
144.0	1.0
145.0	2.0
146.0	5.0
147.0	4.0
148.0	9.0
149.0	23.0
150.0	46.0
151.0	16270.0
152.0	32312.0
153.0	32618.0
154.0	32163.0
155.0	32475.0
156.0	32437.0
157.0	32350.0
158.0	32235.0
159.0	32113.0
160.0	32298.0
161.0	32528.0
162.0	31823.0
163.0	31771.0
164.0	31754.0
165.0	32370.0
166.0	31915.0
167.0	32059.0
168.0	31400.0
169.0	31164.0
170.0	31589.0
171.0	31393.0
172.0	31342.0
173.0	31210.0
174.0	30934.0
175.0	30708.0
176.0	30824.0
177.0	30859.0
178.0	30764.0
179.0	30383.0
180.0	30678.0
181.0	30690.0
182.0	29896.0
183.0	30110.0
184.0	30063.0
185.0	29395.0
186.0	29598.0
187.0	29150.0
188.0	29215.0
189.0	29211.0
190.0	29149.0
191.0	28752.0
192.0	28493.0
193.0	28294.0
194.0	28234.0
195.0	27993.0
196.0	27659.0
197.0	27424.0
198.0	27223.0
199.0	26721.0
200.0	26637.0
201.0	26712.0
202.0	26646.0
203.0	26127.0
204.0	25625.0
205.0	25779.0
206.0	25274.0
207.0	25174.0
208.0	24801.0
209.0	25001.0
210.0	24308.0
211.0	24339.0
212.0	24084.0
213.0	23944.0
214.0	23662.0
215.0	23119.0
216.0	22976.0
217.0	22109.0
218.0	21935.0
219.0	22387.0
220.0	21877.0
221.0	21480.0
222.0	21373.0
223.0	20756.0
224.0	20764.0
225.0	20358.0
226.0	20025.0
227.0	19878.0
228.0	19150.0
229.0	19191.0
230.0	19314.0
231.0	18511.0
232.0	18353.0
233.0	18139.0
234.0	17360.0
235.0	17485.0
236.0	17231.0
237.0	16899.0
238.0	16760.0
239.0	16323.0
240.0	16153.0
241.0	15980.0
242.0	15883.0
243.0	15477.0
244.0	15254.0
245.0	14958.0
246.0	14649.0
247.0	14426.0
248.0	14009.0
249.0	13849.0
250.0	13541.0
251.0	13520.0
252.0	13298.0
253.0	12785.0
254.0	12611.0
255.0	12655.0
256.0	12270.0
257.0	11958.0
258.0	11803.0
259.0	11555.0
260.0	11262.0
261.0	11011.0
262.0	11142.0
263.0	10642.0
264.0	10436.0
265.0	10091.0
266.0	9462.0
267.0	9164.0
268.0	8771.0
269.0	8672.0
270.0	8541.0
271.0	8408.0
272.0	8282.0
273.0	7782.0
274.0	7880.0
275.0	7808.0
276.0	7779.0
277.0	7691.0
278.0	7714.0
279.0	7639.0
280.0	7674.0
281.0	7495.0
282.0	7447.0
283.0	7594.0
284.0	7441.0
285.0	7316.0
286.0	7274.0
287.0	7287.0
288.0	7041.0
289.0	7155.0
290.0	7076.0
291.0	7028.0
292.0	6885.0
293.0	6884.0
294.0	6960.0
295.0	6741.0
296.0	6735.0
297.0	6541.0
298.0	6486.0
299.0	6660.0
300.0	6625.0
301.0	6370.0
302.0	6520.0
303.0	6607.0
304.0	6351.0
305.0	6274.0
306.0	6313.0
307.0	6215.0
308.0	6223.0
309.0	6187.0
310.0	6068.0
311.0	6144.0
312.0	6046.0
313.0	5987.0
314.0	5732.0
315.0	5819.0
316.0	5807.0
317.0	5783.0
318.0	5784.0
319.0	5684.0
320.0	5561.0
321.0	5586.0
322.0	5537.0
323.0	5488.0
324.0	5442.0
325.0	5428.0
326.0	5338.0
327.0	5353.0
328.0	5309.0
329.0	5377.0
330.0	5445.0
331.0	5327.0
332.0	5012.0
333.0	5057.0
334.0	5174.0
335.0	4998.0
336.0	5060.0
337.0	5060.0
338.0	4851.0
339.0	4958.0
340.0	4952.0
341.0	4888.0
342.0	4879.0
343.0	4957.0
344.0	4678.0
345.0	4802.0
346.0	4681.0
347.0	4692.0
348.0	4674.0
349.0	4552.0
350.0	4454.0
351.0	4558.0
352.0	4484.0
353.0	4543.0
354.0	4241.0
355.0	4397.0
356.0	4253.0
357.0	4334.0
358.0	4458.0
359.0	4234.0
360.0	4300.0
361.0	4283.0
362.0	4229.0
363.0	4185.0
364.0	4236.0
365.0	4099.0
366.0	4090.0
367.0	3927.0
368.0	4062.0
369.0	3967.0
370.0	3877.0
371.0	3802.0
372.0	3873.0
373.0	3822.0
374.0	3723.0
375.0	3839.0
376.0	3756.0
377.0	3727.0
378.0	3718.0
379.0	3705.0
380.0	3640.0
381.0	3642.0
382.0	3597.0
383.0	3574.0
384.0	3464.0
385.0	3450.0
386.0	3581.0
387.0	3411.0
388.0	3418.0
389.0	3408.0
390.0	3377.0
391.0	3379.0
392.0	3520.0
393.0	3383.0
394.0	3289.0
395.0	3393.0
396.0	3344.0
397.0	3188.0
398.0	3146.0
399.0	3159.0
400.0	3099.0
401.0	3150.0
402.0	3125.0
403.0	3036.0
404.0	2976.0
405.0	2979.0
406.0	2948.0
407.0	3038.0
408.0	2973.0
409.0	2931.0
410.0	3001.0
411.0	2770.0
412.0	2819.0
413.0	2816.0
414.0	2731.0
415.0	2822.0
416.0	2759.0
417.0	2792.0
418.0	2809.0
419.0	2676.0
420.0	2640.0
421.0	2650.0
422.0	2568.0
423.0	2675.0
424.0	2522.0
425.0	2658.0
426.0	2523.0
427.0	2572.0
428.0	2566.0
429.0	2483.0
430.0	2385.0
431.0	2395.0
432.0	2466.0
433.0	2433.0
434.0	2385.0
435.0	2434.0
436.0	2350.0
437.0	2353.0
438.0	2343.0
439.0	2257.0
440.0	2281.0
441.0	2294.0
442.0	2215.0
443.0	2357.0
444.0	2281.0
445.0	2214.0
446.0	2176.0
447.0	2192.0
448.0	2230.0
449.0	2214.0
450.0	2175.0
451.0	2154.0
452.0	2102.0
453.0	2108.0
454.0	2109.0
455.0	2004.0
456.0	2021.0
457.0	2059.0
458.0	2002.0
459.0	1990.0
460.0	1941.0
461.0	1902.0
462.0	2013.0
463.0	1921.0
464.0	1908.0
465.0	1841.0
466.0	1841.0
467.0	1941.0
468.0	1861.0
469.0	1923.0
470.0	1780.0
471.0	1829.0
472.0	1789.0
473.0	1772.0
474.0	1758.0
475.0	1678.0
476.0	1719.0
477.0	1700.0
478.0	1711.0
479.0	1696.0
480.0	1679.0
481.0	1714.0
482.0	1653.0
483.0	1680.0
484.0	1637.0
485.0	1604.0
486.0	1585.0
487.0	1630.0
488.0	1585.0
489.0	1540.0
490.0	1557.0
491.0	1463.0
492.0	1536.0
493.0	1622.0
494.0	1513.0
495.0	1496.0
496.0	1440.0
497.0	1474.0
498.0	1440.0
499.0	1463.0
500.0	1415.0
501.0	1412.0
502.0	1378.0
503.0	1385.0
504.0	1328.0
505.0	1394.0
506.0	1361.0
507.0	1277.0
508.0	1289.0
509.0	1342.0
510.0	1300.0
511.0	1306.0
512.0	1302.0
513.0	1230.0
514.0	1243.0
515.0	1284.0
516.0	1230.0
517.0	1145.0
518.0	1295.0
519.0	1187.0
520.0	1149.0
521.0	1215.0
522.0	1165.0
523.0	1198.0
524.0	1159.0
525.0	1152.0
526.0	1181.0
527.0	1115.0
528.0	1165.0
529.0	1114.0
530.0	1107.0
531.0	1139.0
532.0	1153.0
533.0	1116.0
534.0	1075.0
535.0	1061.0
536.0	1090.0
537.0	1114.0
538.0	1068.0
539.0	1057.0
540.0	1010.0
541.0	1027.0
542.0	1028.0
543.0	965.0
544.0	1045.0
545.0	982.0
546.0	932.0
547.0	1035.0
548.0	945.0
549.0	955.0
550.0	978.0
551.0	953.0
552.0	926.0
553.0	905.0
554.0	892.0
555.0	946.0
556.0	852.0
557.0	895.0
558.0	882.0
559.0	894.0
560.0	912.0
561.0	828.0
562.0	848.0
563.0	880.0
564.0	852.0
565.0	849.0
566.0	832.0
567.0	795.0
568.0	825.0
