# Position (bp)	A	C	G	T	N
0.0	27.799671163408014	21.40059032111091	33.4585606465799	17.34073413759632	4.437313048473683E-4
1.0	23.32092132392667	18.90498669804322	12.27799750814735	45.494755611000066	0.0013388588826986356
2.0	32.8484925090059	19.664055054723708	13.767763852378954	33.71939135946697	2.972244244640105E-4
3.0	21.405848153747836	22.3045965366211	10.93048303380769	45.35897875524105	9.352058232149258E-5
4.0	39.888228962068595	10.197969242690863	10.345788638615211	39.567873337963924	1.3981866141031356E-4
5.0	44.19385068153655	11.1464219330855	22.435982032218092	22.223745353159853	0.0
6.0	34.77002434860943	14.309747120776548	20.22369580163738	30.69653272897664	0.0
7.0	40.33436004488038	15.291183322540435	19.316045597576313	25.058411035002877	0.0
8.0	20.01671402049772	30.789775873895174	22.03917194932641	27.1543381562807	0.0
9.0	30.453782717732107	19.657467377261774	13.803484620796674	36.08526528420944	0.0
10.0	27.997721394655606	15.38179322206592	27.9147643908016	28.705720992476873	0.0
11.0	27.553074962054204	18.598812162101815	18.512610166257375	35.33548746878111	1.5240805488762725E-5
12.0	25.404969404304783	20.610855866175207	23.13971894798785	30.844455781532158	0.0
13.0	24.084454845883446	26.18745577964746	18.52015841538518	31.207930959083914	0.0
14.0	32.74714591689849	20.663764313518264	20.07392198491676	26.515167784666488	0.0
15.0	32.804018735998916	19.00284358759683	19.279674759954442	28.913462916449816	0.0
16.0	31.758895998512205	18.598036315553323	18.399979657175255	31.24308802875922	0.0
17.0	31.83359666489711	18.407619250025103	18.72258151083727	31.036202574240512	0.0
18.0	31.44615086101191	18.466234301717833	19.26155005199698	30.82606478527328	0.0
19.0	30.83550935283923	19.122264543737806	19.168082292739275	30.874113942529192	2.986815449900278E-5
20.0	30.579606752929706	19.166411311748654	19.336651234142607	30.91733070117903	0.0
21.0	30.351715618713886	19.340829851582846	19.382897649537945	30.924556880165323	0.0
22.0	30.521692172846027	19.418562577164465	19.234309145240474	30.825302695184494	1.3340956454673434E-4
23.0	30.71768175537553	19.306628795048457	19.323486475999392	30.65215861125833	4.436231829194428E-5
24.0	30.452803902107426	19.45192703729449	19.335193671467195	30.760075389130886	0.0
25.0	30.549034295052678	19.554853762787342	19.269067788815644	30.62673511598834	3.090373559941106E-4
26.0	30.79061976303502	19.363405272364385	19.339225771501514	30.506352807839033	3.9638526004708176E-4
27.0	30.606603378431814	19.337245643685872	19.484623653709274	30.571278350092708	2.489740803336839E-4
28.0	30.749044309778633	19.38663126575406	19.346247107798817	30.517668215213078	4.091014554076492E-4
29.0	30.289447436286682	19.054999254448493	19.198570756627646	29.903655505354926	1.5533270472822498
30.0	30.52301922360769	19.392111080784638	19.550857327156425	30.533198061425797	8.143070254484032E-4
31.0	30.546808433159338	19.632996616876618	19.197422564572626	30.622772385391418	0.0
32.0	30.650658014154708	19.550658795798924	19.33506974148131	30.46236860777875	0.0012448407863109201
33.0	30.47188865949305	19.38393858450011	19.47517217324994	30.668235127603538	7.654551533546073E-4
34.0	30.40438786994911	19.63442102972563	19.395904097487726	30.565013193296565	2.738095409655101E-4
35.0	30.592857979967487	19.33084994021594	19.505938501868297	30.570109121185123	2.4445676314799916E-4
36.0	30.59120360398266	19.34559065901147	19.504419378998072	30.558427601412237	3.587565955606311E-4
37.0	30.543334716338165	19.547400807833316	19.407964131433104	30.500727473908974	5.728704864429484E-4
38.0	30.654970902331456	19.43315469039552	19.45418019471818	30.457594159169215	1.000533856279029E-4
39.0	30.554191552782346	19.383194300158156	19.51983551695832	30.542379177807344	3.9945229384053124E-4
40.0	30.49784291659719	19.476846222601438	19.399909749515746	30.624916965425008	4.841458606169699E-4
41.0	30.634579929035482	19.445906506104105	19.371638669705987	30.547874895154425	0.0
42.0	30.446116318059076	19.480343503435375	19.511785725231302	30.561101771774872	6.526814993739933E-4
43.0	30.42456331197344	19.65074872945456	19.34688015229548	30.577297888373305	5.09917903217582E-4
44.0	30.6505767924913	19.50481737473369	19.401546503567605	30.442521975639785	5.373535676176034E-4
45.0	30.449549417145654	19.48175948048039	19.50670597681063	30.561985125563325	0.0
46.0	30.453450702815744	19.56522658439075	19.372702517472778	30.608620195320725	0.0
47.0	30.64765137652642	19.46837338311647	19.416817770261265	30.467157470095845	0.0
48.0	30.494522405784675	19.42223502708932	19.524043089939354	30.559199477186645	0.0
49.0	30.4912124601603	19.661101154596984	19.332138551638288	30.5152952172711	2.526163333300587E-4
50.0	30.64482922788195	19.392625561839363	19.458075091492695	30.504470118785992	0.0
51.0	30.358545696700062	19.544441687251144	19.535470312096088	30.56154230395271	0.0
52.0	30.496440022151845	19.620385510279334	19.362413264939565	30.52076120262926	0.0
53.0	30.595301432610594	19.499427410873846	19.43924377749953	30.46602737901603	0.0
54.0	30.395429509076312	19.44718901087685	19.520128013457253	30.637253466589588	0.0
55.0	30.452406311200285	19.644469551897426	19.365033071223223	30.538091065679062	0.0
56.0	30.557942446011133	19.42657213838424	19.42974435290163	30.585741062702994	0.0
57.0	30.419418052743495	19.53278986899675	19.539544834834828	30.508191646998274	5.559642665086987E-5
58.0	30.347087842386244	19.665061884460126	19.420248359856302	30.567435288472005	1.6662482532164147E-4
59.0	30.6337464475956	19.455800639744925	19.452318638362666	30.45803716668854	9.710760827012785E-5
60.0	30.480420399901043	19.505047446062285	19.519143011780262	30.49525054279016	1.3859946625345546E-4
61.0	30.431991270022067	19.507650847966964	19.44405938434545	30.61629849766552	0.0
62.0	30.603301847694674	19.479440146866867	19.38166358802886	30.5351931266926	4.0129071699719415E-4
63.0	30.36703524502939	19.542935728871456	19.471545794644772	30.618455577015403	2.76544389799273E-5
64.0	30.386223251717304	19.61030144236941	19.391198259224105	30.611834860648525	4.421860406565192E-4
65.0	30.608081365497053	19.454063013295304	19.459987444073512	30.477453881275512	4.142958586157381E-4
66.0	30.457742639567147	19.50724152808706	19.514791256227838	30.52022457611796	0.0
67.0	30.523866427139257	19.664015071354687	19.271904356053028	30.54021414545303	0.0
68.0	30.54207420397593	19.508703498070034	19.583935851732694	30.365286446221347	0.0
69.0	30.417199183553745	19.563820425932644	19.53506727080455	30.483513387446976	3.9973226208762794E-4
70.0	30.449813496334	19.614467227854153	19.390084095446884	30.545221799502016	4.1338086294633074E-4
71.0	30.659714640924886	19.48730417293738	19.47961745491113	30.373363731226604	0.0
72.0	30.48198995338362	19.532299198168566	19.52813984995771	30.4575709984901	0.0
73.0	30.331525202657332	19.683952601565515	19.363215042883432	30.621252071739896	5.508115381797771E-5
74.0	30.668931765994017	19.44125499867886	19.435320541250057	30.454492694077068	0.0
75.0	30.479698903382108	19.437213135181615	19.441770615542108	30.64131734589417	0.0
76.0	30.464716433463263	19.65145957687561	19.220985290981147	30.662040096179275	7.986025006998099E-4
77.0	30.52071905313443	19.531477749950803	19.393883644574817	30.55391955233995	0.0
78.0	30.28831818363993	19.57941610268783	19.39439422551046	30.737788852218422	8.263594335746808E-5
79.0	30.165177060435983	19.8624357909942	19.3723886087655	30.5997368066154	2.6173318891171477E-4
80.0	30.35049319000268	19.610766747343554	19.368143584189536	30.670444907882978	1.5157058125251038E-4
81.0	30.21946956032484	19.61802267610452	19.364185273736677	30.79818465458072	1.3783525324057572E-4
82.0	30.20742873799591	19.903501251047594	19.19097083665066	30.697726879749688	3.7229455614353586E-4
83.0	30.486604528546035	19.7469686800972	19.093945913210337	30.672177384032484	3.0349411393858797E-4
84.0	30.24867156960912	19.758318898098025	19.21030211379874	30.78222436544426	4.8305304985204084E-4
85.0	30.241618315753193	19.860528972986828	19.084888995435204	30.81219039580728	7.733200174991273E-4
86.0	30.37231807440945	19.77406141845024	19.130328805635365	30.722863347865577	4.283536393685183E-4
87.0	30.14541171271733	19.892273076523697	19.239415731598577	30.722705904752267	1.9357440813587705E-4
88.0	30.120046471030047	20.09993817515416	19.08536311995736	30.694320139789465	3.320940689659753E-4
89.0	30.262021462731028	20.096837781829034	19.120262056082275	30.520310938875046	5.677604826241059E-4
90.0	30.153738605564463	20.070061607425487	19.26308915253617	30.51218206039224	9.285740816402332E-4
91.0	30.088829845007965	20.212274989800875	19.217414572522408	30.481175416506506	3.0517616224607437E-4
92.0	30.294437850039007	20.17842244203985	19.269135002991433	30.254478020913794	0.003526684015915619
93.0	30.014855991117262	20.23313996500663	19.316221355240533	30.434976581904543	8.061067310328994E-4
94.0	30.005293548479095	20.371090964865722	19.24339123775128	30.37980688634313	4.1736256076972786E-4
95.0	30.225536391058426	20.23323657387684	19.368473593693007	30.172586318575878	1.6712279584181773E-4
96.0	30.08288902769567	20.226330964942612	19.478614770280974	30.21206763856201	9.759851873333853E-5
97.0	30.008901935071574	20.353673587245318	19.5077733841215	30.129651093561616	0.0
98.0	30.11940438690085	20.219065511682572	19.459608215187302	30.200636044437573	0.0012858417917031338
99.0	29.940888224471923	20.257699799284747	19.597349136778867	30.203824925693933	2.3791377053300803E-4
100.0	29.89125758398332	20.40370741064514	19.5579673200984	30.14698360175129	8.4083521843918E-5
101.0	29.932816588233397	20.316923273386315	19.631112199455096	30.118923409507275	2.2452941791450062E-4
102.0	29.817390772785046	20.256730768555155	19.79558783954222	30.130220355072325	7.026404525566627E-5
103.0	29.757407482725995	20.46317147035325	19.709936600878823	30.068274136285662	0.0012103097562647252
104.0	29.957733591393144	20.2976717675387	19.75640296344071	29.987966166577117	2.2551105032335469E-4
105.0	29.68304072879556	20.31370541708128	19.92370876692763	30.079403922157645	1.411650378809321E-4
106.0	29.68355931122566	20.414292252737983	19.8543446136818	30.046913041554074	8.907808004782504E-4
107.0	29.768384121742052	20.311671691428852	20.055762184452274	29.863176436214033	0.0010055661627835996
108.0	29.566059736604622	20.309582993492505	20.172847454467476	29.950048541258223	0.0014612741771714074
109.0	29.566146610701598	20.448079628281594	20.069002233277917	29.91631674287629	4.547848625995446E-4
110.0	29.60758200397398	20.351043697296177	20.16450341444746	29.876828171654644	4.271262773211324E-5
111.0	29.500561220858273	20.352154855591003	20.231937054255912	29.91533260519878	1.4264096029317852E-5
112.0	29.46690951061628	20.39864880894704	20.25391713064553	29.880295883171936	2.2866661921834317E-4
113.0	29.63121012003066	20.259092443270724	20.393584751275863	29.715983806507495	1.288789152519461E-4
114.0	29.546061101044753	20.288484882573705	20.50964026844559	29.6556702616673	1.4348626865106265E-4
115.0	29.25474044531567	20.62120131395196	20.390136819913614	29.733892665359345	2.875545940368941E-5
116.0	29.50142238113071	20.37570515681062	20.524218374804022	29.5977175044304	9.365828242525384E-4
117.0	29.321255873314033	20.309298269478866	20.71504755402409	29.654398303183005	0.0
118.0	29.294007296311076	20.418845363910282	20.651350694599728	29.63565191730423	1.4472787468997479E-4
119.0	29.358811953169866	20.300664192318553	20.734741266129934	29.60573907188302	4.351649862770722E-5
120.0	29.148432761304825	20.328451638303676	20.924347781080314	29.5984188914212	3.489278899807101E-4
121.0	29.17481652080723	20.4367738906216	20.911600350097622	29.47680923847355	0.0
122.0	29.269284959364146	20.306373990129362	21.017287860516788	29.40375177761336	0.003301412376352246
123.0	29.097589793894336	20.292299192566237	21.151745154277236	29.45548117361898	0.002884685643212415
124.0	29.0815680985723	20.382410367799604	21.162311571213305	29.373636571000468	7.339141432007405E-5
125.0	29.12058962138878	20.310095038664773	21.301208549051076	29.267341690873987	7.651000213786601E-4
126.0	28.956157743216615	20.236983258400336	21.484893121105028	29.32140541001351	5.604672645082482E-4
127.0	28.935343778636145	20.40769739590895	21.39552336561625	29.259069905386692	0.0023655544519586937
128.0	28.935148545666344	20.22380406140421	21.594001855524038	29.246319333908367	7.262034970403502E-4
129.0	28.786154923630473	20.323478871686774	21.62202677650559	29.26464003080751	0.003699397369654185
130.0	28.809987575552764	20.3796233107771	21.653553627232625	29.15527163249373	0.001563853943786451
131.0	28.8006909973998	20.228441231999987	21.85118024237167	29.11794062468972	0.001746903538823438
132.0	28.71220496755882	20.22461398540813	22.003482865433682	29.058321081634187	0.0013770999651833205
133.0	28.525055840960746	20.36713602835528	21.991907281121065	29.114970479508223	9.303700546892527E-4
134.0	28.684710375664217	20.19076715148754	22.1678205746543	28.955949709248884	7.521889450489871E-4
135.0	28.51135735166609	20.2038530340943	22.33717313557138	28.947194185383434	4.222932847977585E-4
136.0	28.48860021437394	20.303486245246024	22.28475929501849	28.922700639901223	4.536054603210892E-4
137.0	28.549928220272054	20.09820255071954	22.47507416733242	28.87561262898749	0.0011824326885032676
138.0	28.302099849981406	20.0682963793557	22.69128890608617	28.93744858356215	8.662810145700868E-4
139.0	28.28810313533465	20.28218743257525	22.6500074967179	28.777705858045078	0.0019960773271214187
140.0	28.438577234747715	20.040681425331712	22.846248501944324	28.673438756734086	0.0010540812421659994
141.0	28.261157931176033	20.085853804985497	22.924666158130304	28.726468705100988	0.0018534006071801658
142.0	28.137579293075497	20.151026385080424	23.083094459064	28.626948396246917	0.0013514665331581545
143.0	28.212206068156075	19.997474617208173	23.200691708506152	28.587964549169126	0.0016630569604708298
144.0	27.97139910575497	19.993094823727308	23.344931003052512	28.688861126127396	0.0017139413378099628
145.0	27.968584127251532	20.066135419673152	23.397634410733286	28.56636086725473	0.0012851750872990017
146.0	28.045164081276212	19.934746983072785	23.51594571689346	28.50277679350302	0.001366425254519995
147.0	27.818705214362055	20.009840652454884	23.742435329406415	28.42719646072944	0.001822343047200554
148.0	27.777084937155188	20.006601260428162	23.73267208207567	28.48223520178384	0.0014065185571370032
149.0	27.81596604997289	19.85355785173067	23.951498612301297	28.378678463876163	2.9902211898090117E-4
150.0	27.64883124648935	19.71721940437888	23.987116449678915	28.64567687018219	0.0011560292706611333
