#Position (bp)	Coverage	Std
15197.0	193.27611621096963	188.13377940981925
45590.0	167.59569637745534	90.56413673833191
75983.0	145.1164412858224	79.58083253306751
106376.0	134.83585036028032	70.48654441176629
136769.0	125.46563353403744	75.03540484152914
167162.0	191.07449083670582	99.40622435340778
197555.0	168.98450301056164	123.03195188706597
221485.0	172.01288143356044	107.23385266982162
236681.5	210.88890608076744	145.66403781981273
258341.0	176.03178363438948	104.28430956318712
288734.0	171.06873293192513	91.71522515690374
319127.0	143.4347053597868	86.52814358814238
349520.0	120.98519395913533	64.25763069107101
379913.0	99.10949889777251	58.63108772991272
410306.0	97.69654196690027	57.03172949032193
440699.0	106.68078175895765	81.10107418038059
471092.0	82.28108446023755	55.27921695416319
501485.0	105.06017833053663	69.5574811288881
531878.0	85.35251538183134	49.17626732134431
562271.0	82.203829829237	51.17431274832183
592664.0	82.21590497811997	53.9049056611869
623057.0	80.97466521896489	49.27273173457211
653450.0	91.5915177837002	56.49010594683384
683843.0	84.80186227091765	48.18488737323139
714236.0	72.52215970782746	55.344393945877385
744629.0	97.44997203303392	51.29565479616503
775022.0	89.83042147862994	50.9998193595301
805415.0	108.3321817523772	65.06727370139706
835808.0	106.50965682887507	61.386065500301804
866201.0	123.6048432204784	72.11845302285697
896594.0	128.87566215904977	68.32944465078246
926987.0	152.95614121672753	86.88084947630865
957380.0	166.22455828644755	90.26355463255051
987773.0	190.0535978679301	111.593924687875
1018166.0	214.63297469812127	122.27788875389568
1038382.5	220.87410358565737	124.70234520809305
1053579.0	196.3639266938535	131.5822651325798
1078952.0	168.52880597506004	99.60395994589389
1109345.0	156.6785114993584	80.36000230660115
1139738.0	116.15424604349685	78.70630947214777
1170131.0	103.6741683940381	65.75056782829357
1200524.0	98.90346461356233	76.51641815902013
1230917.0	124.91090053630771	78.08581981055497
1261310.0	133.88549995064653	78.04020702020208
1291703.0	161.39903925245946	86.34993679733888
1322096.0	186.34705359786793	120.1160062881053
1348657.5	185.8102507699076	122.58997952373777
1363854.0	199.99882552525122	99.07458400556769
1382882.0	194.43595564768202	115.00352592947587
1413275.0	164.11147303655446	92.60130174990162
1443668.0	150.63866679827592	88.64417700077747
1474061.0	142.91323660053303	77.37899691320753
1504454.0	122.89589708156484	72.93297561453886
1534847.0	113.89066561379265	64.78401407433869
1565240.0	106.643799559109	60.65523076955923
1595633.0	95.95281808311124	55.499384856725015
1626026.0	101.24518803671899	57.63394601814866
1656419.0	92.82328167670187	51.01296702401422
1686812.0	76.02908564472082	47.57823294936473
1717205.0	80.68167012140954	50.26712279800285
1747598.0	84.4570131280229	56.53776993139936
1777991.0	74.73780146744316	45.47490262401709
1808384.0	70.0085875037015	46.254604827403746
1838777.0	80.6290593228704	52.89431980730513
1869170.0	85.8732602901984	69.64187335313322
1899563.0	111.23587668213075	73.79562784858379
1929956.0	75.18820123054651	48.83505503161408
1960349.0	72.67884052248873	47.71944496977731
1990742.0	75.5941499687428	45.61970124241328
2021135.0	97.3516599216925	75.54828706079677
2051528.0	82.4400684368111	45.4093526859235
2081921.0	76.81304905734874	44.61089225692611
2112314.0	79.7177639588063	49.7944113408631
2142707.0	69.47027276017504	43.80448029967198
2173100.0	74.20359951304577	47.17670292616175
2203493.0	68.26219853255684	41.63555525891493
2233886.0	93.37455993156318	70.75990184241867
2264279.0	66.83213239890765	41.364549953157905
2294672.0	71.67574770506367	42.760593208276546
2325065.0	69.53156976935479	43.633408600137216
2355458.0	101.1538841180535	82.91841350068036
2385851.0	72.7105912545652	45.53994530771079
2416244.0	78.17260553416905	45.99779227334341
2446637.0	99.04214786299477	77.0374555148307
2477030.0	85.1314776428783	52.749150750938334
2507423.0	85.43934458592439	48.99227238315809
2537816.0	87.04826769321883	49.93669865212578
2568209.0	100.93462310400422	77.75072944138715
2598602.0	86.70256309018524	52.18215560139917
2628995.0	88.92399565689468	51.71481735528113
2659388.0	97.68120948902708	56.63224639334562
2689781.0	101.19942091929063	54.75463705788431
2720174.0	89.57486921330569	55.12762178476649
2750567.0	122.15447635968809	66.33650948786888
2780960.0	124.63593590629421	66.54761851157959
2811353.0	154.15901687888658	94.4474769245351
2841746.0	161.72190965024842	102.81252034080295
2872139.0	196.7549764748462	145.9545928175762
2889645.5	313.45541125541126	147.61316592108832
2904842.0	212.45373064835292	114.46433744115477
2932925.0	170.86424505642748	99.30145432294432
2963318.0	151.4748790839996	84.66276085180647
2993711.0	121.53568255848386	71.36874649668262
3024104.0	112.18178527950515	61.36418222276778
3054497.0	110.65538117329648	67.20354250650496
3084890.0	116.84275984601717	67.3881690960883
3115283.0	115.95344322705886	70.01377836769018
3145676.0	117.49774619155727	69.41378359098915
3176069.0	111.06241568782285	63.30777866582608
3206462.0	137.49037607343797	79.40185674615101
3236855.0	147.9931234165762	82.43859234752877
3267248.0	173.36192544335867	92.96450967559699
3297641.0	216.97844898496365	102.30661949160837
3322340.5	207.2163527307166	124.22063761904018
3337537.0	131.3207166066567	377.41057575143725
3358427.0	214.2923370512947	542.0557540476505
3388820.0	201.0069752903629	668.1249013880825
3410819.5	225.37902396001763	661.8328073820744
3426016.0	171.71728122952285	102.53588945204642
3449606.0	195.85697364524725	116.9125678208317
3479999.0	166.5686177738295	97.21398567232197
3510392.0	158.55542394630342	91.37563459103178
3540785.0	119.72506827229954	81.50266458962409
3571178.0	113.99927614911329	76.71818725258014
3601571.0	107.98680617247392	55.993697971139014
3631964.0	105.91267726121146	59.42849064723664
3662357.0	101.45619057019708	60.4689223774272
3692750.0	91.07705721712236	52.11464164121154
3723143.0	93.2185700654756	54.6977363792896
3753536.0	97.7559964465502	57.86394763599743
3783929.0	97.45141973480736	57.332013686713246
3814322.0	102.35363406047445	63.92326050023793
3844715.0	105.61948474977791	68.30337233879672
3875108.0	149.1294706017833	106.75315101456343
3905501.0	139.57914651399994	87.0901234330211
3935894.0	192.35491725068272	104.2674008632087
3966287.0	180.97716579475536	106.72063969230143
3987990.0	221.11027434104358	123.94230263530099
4003186.5	195.45293440736478	110.69923719802927
4027073.0	194.25101174612576	119.72637304424403
4057466.0	172.87740598164052	94.19364085102013
4087859.0	135.19402493995327	82.22425845002215
4118252.0	119.95600960747541	71.20208156767819
4148645.0	122.27262856578818	79.94864377480454
4179038.0	153.746717994275	80.49122988076134
4209431.0	148.32971407889974	87.22451498034113
4239824.0	176.0077649458757	96.02321577251566
4259839.0	156.29947078966484	105.21959278687778
4275035.5	187.7301984968202	133.31471454524518
4300610.0	221.76037245418354	124.60698944881827
4331003.0	183.6257361892541	111.01885750009527
4361396.0	152.6085611818511	83.66997328378551
4391789.0	151.30316191228243	73.93545797634458
4422182.0	108.33359655183759	69.69915941164166
4452575.0	110.33616293225414	59.675920965266016
4482968.0	109.80623827855098	64.2481560197357
4513361.0	110.24324680025006	60.98110332435675
4543754.0	92.71986970684038	55.440553922628276
4574147.0	86.57924522093903	51.02006872038766
4604540.0	84.01141710262232	51.578993055259225
4634933.0	84.44806369887803	51.27128768881635
4665326.0	78.46553482709834	45.73109090418763
4695719.0	70.23607409600895	44.53200308969643
4726112.0	82.30378705623005	43.24727945895321
4756505.0	69.48731615832592	42.49648966208671
4786898.0	85.65235416049748	56.417853889428436
4817291.0	108.3730464251637	89.4054810702632
4847684.0	89.41720132925344	63.84436661719934
4878077.0	83.45207778106801	53.22162908431786
4908470.0	83.48774388839536	49.80046752778118
4938863.0	85.12818741157503	51.86184219773275
4969256.0	97.12604876122792	57.09543465613251
4999649.0	87.86835784555655	53.35205290371587
5030042.0	81.11361168690159	52.32619576906662
5060435.0	88.20317178297634	52.18575831433295
5090828.0	107.8326917382292	74.89261134649645
5121221.0	112.26029019840095	65.89949739403254
5151614.0	106.12749646300135	62.48904961156708
5182007.0	103.710393840687	60.92534481563609
5212400.0	117.75612805580232	71.94592942229782
5242793.0	140.49310696541966	82.2225747875355
5273186.0	160.0210903826539	90.64876120175549
5303579.0	177.1623729148159	100.30822895245399
5333972.0	211.16592636462343	118.92149116442566
5352383.0	232.61502566495568	106.64955629604275
5367579.5	194.15773660490737	118.83771084527456
5394758.0	177.77251340769257	92.59628194977157
5425151.0	163.44306254729707	94.44350773030146
5455544.0	137.58753660382325	87.99026897678318
5485937.0	119.21794492152799	77.41251936334483
5516330.0	121.04181883986445	68.94308723718594
5546723.0	113.91119665712499	61.096445388642955
5577116.0	133.99631494094035	127.66520796048643
5607509.0	107.56118185108413	60.771726518611494
5637902.0	97.39160332971407	57.147896532681685
5668295.0	107.10949889777251	56.809507185008165
5698688.0	114.67982759187971	58.19638676160296
5729081.0	108.00835718751028	68.86114699804878
5759474.0	111.02961208172934	69.65603809393768
5789867.0	139.57430987398413	73.66320223962371
5820260.0	145.7665909913467	84.76405364255966
5850653.0	174.27716908498667	93.35902814801584
5881046.0	205.4313822261705	127.2860562065985
5907241.5	210.40108191653786	130.1550875081529
5922438.0	203.4880285884455	111.39192220952049
5941832.0	209.0019083341559	112.76049701804729
5972225.0	178.59085973743953	107.66108407918091
6002618.0	163.89497581679993	91.61513074679517
6033011.0	136.10617576415623	76.51612038114892
6063404.0	99.68140690290528	58.61756493432659
6093797.0	110.39509097489554	58.91656096149225
6124190.0	91.12121212121212	62.07288089569189
6154583.0	84.90135886552825	52.96418273122944
6184976.0	82.48859934853421	48.36139982048679
6215369.0	87.50419504491165	47.062429179957284
6245762.0	91.95456190570196	51.8007535337092
6276155.0	82.47662290659034	47.67479204014909
6306548.0	79.74767216135294	47.96601633169268
6336941.0	85.18422005066957	49.374620908714306
6367334.0	99.87536603823249	56.311204030854
6397727.0	130.41298983318526	91.39720447017865
6428120.0	101.4543809429803	55.5632486694629
6458513.0	96.78485177507979	57.53311272347338
6488906.0	108.49761458230513	56.26871185130968
6519299.0	122.34912644358899	71.95633384346931
6549692.0	130.81962951995524	76.69950994486375
6580085.0	156.9090909090909	81.68720258139771
6610478.0	201.663968676998	109.7719271543603
6640871.0	219.6022110354358	133.7066307258392
6660029.5	202.0940181726401	121.73807387996591
6675226.0	177.82620499354667	124.4140355460958
6701657.0	200.2722666403448	114.1321250721318
6732050.0	161.46132333103017	87.80878366877089
6762443.0	139.0372125160399	79.48913275103996
6792836.0	132.05211726384366	67.76161496262691
6823229.0	109.15990524133846	61.129018891305854
6853622.0	104.75129141578653	63.700366942376604
6884015.0	97.39328134767874	59.55002746486106
6914408.0	101.24275326555457	52.72781915811421
6944801.0	87.46402132069885	52.75230184471669
6975194.0	88.15589115914848	54.16625596831462
7005587.0	89.77876484716876	51.43158570784098
7035980.0	93.60507353666962	52.82749614573585
7066373.0	96.63596880860725	59.29552401513563
7096766.0	100.09867403678479	59.01098305245637
7127159.0	100.77494817885697	61.366279459194054
7157552.0	115.29401506925937	69.19566752362753
7187945.0	113.28990228013029	64.91808261747096
7218338.0	131.39834830388577	69.95525030127648
7248731.0	165.50811042016252	99.91214562809735
7279124.0	162.31872470634687	89.14777118781531
7309517.0	186.05810548481557	112.24329511992308
7327760.5	209.94552018378732	123.11827357392602
7342957.0	193.69463763940902	109.92171096963267
7370303.0	158.5466061264107	90.89874229585895
7400696.0	141.87122034679038	79.15118411223693
7431089.0	112.05961899121509	62.44452886633647
7461482.0	101.91955384463527	65.56759061882975
7491875.0	108.18152206100089	62.00529571952559
7522268.0	111.94942914486889	62.3619934566032
7552661.0	107.88836245188037	81.84228959330086
7583054.0	103.22985555884578	59.11189671046082
7613447.0	99.56529464021321	58.24166182647448
7643840.0	107.53400454051919	54.05578538938977
7674233.0	98.27818905669069	53.10798774311504
7704626.0	81.3225084723456	53.84821883346012
7735019.0	83.50113512979962	46.42628877629953
7765412.0	66.68245977692231	42.105714482131766
7795805.0	1558.1379923008587	1604.3019318118068
7826198.0	122.8186753528773	215.31375638208124
7856591.0	72.95686506761426	40.90251935065948
7886984.0	88.9227124666864	47.98213346074495
7917377.0	100.14700753462968	83.1097143785916
7947770.0	83.51742177475076	48.15713512460368
7978163.0	95.30500444181226	70.00663796193844
8008556.0	69.24923502122199	49.56922616710141
8038949.0	75.50324087783372	45.715784059597254
8069342.0	74.01046293554437	47.09178099413267
8099735.0	75.91149277794229	47.470047633230664
8130128.0	61.8717467837989	50.231507604950956
8160521.0	81.89981245681571	50.62071138265827
8190914.0	98.42878294344092	59.578014086114855
8221307.0	106.18889217912019	54.28183416652103
8251700.0	106.15654920540914	67.02071273306669
8282093.0	116.44487217451386	69.64026747658176
8312486.0	132.1659921692495	84.13528134149978
8342879.0	130.72424571447374	84.13060153924675
8373272.0	147.76402461093014	91.13946149238161
8398726.5	264.3773640085787	162.26430137188999
8413923.0	184.74091323276298	120.9476691201063
8434058.0	196.94564537887013	106.98068167710242
8464451.0	156.900108577633	103.65650824101958
8494844.0	153.95097555358143	88.00973032112968
8525237.0	144.0267495804955	72.71646174541054
8555630.0	134.30490573487316	72.7055418213464
8586023.0	130.50123383673872	92.15102229713463
8616416.0	127.54301977429013	83.97500462422455
8646809.0	100.64439180074359	59.64264930204549
8677202.0	96.66706149442305	61.24251042167783
8707595.0	91.9896028690817	58.78764133106686
8737988.0	95.6958510183266	54.1223962046591
8768381.0	97.39199815747047	76.3298901507448
8798774.0	105.75701641825421	80.51524494676904
8829167.0	71.42921067351035	46.79617272800495
8859560.0	89.68989569966769	48.28359041277639
8889953.0	80.30553087882078	48.43579213685869
8920346.0	80.554996216234	53.44208572065456
8950739.0	81.34044023294838	52.35371109145819
8981132.0	86.11367749152765	53.3238739020114
9011525.0	106.61800414569144	55.97356203858393
9041918.0	97.82166946336328	58.5699343173234
9072311.0	105.92514723785082	61.154030268036195
9102704.0	107.64426019149145	59.30054358755259
9133097.0	108.00559339321555	62.656591711076054
9163490.0	111.68199914453986	63.38673387330813
9193883.0	122.29454150626789	69.83184252461048
9224276.0	142.94149968742803	82.25471308380489
9254669.0	152.4325996117527	87.22160001001951
9285062.0	193.36909814759977	100.18630721670307
9315455.0	191.69127759681507	105.32185162243289
9332033.5	223.24348769898697	144.19436979560794
9347230.0	232.58004270874807	144.21337597557243
9376241.0	204.7100977198697	108.30377735511219
9406634.0	185.97749481788568	99.76594891491172
9437027.0	171.29885170927517	99.68931155949667
9467420.0	144.11489487710986	76.64738248455255
9497813.0	116.70025992827296	68.69726283461841
9528206.0	108.9772974040075	59.07453382108399
9558599.0	107.99223505412431	62.90632562761888
9588992.0	98.23255354851446	53.27751187393219
9619385.0	89.51011746125752	55.91979370258746
9649778.0	89.09873984141085	47.51250703356139
9680171.0	84.38502286710755	47.381964963026206
9710564.0	76.05919126114566	41.80754743982135
9740957.0	77.31086105353207	43.607701449437656
9771350.0	91.1177573783437	47.022892334627464
9801743.0	89.24081202908565	51.29414197310209
9832136.0	92.92675945118941	56.982286567520845
9862529.0	112.59375514098642	75.925214344535
9892922.0	103.25854637581023	67.85310670190027
9923315.0	117.57444148323627	65.69671555342735
9953708.0	105.78087059520284	61.327300916149795
9984101.0	127.35554239463035	68.91735306139647
1.0014494E7	158.00651465798046	81.44114128597676
1.0044887E7	182.45776988122265	111.6426539902109
1.007528E7	204.64123317869246	114.93048071892198
1.01041125E7	233.7740173071282	136.19278477948097
1.0119309E7	213.23550144184557	129.8702788567994
1.0136066E7	203.2632514065739	129.2240129528576
1.0166459E7	196.78346987793242	109.07907300699348
1.0196852E7	172.4024281907018	100.14793913387739
1.0227245E7	153.34346724574738	103.55913363793383
1.0257638E7	129.5343335636495	77.63323488697915
1.0288031E7	118.0889020498141	67.27539748698051
1.0318424E7	115.29493633402429	62.47225897032059
1.0348817E7	98.16757148027506	58.38983036173307
1.037921E7	98.50939361037081	54.502819187434206
1.0409603E7	96.07761655644391	56.991578694706824
1.0439996E7	93.18859605830289	52.778399662464246
1.0470389E7	85.79682821702366	58.02519939940494
1.0500782E7	83.93034580330998	50.94433439021471
1.0531175E7	83.59461060112525	48.17444604082925
1.0561568E7	77.44174645477577	46.8798190582651
1.0591961E7	81.29832527226664	51.181911804300015
1.0622354E7	90.39584772809529	51.71391104335715
1.0652747E7	82.47478037706051	44.93062317497046
1.068314E7	89.1857664593821	47.538921949511426
1.0713533E7	91.64929424538545	75.41713608214225
1.0743926E7	81.23607409600895	47.71054896710723
1.0774319E7	78.13272793077353	45.731236597361445
1.0804712E7	74.31652025137367	44.31745203043355
1.0835105E7	95.25723028328892	75.06230470133441
1.0865498E7	81.51478958970816	45.469653133730134
1.0895891E7	85.0401737242128	49.432701508374834
1.0926284E7	97.44039745994144	59.63967496663071
1.0956677E7	95.89543644918238	55.178280283784126
1.098707E7	97.27216793340571	56.237834900478006
1.1017463E7	97.28249925969796	58.014146836600915
1.1047856E7	126.49985193959135	62.30592874375272
1.1078249E7	135.1460204652387	84.59205661980228
1.1108642E7	121.98529266607443	84.68338418409866
1.1139035E7	176.13634718520711	101.95230904454473
1.1169428E7	180.21458888559866	103.29662502594043
1.1196832E7	239.50305140282615	152.22858269224832
1.12120285E7	249.95633991301438	210.91559391164523
1.1230214E7	199.01740532359426	114.36609387585561
1.1260607E7	181.77633007600434	106.7598640641736
1.1291E7	141.77968611193367	78.7898910929554
1.1321393E7	151.5941499687428	83.44166367073406
1.1351786E7	125.40167143750206	68.95963040412101
1.1382179E7	119.61366104037114	68.89492967444586
1.1412572E7	100.27420787681373	60.06729246101858
1.1442965E7	105.1510545191327	59.80028838422692
1.1473358E7	96.20619879577534	54.861005321743015
1.1503751E7	85.97723159938144	51.78342381752729
1.1534144E7	82.42174184845194	48.39314982469711
1.1564537E7	85.18925410456355	47.585938515853336
1.159493E7	82.68137400059224	46.00070381800749
1.1625323E7	66.53384002895403	41.34600607801155
1.1655716E7	73.96953245813181	57.579454473522894
1.1686109E7	69.99220215181127	41.064120205069116
1.1716502E7	66.93564307570823	39.07670548959454
1.1746895E7	68.85134734971868	41.0471992874255
1.1777288E7	69.73240548810581	45.82562124975148
1.1807681E7	72.32162010989373	40.96537615952874
1.1838074E7	71.69851610568223	47.96002040656452
1.1868467E7	75.02043233639324	47.63283441860359
1.189886E7	86.41437173033265	51.07555999313029
1.1929253E7	97.5627611621097	53.372994765732315
1.1959646E7	109.20327048991544	58.48595851823128
1.1990039E7	92.70407659658474	59.762575465331686
1.2020432E7	125.38097588260455	85.56396448212799
1.2050825E7	142.76840061856348	112.89521986446539
1.2081218E7	132.0352383772579	77.1829210602464
1.2111611E7	169.73536669627876	90.7576404361397
1.21419565E7	190.46956894844544	155.08881082629534
