#Insert size (bp)	insert size
141.0	1.0
142.0	5.0
143.0	4.0
145.0	4.0
146.0	7.0
147.0	8.0
148.0	11.0
149.0	26.0
150.0	49.0
151.0	25940.0
152.0	50952.0
153.0	51715.0
154.0	51594.0
155.0	52291.0
156.0	52174.0
157.0	51979.0
158.0	52366.0
159.0	52177.0
160.0	51629.0
161.0	51399.0
162.0	51081.0
163.0	51249.0
164.0	51987.0
165.0	52389.0
166.0	52402.0
167.0	52513.0
168.0	52969.0
169.0	52664.0
170.0	52543.0
171.0	52510.0
172.0	52246.0
173.0	52208.0
174.0	52878.0
175.0	52827.0
176.0	53292.0
177.0	53587.0
178.0	53761.0
179.0	54362.0
180.0	54326.0
181.0	54584.0
182.0	53692.0
183.0	53497.0
184.0	54559.0
185.0	54683.0
186.0	54699.0
187.0	54975.0
188.0	56295.0
189.0	55998.0
190.0	56484.0
191.0	56670.0
192.0	56561.0
193.0	56433.0
194.0	55300.0
195.0	55534.0
196.0	56454.0
197.0	57948.0
198.0	57455.0
199.0	58348.0
200.0	58890.0
201.0	59835.0
202.0	59104.0
203.0	59149.0
204.0	58296.0
205.0	57704.0
206.0	58383.0
207.0	58969.0
208.0	59827.0
209.0	61063.0
210.0	61958.0
211.0	61993.0
212.0	62547.0
213.0	61431.0
214.0	61650.0
215.0	60058.0
216.0	59866.0
217.0	60535.0
218.0	61062.0
219.0	63095.0
220.0	63672.0
221.0	64455.0
222.0	64950.0
223.0	63561.0
224.0	63293.0
225.0	62434.0
226.0	61127.0
227.0	61706.0
228.0	62148.0
229.0	63101.0
230.0	64409.0
231.0	65221.0
232.0	66173.0
233.0	65926.0
234.0	64684.0
235.0	64281.0
236.0	62278.0
237.0	61370.0
238.0	61885.0
239.0	62777.0
240.0	64570.0
241.0	64822.0
242.0	65584.0
243.0	66655.0
244.0	65503.0
245.0	64689.0
246.0	62664.0
247.0	61770.0
248.0	61201.0
249.0	60385.0
250.0	62278.0
251.0	63470.0
252.0	64739.0
253.0	65116.0
254.0	63801.0
255.0	62438.0
256.0	60840.0
257.0	59241.0
258.0	57119.0
259.0	55123.0
260.0	54909.0
261.0	55777.0
262.0	56394.0
263.0	56242.0
264.0	53863.0
265.0	47685.0
266.0	36579.0
267.0	25960.0
268.0	20040.0
269.0	18644.0
270.0	17562.0
271.0	17262.0
272.0	15538.0
273.0	4974.0
274.0	4765.0
275.0	4689.0
276.0	4752.0
277.0	4577.0
278.0	4569.0
279.0	4468.0
280.0	4467.0
281.0	4340.0
282.0	4394.0
283.0	4153.0
284.0	4170.0
285.0	4012.0
286.0	4052.0
287.0	4004.0
288.0	3991.0
289.0	3771.0
290.0	3791.0
291.0	3654.0
292.0	3717.0
293.0	3693.0
294.0	3635.0
295.0	3478.0
296.0	3587.0
297.0	3613.0
298.0	3444.0
299.0	3385.0
300.0	3322.0
301.0	3235.0
302.0	3121.0
303.0	3107.0
304.0	3148.0
305.0	2990.0
306.0	2991.0
307.0	2971.0
308.0	2930.0
309.0	2999.0
310.0	3033.0
311.0	2755.0
312.0	2765.0
313.0	2756.0
314.0	2746.0
315.0	2721.0
316.0	2640.0
317.0	2616.0
318.0	2534.0
319.0	2581.0
320.0	2417.0
321.0	2449.0
322.0	2456.0
323.0	2271.0
324.0	2365.0
325.0	2304.0
326.0	2333.0
327.0	2270.0
328.0	2132.0
329.0	2241.0
330.0	2099.0
331.0	2258.0
332.0	2046.0
333.0	2098.0
334.0	2161.0
335.0	2024.0
336.0	2070.0
337.0	1932.0
338.0	1956.0
339.0	1960.0
340.0	1917.0
341.0	1883.0
342.0	1860.0
343.0	1795.0
344.0	1855.0
345.0	1808.0
346.0	1717.0
347.0	1727.0
348.0	1635.0
349.0	1605.0
350.0	1660.0
351.0	1599.0
352.0	1618.0
353.0	1553.0
354.0	1547.0
355.0	1568.0
356.0	1464.0
357.0	1427.0
358.0	1407.0
359.0	1445.0
360.0	1427.0
361.0	1452.0
362.0	1380.0
363.0	1387.0
364.0	1247.0
365.0	1343.0
366.0	1305.0
367.0	1297.0
368.0	1321.0
369.0	1240.0
370.0	1227.0
371.0	1142.0
372.0	1220.0
373.0	1209.0
374.0	1127.0
375.0	1120.0
376.0	1191.0
377.0	1074.0
378.0	1103.0
379.0	1038.0
380.0	1069.0
381.0	1037.0
382.0	1039.0
383.0	1008.0
384.0	982.0
385.0	948.0
386.0	940.0
387.0	995.0
388.0	893.0
389.0	979.0
390.0	934.0
391.0	934.0
392.0	860.0
393.0	898.0
394.0	810.0
395.0	879.0
396.0	856.0
397.0	878.0
398.0	834.0
399.0	787.0
400.0	808.0
401.0	802.0
402.0	830.0
403.0	767.0
404.0	749.0
405.0	809.0
406.0	789.0
407.0	771.0
408.0	711.0
409.0	693.0
410.0	719.0
411.0	714.0
412.0	736.0
413.0	671.0
414.0	682.0
415.0	688.0
416.0	638.0
417.0	672.0
418.0	677.0
419.0	595.0
420.0	643.0
421.0	622.0
422.0	610.0
423.0	645.0
424.0	554.0
425.0	582.0
426.0	566.0
427.0	549.0
428.0	544.0
429.0	510.0
430.0	551.0
431.0	531.0
432.0	479.0
433.0	543.0
434.0	522.0
435.0	482.0
436.0	518.0
437.0	528.0
438.0	487.0
439.0	427.0
440.0	455.0
441.0	452.0
442.0	406.0
443.0	411.0
444.0	422.0
445.0	442.0
446.0	390.0
447.0	428.0
448.0	423.0
449.0	408.0
450.0	435.0
451.0	424.0
452.0	397.0
453.0	383.0
454.0	386.0
455.0	371.0
456.0	372.0
457.0	344.0
458.0	359.0
459.0	358.0
460.0	355.0
461.0	327.0
462.0	387.0
463.0	342.0
464.0	342.0
465.0	373.0
466.0	338.0
467.0	316.0
468.0	308.0
469.0	299.0
470.0	304.0
471.0	324.0
472.0	302.0
473.0	325.0
474.0	286.0
475.0	280.0
476.0	290.0
477.0	280.0
478.0	282.0
479.0	273.0
480.0	279.0
481.0	235.0
482.0	269.0
483.0	217.0
484.0	230.0
485.0	276.0
486.0	260.0
487.0	226.0
488.0	230.0
