# Position (bp)	A	C	G	T	N
0.0	25.84748442856059	23.301261642313424	35.031642575793086	15.819393620448253	2.177328846439202E-4
1.0	23.024718351282754	19.7690727908885	12.73493823416591	44.46946256324287	0.0018080604199658807
2.0	31.275141008909912	20.914041260865464	14.1267830192147	33.683637033532385	3.9767747754680715E-4
3.0	20.262324183185918	24.09263960953015	11.18845802709239	44.45649254708295	8.563310858567181E-5
4.0	39.55768431668844	10.501371170939027	10.590375694011302	39.3504621622521	1.0665610913394386E-4
5.0	43.89666238979145	11.303206147050599	24.03181178829542	20.76831967486253	0.0
6.0	34.5704046419388	14.720827563381537	21.143921482252278	29.564846312427385	0.0
7.0	40.06767216842691	15.5673969413844	19.942625219328974	24.42230567085971	0.0
8.0	18.081752401287872	33.33945512993224	23.24515280004311	25.33363966873678	0.0
9.0	29.63937721530408	20.288175095641336	13.671635872071155	36.40081181698343	0.0
10.0	26.84544857413591	15.679375536019965	29.30401091695088	28.171164972893248	0.0
11.0	26.93740300644954	19.159102729063754	18.763044319700125	35.14043952027656	1.0424510024573697E-5
12.0	24.11438944720877	21.432715253052	24.280948479339624	30.171936429293982	1.0391105629225608E-5
13.0	22.815427590728447	27.684452781020223	19.034874483552926	30.4652451446984	0.0
14.0	31.902852221963222	21.522283429273166	20.835577756273526	25.739286592490078	0.0
15.0	31.978586428983203	19.836115044596518	19.936081533804487	28.249216992615793	0.0
16.0	30.887656323411584	19.420155781492472	19.074301672884296	30.61788622221165	0.0
17.0	31.018823371685567	19.245642711543233	19.32522471595519	30.409982207474823	3.2699334118934834E-4
18.0	30.60009419671839	19.244409933935007	19.978217645336628	30.177044005142633	2.342188673481078E-4
19.0	30.171121959179896	19.927633083862933	19.889444282406746	30.011790526051502	1.0148498925375449E-5
20.0	29.93582204117462	19.974494671894483	20.007797227584994	30.0818860593459	0.0
21.0	29.716925746992402	20.14659409360353	20.167567782760553	29.96835805040438	5.54326239133316E-4
22.0	29.857151982464693	20.20481698765321	19.96348952995582	29.9737179252829	8.235746433821359E-4
23.0	30.048677933274092	20.11744676098131	20.026280098935196	29.807415055320018	1.8015148938742588E-4
24.0	29.683187418454594	20.247945918376097	20.025378437523624	30.04286987182722	6.183538184644839E-4
25.0	29.823976998662094	20.355701078406344	19.895407990623607	29.924248108289618	6.658240183393773E-4
26.0	30.138952976007765	20.106989731758276	20.0578665425632	29.69587388975255	3.168599182105336E-4
27.0	29.976040099043992	20.167664058629246	20.13982298126045	29.716462995340816	9.865725502762304E-6
28.0	30.03333843137363	20.16801122564883	20.086046139492606	29.712594374358403	9.829126532704846E-6
29.0	29.73200872665	19.769452161720153	19.850543535472262	29.050120461965246	1.5978751141923417
30.0	29.836241118428408	20.19013884463476	20.183020209405058	29.789154617636033	0.0014452098957427534
31.0	29.950199839629576	20.36849547136671	19.824157490304135	29.85636794492858	7.792537710038114E-4
32.0	30.053348973452028	20.255586124525117	19.975354375589443	29.714311311043446	0.0013992153899700741
33.0	29.8245930326894	20.16322310084345	20.10304042232751	29.908445561573497	6.978825661374585E-4
34.0	29.84795332494587	20.347688037868704	19.981788165440506	29.82226104267733	3.094290675925558E-4
35.0	30.057352426680822	20.056199104848535	20.13012751685949	29.75621478809521	1.0616351594262344E-4
36.0	29.8920540129114	20.173964724569675	20.13168457795736	29.801978498737576	3.181858239923296E-4
37.0	29.904987042548147	20.335833163479094	20.022816068204463	29.735669524910147	6.942008581479609E-4
38.0	30.023757772019348	20.211914657243952	20.14879405695865	29.61477139740597	7.621163720829634E-4
39.0	29.889183920820855	20.17832068545248	20.11940441462649	29.812598561890713	4.924172094600877E-4
40.0	29.855067393985518	20.218031378405417	20.05932939691604	29.866489530143376	0.0010823005496444014
41.0	30.009787857544268	20.163470083206946	20.082012594722254	29.744729464526536	0.0
42.0	29.745950481195965	20.253580115980245	20.143168829097398	29.856700512384638	6.000613417545813E-4
43.0	29.750993968673832	20.438462088350317	20.011079290251253	29.798835037524096	6.296152004995077E-4
44.0	30.01453896359829	20.28255717051116	20.042419450311797	29.66019353934804	2.9087623070945195E-4
45.0	29.782690249767658	20.27297059230338	20.134490649182364	29.8098485087466	0.0
46.0	29.791399144024716	20.325229796179933	20.028325212305482	29.855045847489865	0.0
47.0	29.993164380213788	20.21743030508696	20.110303903911383	29.678945746232525	1.5566455533641446E-4
48.0	29.72845969941463	20.245029865760667	20.196684729609636	29.829825705215068	0.0
49.0	29.80272999024063	20.44250286660193	20.03904723955135	29.715105370483	6.145331230914724E-4
50.0	29.943317430883727	20.209852174508363	20.179205557253262	29.667507641877577	1.1719547707495325E-4
51.0	29.66266582191352	20.333110412364682	20.215441383517927	29.788782382203866	0.0
52.0	29.86014308368347	20.333340608321457	20.017465843686082	29.789050464308993	0.0
53.0	29.88788860547108	20.23899308104196	20.130209361394993	29.742908952091963	0.0
54.0	29.76076922835565	20.201412181645324	20.18900862542319	29.848809964575835	0.0
55.0	29.75741682174092	20.408465690299128	20.143110591023795	29.691006896936155	0.0
56.0	29.908748817614523	20.21558460182954	20.10921656587127	29.766047291490068	4.027231945968299E-4
57.0	29.739474244889823	20.359036874984824	20.23450552668079	29.666983353444564	0.0
58.0	29.729963788639658	20.41465137068994	20.06711245597578	29.788262543581368	9.841113258223334E-6
59.0	29.902343063171894	20.232778534445593	20.190107000938834	29.674229634513193	5.417669304874612E-4
60.0	29.66679085264304	20.31468969591918	20.256385710929553	29.76191685047276	2.1689003547039354E-4
61.0	29.69889717527991	20.34444418247703	20.14002410385195	29.816634538391114	0.0
62.0	29.92348179264685	20.22834239770475	20.080052216465365	29.767699117228215	4.2447595481917425E-4
63.0	29.62731369635549	20.359490861366076	20.133153469709942	29.87934071777675	7.012547917431297E-4
64.0	29.71506750767571	20.358749712191898	20.028499178326395	29.897080810586203	6.027912198023833E-4
65.0	29.980653184631734	20.169151414411473	20.174944880508775	29.673935621146075	0.001314899301946654
66.0	29.701081925342876	20.292301429432737	20.219775481106264	29.786841164118123	0.0
67.0	29.807694496067477	20.440958585658382	19.965887075076438	29.785331204796588	1.2863840111571054E-4
68.0	29.866284050746433	20.33089216061356	20.272549501924544	29.530274286715464	0.0
69.0	29.710783358900223	20.372462938736412	20.281636192537253	29.634652087118813	4.654227073005117E-4
70.0	29.781891983799618	20.38061402517345	20.13743201180666	29.699626133656597	4.3584556367163836E-4
71.0	29.98348771842711	20.272340199564105	20.29772237115452	29.446449710854267	0.0
72.0	29.650350786744667	20.348197572559492	20.310276555883856	29.69117508481198	0.0
73.0	29.66412437665004	20.432648474229584	19.964729690089033	29.93849745903134	0.0
74.0	29.987770057254764	20.172249922943433	20.08263635543742	29.757343664364384	0.0
75.0	29.80703974806544	20.19978453695318	20.03951047921745	29.95275334873167	9.118870322626623E-4
76.0	29.557011292067248	20.580574044638226	19.812090264385457	30.049600891519678	7.235073893891001E-4
77.0	29.294456564062127	20.429519735112386	20.19420215945127	30.08182154137422	0.0
78.0	28.809148836254785	20.77326759624647	19.991412586001722	30.425645787702994	5.251937940326688E-4
79.0	28.484933090449804	21.221066347982767	19.73770798454164	30.556094423381815	1.9815364397615895E-4
80.0	28.893515676625114	20.717120621373255	19.646574743517217	30.74278895848441	0.0
81.0	28.918489314068474	20.640166577159633	19.373854155659846	31.067489953112048	0.0
82.0	29.21128567483105	21.116896538411662	19.013127090549307	30.658680797187888	9.899020096000698E-6
83.0	29.577371683828595	21.247534070279553	18.81254382019581	30.362500946293576	4.947940246694405E-5
84.0	29.04246268898086	21.577123418814846	18.68474237496584	30.695097840135382	5.736771030730596E-4
85.0	28.871141880473385	21.583399573970283	18.652143858150673	30.892978499075337	3.3618833032955653E-4
86.0	29.005298907860045	21.772261016923018	18.79764189013291	30.424353430255625	4.4475482840666884E-4
87.0	28.650732948468832	22.002895620840214	19.135199731556963	30.211013652011648	1.5804712234220305E-4
88.0	28.4195033608305	22.444763790146435	19.041569964549467	30.093995050273254	1.6783420034506712E-4
89.0	28.46122352337638	22.873504138591006	19.007290628730406	29.657399642867716	5.820664344977951E-4
90.0	28.334407148205678	22.902169138905634	19.434435591565187	29.328367001167805	6.21120155694119E-4
91.0	28.334327306643626	22.97529409887207	19.6833017803451	29.007057111992324	1.970214688383949E-5
92.0	28.98133677569615	22.99271204471686	19.527938835070806	28.49423298918563	0.0037793553305592474
93.0	28.73314025960822	22.80075945959154	19.565445473552593	28.899750173625744	9.04633621908181E-4
94.0	28.714413324862637	22.98665334827461	19.75555157584327	28.54295932955623	4.2242146325419545E-4
95.0	29.039844482143046	22.84513033041852	19.977549003711275	28.136906909536048	5.692741911104499E-4
96.0	29.141347348907342	22.63752451846144	20.31386768689878	27.907201607308828	5.88384236087998E-5
97.0	29.075466196697914	22.52381685797358	20.33890500258851	28.06163558688681	1.7635585319198215E-4
98.0	29.187794426783935	22.311883768564947	20.303832534327867	28.195138424943657	0.001350845379594893
99.0	28.89664664481131	22.140133430142303	20.95501560922423	28.00792073398802	2.835818341388524E-4
100.0	28.69484153407491	22.224232211892588	21.185224921914017	27.8956134222031	8.790991538866E-5
101.0	28.396817227026023	22.143790599729734	21.638370668728058	27.82084590647805	1.7559803814067433E-4
102.0	27.968754323277285	21.899321174832455	22.548353481672812	27.58344436646037	1.2665375707653512E-4
103.0	27.669991473681232	21.786520165381198	23.09176792339137	27.450397169997746	0.0013232675484493495
104.0	27.490958599789217	21.527371038268093	23.603790609771565	27.377850598119664	2.9154051465647054E-5
105.0	27.01942230108838	21.564801835838455	24.07248028453943	27.34307231137808	2.232671556540951E-4
106.0	26.719197131204016	21.85548598275569	24.17500345935402	27.249237075470354	0.0010763512159229387
107.0	26.58924848429191	21.54589728582032	24.756100467136264	27.106719450293898	0.0020343124576063815
108.0	26.353431014274843	21.380276866880752	24.942527100174605	27.322032434935434	0.0017325837343683925
109.0	26.31612442718116	21.467867015113328	25.14463373445966	27.06996272446084	0.0014120987850147304
110.0	26.224298626499543	21.142038673083352	25.459307972541396	27.174267756489005	8.69713867036791E-5
111.0	26.382798530133165	20.930328655867008	25.713951386571093	26.972284218665717	6.37208763010765E-4
112.0	26.65635830650941	20.663548435949103	25.977212286304898	26.70250477718219	3.7619405439766026E-4
113.0	26.778004656055117	20.33805709523974	26.568492780261053	26.315243022882424	2.024455616654483E-4
114.0	26.41654127234817	20.18807557149009	27.278727831137644	26.116645684868917	9.640155179505955E-6
115.0	26.07290832424713	20.21069695186082	27.7299227110009	25.98647201289115	0.0
116.0	26.025159192935227	19.918809379535215	28.36109099219532	25.694495735326928	4.44700007308548E-4
117.0	25.70294896751592	19.757377893640037	28.94225796583442	25.597395793008797	1.9380000827526037E-5
118.0	25.636713737179445	19.625366341525154	29.354385078064947	25.383369709667026	1.6513356342590753E-4
119.0	25.519728185399167	19.393217702614315	29.97616179017643	25.110726785448417	1.6553636166851695E-4
120.0	25.18497614930221	19.26631528681943	30.576860079160028	24.97141898864608	4.2949607225841916E-4
121.0	25.07693885925318	19.15005270213972	31.02080833962418	24.752200098982918	0.0
122.0	25.004851290148416	18.937697644016996	31.51496334389727	24.53898988033157	0.0034978416057451066
123.0	24.704118567761185	18.78713095134427	31.995204713392766	24.510606899023337	0.0029388684784363486
124.0	24.540250028283854	18.67005604409886	32.46337178980726	24.326213258580154	1.0887922987147204E-4
125.0	24.387158544504707	18.52749371202042	32.94754276814549	24.136751970336253	0.0010530049931311292
126.0	24.08362160077134	18.383578122627508	33.493434461309185	24.038638022469257	7.277928227065778E-4
127.0	23.93004455304686	18.352239597986088	33.86683869459933	23.84824591136853	0.0026312429991928185
128.0	23.807990062697495	18.12365945662706	34.36137399753234	23.706052792722765	9.236904203363699E-4
129.0	23.570536142203405	18.086954716999763	34.79475257660603	23.544381438744445	0.0033751254463603403
130.0	23.49773573315761	17.923900738229644	35.274177774012486	23.302315462302893	0.001870292297367983
131.0	23.378517063051483	17.668727315815786	35.79566297876208	23.155865099307217	0.0012275430634280631
132.0	23.09119631693243	17.52880654163099	36.34802846673092	23.03031950350581	0.0016491711998514523
133.0	22.88863870916798	17.47709539505304	36.7108855521075	22.922379261583465	0.0010010820880161587
134.0	22.786512910293165	17.238968275421502	37.28055945850892	22.693303311088293	6.560446881240433E-4
135.0	22.465106036733044	17.12902417241937	37.79871220722761	22.606530174716923	6.274089030557591E-4
136.0	22.26612574825705	16.986000062331104	38.21098996448572	22.536182484010112	7.017409160154408E-4
137.0	22.17638010575244	16.77917065471336	38.71618512599052	22.32650391984782	0.001760193695855924
138.0	21.870089835430864	16.664637590770848	39.18473115540775	22.27933643816571	0.0012049802248202243
139.0	21.674722126495503	16.675651141709157	39.57376594423012	22.072880435898316	0.0029803516669075613
140.0	21.712559837761276	16.383882466201747	40.09633629974397	21.80595645442859	0.0012649418644218582
141.0	21.44198569567339	16.26511236259665	40.432391412118335	21.858675216359835	0.0018353132517901908
142.0	21.233638122380512	16.169089113235998	41.00593852567505	21.589556174008777	0.0017780646996711949
143.0	21.176467607992183	15.904125728112199	41.41797086347937	21.49901869907595	0.0024171013402985255
144.0	20.81955934315209	15.79920664781646	41.90768171156854	21.471402607224803	0.0021496902381083743
145.0	20.640627053474017	15.684347557154107	42.340930366028736	21.33174705757924	0.0023479657638968495
146.0	20.38220627383579	15.466391170419172	42.992988020731296	21.156399904747428	0.0020146302663128024
147.0	20.186129859006275	15.470527068095876	43.28298408448628	21.0576850469127	0.002673941498866142
148.0	20.04484880704492	15.314210037905058	43.66586822850218	20.972303156292767	0.0027697702550722224
149.0	19.921936132729122	15.091522091832172	44.20074196256789	20.784967022023206	8.327908476069539E-4
150.0	19.630716371473405	15.007377928084617	44.239364221214714	21.120453078531046	0.0020884006962205823
