#Position (bp)	insert size
15197.0	228.9777979157227
45590.0	235.8563411896745
75983.0	238.1935914552737
106376.0	239.38048780487804
136769.0	234.07677293428756
167162.0	235.67330270546196
197555.0	239.05281514698555
221485.0	229.60232945091514
236681.5	244.5771689497717
258341.0	237.96428571428572
288734.0	236.5179897201599
319127.0	236.98205659075225
349520.0	233.79970104633782
379913.0	239.12267343485618
410306.0	238.01154163231658
440699.0	236.7191304347826
471092.0	228.93302325581396
501485.0	236.43488943488944
531878.0	238.20062047569803
562271.0	233.47536231884058
592664.0	236.47603833865816
623057.0	233.97451580020387
653450.0	236.18623481781376
683843.0	234.95738354806738
714236.0	244.10532407407408
744629.0	239.13632030505244
775022.0	232.97148114075438
805415.0	234.41255605381167
835808.0	236.43292181069958
866201.0	231.88888888888889
896594.0	237.33109118086696
926987.0	237.11408934707904
957380.0	235.33621683967704
987773.0	236.56839378238342
1018166.0	230.9341164453524
1038382.5	229.4044213263979
1053579.0	229.01142204454598
1078952.0	237.13833992094862
1109345.0	239.5407911001236
1139738.0	236.45205479452054
1170131.0	230.09937456567062
1200524.0	234.86346300533944
1230917.0	235.75257731958763
1261310.0	234.7452711223203
1291703.0	239.8793490460157
1322096.0	235.845288326301
1348657.5	228.46394633873672
1363854.0	235.9329268292683
1382882.0	235.46218097447795
1413275.0	237.80886586067933
1443668.0	233.67971101745937
1474061.0	235.95375335120644
1504454.0	234.49826268241836
1534847.0	239.15525477707007
1565240.0	231.19259882253996
1595633.0	235.16532618409295
1626026.0	233.87811158798283
1656419.0	239.06232023010546
1686812.0	242.7642706131078
1717205.0	236.65571913929784
1747598.0	240.06334371754932
1777991.0	237.07217573221757
1808384.0	230.78797145769622
1838777.0	234.5774358974359
1869170.0	230.80397727272728
1899563.0	239.12947189097105
1929956.0	235.3978021978022
1960349.0	230.57900807381776
1990742.0	233.11914460285132
2021135.0	230.72752548656163
2051528.0	233.06519337016576
2081921.0	233.16255605381167
2112314.0	240.9625850340136
2142707.0	236.20561797752808
2173100.0	233.70471204188482
2203493.0	234.09944134078214
2233886.0	243.9539666993144
2264279.0	237.13220338983052
2294672.0	236.60747663551402
2325065.0	232.17477876106196
2355458.0	230.16093880972338
2385851.0	234.34533183352082
2416244.0	241.38063063063063
2446637.0	234.05579773321708
2477030.0	230.3426103646833
2507423.0	233.68595041322314
2537816.0	236.61993769470405
2568209.0	237.2353440951572
2598602.0	230.4705314009662
2628995.0	234.4553752535497
2659388.0	239.14477211796248
2689781.0	234.32847341337907
2720174.0	232.51109350237718
2750567.0	236.84626334519572
2780960.0	237.9126637554585
2811353.0	237.04823151125402
2841746.0	232.46651270207852
2872139.0	233.4396853146853
2889645.5	242.6644880174292
2904842.0	236.52025931928688
2932925.0	233.4529689963216
2963318.0	238.18143459915612
2993711.0	236.88843258042436
3024104.0	239.82698412698412
3054497.0	234.83124018838305
3084890.0	233.45328185328185
3115283.0	234.15591397849462
3145676.0	240.99765258215962
3176069.0	233.7069096431283
3206462.0	235.68602425015953
3236855.0	235.99555837563452
3267248.0	237.70848056537102
3297641.0	237.57528200098088
3322340.5	235.18239886444286
3337537.0	206.00262605042016
3358427.0	207.66556169429097
3388820.0	205.7459785522788
3410819.5	209.17583497053045
3426016.0	232.3768115942029
3449606.0	232.72681451612902
3479999.0	234.5005688282139
3510392.0	236.8811630847029
3540785.0	231.13275613275613
3571178.0	230.0568181818182
3601571.0	239.13658536585365
3631964.0	240.57274401473296
3662357.0	233.48597359735973
3692750.0	233.11365807067813
3723143.0	234.40333919156416
3753536.0	236.82514734774068
3783929.0	235.75540190146933
3814322.0	236.24579124579125
3844715.0	234.74926470588235
3875108.0	233.351302241066
3905501.0	236.85225885225884
3935894.0	239.65763813651137
3966287.0	235.9303607214429
3987990.0	228.9409005628518
4003186.5	234.78115942028987
4027073.0	235.62474437627813
4057466.0	232.2078618225134
4087859.0	234.8348623853211
4118252.0	236.84323204419888
4148645.0	233.41677943166442
4179038.0	236.5943396226415
4209431.0	240.28632740649908
4239824.0	236.06404958677686
4259839.0	225.22622478386168
4275035.5	226.293895531781
4300610.0	238.15794669299112
4331003.0	234.3698854337152
4361396.0	238.630068621335
4391789.0	231.2633612363168
4422182.0	233.68440502586844
4452575.0	242.29130775254504
4482968.0	237.93495229835213
4513361.0	236.92105263157896
4543754.0	225.92174704276616
4574147.0	231.57198443579767
4604540.0	237.86697674418605
4634933.0	241.17190775681343
4665326.0	233.35569105691056
4695719.0	232.67255594817433
4726112.0	234.3312101910828
4756505.0	237.53846153846155
4786898.0	254.81630546955626
4817291.0	230.38504823151126
4847684.0	236.10628875110717
4878077.0	239.546571136131
4908470.0	233.70400822199383
4938863.0	239.0337552742616
4969256.0	239.4416996047431
4999649.0	237.9354527938343
5030042.0	232.61934900542497
5060435.0	233.91168091168092
5090828.0	234.1750212404418
5121221.0	235.00623885918003
5151614.0	236.95700773860705
5182007.0	232.0480620155039
5212400.0	234.97853441894893
5242793.0	235.4530035335689
5273186.0	238.53097345132744
5303579.0	233.3085896076352
5333972.0	231.84083372809096
5352383.0	240.25655430711612
5367579.5	233.09064665127022
5394758.0	234.66702586206895
5425151.0	238.3764501160093
5455544.0	233.53591160220995
5485937.0	234.62349610757255
5516330.0	234.9123475609756
5546723.0	239.71835443037975
5577116.0	232.2912147505423
5607509.0	234.6175195143105
5637902.0	231.5547703180212
5668295.0	235.36713000817662
5698688.0	237.61943319838056
5729081.0	231.094395280236
5759474.0	236.565025716385
5789867.0	240.14229765013056
5820260.0	236.53358925143954
5850653.0	237.91544532130777
5881046.0	241.50271873455264
5907241.5	233.44928366762178
5922438.0	242.78110944527737
5941832.0	236.43803622497617
5972225.0	235.47787610619469
6002618.0	235.5473354231975
6033011.0	241.89355539464157
6063404.0	236.92207792207793
6093797.0	236.70389170896786
6124190.0	231.6137339055794
6154583.0	233.97845249755142
6184976.0	236.00562324273665
6215369.0	237.30190571715144
6245762.0	236.3937924345296
6276155.0	235.827
6306548.0	235.41107871720118
6336941.0	232.24883936861653
6367334.0	236.08363636363637
6397727.0	228.0651851851852
6428120.0	236.54203935599284
6458513.0	236.34251012145748
6488906.0	242.77893820713663
6519299.0	240.0206847360913
6549692.0	233.03827751196172
6580085.0	236.76466992665036
6610478.0	238.65553789083202
6640871.0	235.72886159659896
6660029.5	227.83809523809524
6675226.0	231.41850490196077
6701657.0	232.58464773922188
6732050.0	238.862660944206
6762443.0	234.0817610062893
6792836.0	238.0820895522388
6823229.0	237.94729136163983
6853622.0	230.57601880877743
6884015.0	235.76666666666668
6914408.0	234.32899628252787
6944801.0	233.76413255360623
6975194.0	235.93799822852083
7005587.0	237.2936129647283
7035980.0	227.94698354661793
7066373.0	232.27703826955076
7096766.0	235.33127753303964
7127159.0	235.9862012987013
7157552.0	237.48064280496712
7187945.0	237.38948170731706
7218338.0	241.5986597170514
7248731.0	232.5844858689116
7279124.0	238.7894124490983
7309517.0	234.46582984658298
7327760.5	223.38385826771653
7342957.0	233.5650577124869
7370303.0	235.4580322401334
7400696.0	237.83165195460276
7431089.0	235.20251177394036
7461482.0	235.82430340557275
7491875.0	234.14329501915708
7522268.0	238.79007323026852
7552661.0	236.3039816232772
7583054.0	229.4079391891892
7613447.0	228.06289308176102
7643840.0	236.78899909828675
7674233.0	239.86217008797655
7704626.0	237.9619410085633
7735019.0	234.62985074626866
7765412.0	239.86688668866887
7795805.0	238.28124192576004
7826198.0	230.50963597430408
7856591.0	239.092817679558
7886984.0	237.07660020986359
7917377.0	236.63248638838476
7947770.0	235.02558635394456
7978163.0	239.65302144249512
8008556.0	233.08616780045352
8038949.0	234.82959641255604
8069342.0	231.564681724846
8099735.0	235.63545816733068
8130128.0	236.62018592297477
8160521.0	234.50336215177714
8190914.0	236.87839020122485
8221307.0	241.5625
8251700.0	233.88453159041396
8282093.0	233.6161689730517
8312486.0	238.11489088575095
8342879.0	232.16019086571234
8373272.0	233.983853606028
8398726.5	234.9825349301397
8413923.0	235.82367149758454
8434058.0	238.28058645096056
8464451.0	239.34730195177957
8494844.0	236.19660352710648
8525237.0	238.83133380381088
8555630.0	236.78242074927954
8586023.0	231.74095989480605
8616416.0	233.3065134099617
8646809.0	239.49054820415878
8677202.0	234.92442396313365
8707595.0	233.4971590909091
8737988.0	236.93649289099525
8768381.0	231.38608695652175
8798774.0	235.76440677966102
8829167.0	238.19871794871796
8859560.0	233.7416829745597
8889953.0	236.75953079178885
8920346.0	231.10979228486647
8950739.0	241.29032258064515
8981132.0	228.10689990281827
9011525.0	238.62188099808063
9041918.0	238.80890538033395
9072311.0	236.2706093189964
9102704.0	240.96627318718382
9133097.0	241.7921974522293
9163490.0	236.04012112036335
9193883.0	234.31498913830558
9224276.0	236.9651773981603
9254669.0	233.74908647990256
9285062.0	238.94458964976477
9315455.0	239.22650231124808
9332033.5	220.135593220339
9347230.0	232.46711153479504
9376241.0	235.76423173803528
9406634.0	239.68396501457727
9437027.0	231.20550351288057
9467420.0	236.72032193158952
9497813.0	231.7523602033406
9528206.0	239.53939886271323
9558599.0	238.11325503355704
9588992.0	240.10353982300884
9619385.0	236.81663685152057
9649778.0	235.3990291262136
9680171.0	236.29952153110048
9710564.0	238.57457983193277
9740957.0	232.073385518591
9771350.0	238.24633431085044
9801743.0	239.7393665158371
9832136.0	236.21457489878543
9862529.0	234.55343827671913
9892922.0	236.39780736100235
9923315.0	238.78395552025418
9953708.0	236.69248291571753
9984101.0	241.95506473724296
1.0014494E7	232.3965623081645
1.0044887E7	233.80447585394583
1.007528E7	236.63886162904808
1.01041125E7	231.18772727272727
1.0119309E7	213.3846153846154
1.0136066E7	233.4916593503073
1.0166459E7	233.2857873210634
1.0196852E7	231.6447072072072
1.0227245E7	236.6425120772947
1.0257638E7	233.73333333333332
1.0288031E7	235.3379970544919
1.0318424E7	232.31352282515073
1.0348817E7	229.56201214223765
1.037921E7	239.70982142857142
1.0409603E7	238.6898678414097
1.0439996E7	235.76296296296297
1.0470389E7	233.43141361256545
1.0500782E7	238.20020020020021
1.0531175E7	232.6478304742684
1.0561568E7	237.90486486486486
1.0591961E7	237.59315206445115
1.0622354E7	237.5236593059937
1.0652747E7	234.3326133909287
1.068314E7	237.66244725738397
1.0713533E7	233.68880800727933
1.0743926E7	233.65454545454546
1.0774319E7	232.6220556745182
1.0804712E7	236.30375782881003
1.0835105E7	231.14143245693563
1.0865498E7	232.75745526838966
1.0895891E7	234.86995073891626
1.0926284E7	234.06790697674418
1.0956677E7	239.90728476821192
1.098707E7	234.63587443946187
1.1017463E7	235.18350168350167
1.1047856E7	239.93148575827558
1.1078249E7	236.09045226130652
1.1108642E7	236.04825737265415
1.1139035E7	236.7815958066395
1.1169428E7	237.86623246492985
1.1196832E7	236.10188314823756
1.12120285E7	235.84188034188034
1.1230214E7	235.3637222484648
1.1260607E7	235.32430997876858
1.1291E7	239.82702702702701
1.1321393E7	243.17343427391603
1.1351786E7	238.2088382038489
1.1382179E7	233.96209677419355
1.1412572E7	234.45833333333334
1.1442965E7	230.57190082644627
1.1473358E7	239.0114537444934
1.1503751E7	234.39285714285714
1.1534144E7	241.63102725366878
1.1564537E7	237.34954407294833
1.159493E7	236.9935553168636
1.1625323E7	238.50833333333333
1.1655716E7	229.12900188323917
1.1686109E7	241.04133180252583
1.1716502E7	238.14676889375684
1.1746895E7	228.95924764890282
1.1777288E7	233.4974358974359
1.1807681E7	233.28179824561403
1.1838074E7	239.55951169888098
1.1868467E7	226.5476923076923
1.189886E7	241.20176297747307
1.1929253E7	237.98751200768493
1.1959646E7	238.32722731057453
1.1990039E7	237.3768115942029
1.2020432E7	233.61416781292985
1.2050825E7	234.403642773208
1.2081218E7	233.0259571706684
1.2111611E7	236.73967889908258
1.21419565E7	235.93607510058115
