# Position (bp)	A	C	G	T	N
0.0	26.874598422398122	22.51256242151538	34.68126700296655	15.931279208972684	2.929441472688817E-4
1.0	23.321880580790435	19.178216476434507	12.282106530010093	45.21643761161581	0.0013588011491575433
2.0	32.85512063082449	19.64089720771706	13.261826272725783	34.24196316464515	1.927240875237171E-4
3.0	20.99075117217713	22.410606499705395	10.28445087603807	46.313999527866436	1.9192421296678367E-4
4.0	40.23909067529157	9.77682766981241	9.94614532254009	40.037745121003326	1.912113526004266E-4
5.0	45.2203339449751	10.58835746555466	22.54728791178639	21.64402067768384	0.0
6.0	34.89245933396006	13.932047593273131	20.07007948038629	31.105413592380522	0.0
7.0	40.197886747455435	15.263588743830825	19.46208117047503	25.0764433382387	0.0
8.0	18.232127057909146	32.263638747455616	23.031226831720712	26.47300736291453	0.0
9.0	29.827890161861287	19.43999661515751	13.261624818417303	37.470488404563895	0.0
10.0	27.717707613826896	15.160830483423979	27.550977372859993	29.570484529889136	0.0
11.0	27.53703753878466	18.225075747454298	17.96880036399887	36.269086349762176	0.0
12.0	25.427842122368855	20.539960645136656	23.07725976165443	30.95493747084006	0.0
13.0	23.822434677681347	26.125771569127952	18.447950990857194	31.603842762333507	0.0
14.0	32.857506349551485	20.43681213192263	20.145264784392825	26.560416734133064	0.0
15.0	32.597161574066384	18.903868752778745	19.319227909773993	29.179741763380875	0.0
16.0	31.79675617619418	18.495662456941815	18.38384451420805	31.323736852655955	0.0
17.0	31.92832601816508	18.279487094869847	18.554860095115522	31.237326791849547	0.0
18.0	31.496915497796262	18.359640531236067	19.178093456031224	30.965350514936446	0.0
19.0	31.009358136569592	18.991416015847356	19.076299551446983	30.922926296136065	0.0
20.0	30.764705241482996	19.05961628553063	19.219406524525986	30.956271948460383	0.0
21.0	30.544236774222743	19.22260940399149	19.3164682988641	30.91668552292166	0.0
22.0	30.625355264226357	19.37130637986881	19.097200292331706	30.90604783773786	9.022583526566997E-5
23.0	30.902971711137557	19.2156143224227	19.148788821523745	30.73253520480712	8.99401088814958E-5
24.0	30.524889620567336	19.321153039155554	19.168899361933352	30.985057978343754	0.0
25.0	30.714735811870703	19.38246611339778	19.164823181877093	30.737617368531605	3.575243228265873E-4
26.0	30.949048439130127	19.171895700268795	19.248694115121	30.630005372325307	3.563731547666246E-4
27.0	30.764181803486462	19.24012587297062	19.361184904125334	30.634418601346304	8.881807128005491E-5
28.0	30.880539173195753	19.2990642207196	19.241513219464988	30.5787063066158	1.770800038603441E-4
29.0	30.426853864846233	18.95125591724725	19.155948758823463	29.913312272655457	1.5526291864276023
30.0	30.554413916980046	19.31678871687549	19.474584191762425	30.653421116783612	7.920575984285577E-4
31.0	30.688181233431234	19.513079067612406	19.210684039316618	30.58805565963974	0.0
32.0	30.862438880974963	19.380899714048713	19.246499109245992	30.5087622894303	0.0014000063000283501
33.0	30.623086580566245	19.225672036092032	19.400775270223463	30.74941915805619	0.0010469550620713483
34.0	30.527636223817833	19.492371744573056	19.28776851998448	30.691875546956958	3.4796466766764505E-4
35.0	30.786158966649985	19.24580576718397	19.440543426498028	30.52714486833739	3.4697133062637866E-4
36.0	30.71521823201313	19.233607617551307	19.440986211962205	30.609668843118136	5.190953552212774E-4
37.0	30.69643330252419	19.416662998911754	19.298777041062458	30.587608856808256	5.178006933351284E-4
38.0	30.8090490632503	19.32046800037534	19.398892756083512	30.47150409384112	8.608644973455243E-5
39.0	30.60954723716239	19.362280700247535	19.42772921150863	30.60009928934254	3.435617389033853E-4
40.0	30.61271014453007	19.289930888846225	19.360207607711928	30.736808545649012	3.4281326275950965E-4
41.0	30.764409152284095	19.367323605945888	19.302590273923755	30.56567696784626	0.0
42.0	30.56778918318811	19.39521837487552	19.471933958037685	30.564802480840303	2.560030583832041E-4
43.0	30.53466321336194	19.521931352367393	19.381573422612785	30.56174684301119	8.51686466957546E-5
44.0	30.776324165461933	19.329700860693737	19.290945420271306	30.602689593569316	3.3996000370556406E-4
45.0	30.546843061452627	19.36927385578895	19.48343627175744	30.60044681100098	0.0
46.0	30.614495820548086	19.454618558882657	19.310718442492856	30.620167178076397	0.0
47.0	30.843665642940728	19.315638505050334	19.334226101209463	30.506469750799475	0.0
48.0	30.591422243737547	19.282156465533966	19.440204163215874	30.68621712751261	0.0
49.0	30.535363995319038	19.54200658365536	19.21215029592773	30.710394935131628	8.418996623982353E-5
50.0	30.611385639370713	19.33524942853301	19.481393707139976	30.5719712249563	0.0
51.0	30.457082351677705	19.437116986501817	19.462874958887927	30.64292570293255	0.0
52.0	30.56274554151065	19.479305405473323	19.30213856708466	30.65581048593136	0.0
53.0	30.645378485822516	19.445245999265637	19.45009714844433	30.45927836646752	0.0
54.0	30.565684134219488	19.372848430993617	19.362743051089794	30.6987243836971	0.0
55.0	30.511435898505095	19.578091445489232	19.321059983737467	30.589412672268207	0.0
56.0	30.675894144427406	19.295328985013537	19.364210235237383	30.664566635321673	0.0
57.0	30.61004634432226	19.45729475937306	19.3681998587459	30.5642926605268	1.6637703198348874E-4
58.0	30.550748429987713	19.58380031454248	19.248404648183488	30.61696352686364	8.308042267995843E-5
59.0	30.803850408684745	19.277521384474046	19.356361979579457	30.562183237161637	8.299010011095776E-5
60.0	30.499051730426192	19.46265276755459	19.503352099787136	30.534611839444036	3.315627880451721E-4
61.0	30.572272197345065	19.39245449246178	19.41597003259055	30.619303277602604	0.0
62.0	30.7551359069258	19.369446131090744	19.285812372501947	30.58944014188786	1.654475936474742E-4
63.0	30.457340761435585	19.40553140136549	19.36676530392951	30.770362533269413	0.0
64.0	30.548535542737838	19.350211095914847	19.272825778147773	30.827932052882996	4.955303165447662E-4
65.0	30.7171181579979	19.358022653654913	19.32608471394087	30.598444366502303	3.301079040211269E-4
66.0	30.536857401582466	19.443019517738826	19.402608413097155	30.617514667581553	0.0
67.0	30.64390367737724	19.543525851098202	19.204273459187508	30.608297012337047	0.0
68.0	30.73115235951798	19.373552177623708	19.520435096367716	30.37486036649059	0.0
69.0	30.527928880456784	19.470588913427633	19.415582597582688	30.585570229396097	3.293791367960962E-4
70.0	30.461789206809126	19.539445523690365	19.34345263573804	30.655065687662574	2.4694609989792896E-4
71.0	30.76531884376396	19.397326736991438	19.43378107155994	30.403573347684652	0.0
72.0	30.65473105381885	19.4688372567506	19.32832149479812	30.54811019463243	0.0
73.0	30.443657656990826	19.58278333600622	19.269192336635374	30.704366670367584	0.0
74.0	30.781294073046432	19.23182247674999	19.373925285829767	30.612958164373804	0.0
75.0	30.563321448775802	19.34943559315344	19.29861924245813	30.788623715612623	0.0
76.0	30.540086705962842	19.52726172306721	19.126295984421873	30.80594442397769	4.11162570391032E-4
77.0	30.6137939371412	19.390276696158885	19.312400135852247	30.68352923084767	0.0
78.0	30.282449624264263	19.621426191680754	19.289166389029422	30.806793269250544	1.6452577501922897E-4
79.0	30.16986140849521	19.871694647744533	19.12088780193972	30.837391563379978	1.645784405534444E-4
80.0	30.426147143530912	19.567309156488264	19.14530224074396	30.861241459236865	0.0
81.0	30.1713164009558	19.617893448872685	19.12171319694552	31.089076953225998	0.0
82.0	30.332242362033867	19.815998477637834	18.92853053332927	30.922734353568615	4.94273430414127E-4
83.0	30.55518695659699	19.77601637843144	18.858520913572292	30.80986365318474	4.120982145432757E-4
84.0	30.161498612121303	19.896309050816317	18.953079309474685	30.9888656338804	2.473937072936613E-4
85.0	30.1801188469159	19.986202468866846	18.80631550629595	31.026620487848355	7.426900729569215E-4
86.0	30.37443338676365	19.934958705053912	18.86478330992144	30.825576853358967	2.477449020292785E-4
87.0	30.134777394557165	20.0785836430643	18.908672549695392	30.877966412683143	0.0
88.0	30.03863079875587	20.322695387466084	18.875818939845146	30.7628548739329	0.0
89.0	30.168353123429426	20.35695863164754	18.852271024268916	30.62175483685073	6.623838033912395E-4
90.0	29.935245174053975	20.436848504538972	19.09252074715449	30.534805408142713	5.80166109845336E-4
91.0	29.93984051513115	20.55579066158838	19.019607843137255	30.484263108544308	4.978715989146399E-4
92.0	30.291656385959755	20.518878700950644	19.11422259994301	30.072500791302897	0.0027415218436983627
93.0	30.0059895183429	20.550786124282507	19.126528574993763	30.315697529323682	9.982530571499876E-4
94.0	29.9686337090181	20.663689395428484	19.175831131751746	30.19084630683995	9.994569617174669E-4
95.0	30.10486792679428	20.519385637747785	19.333679167862076	30.04131666210743	7.506054884273315E-4
96.0	29.935751908148283	20.566154987245604	19.379419562090618	30.118590016655055	8.352586044165133E-5
97.0	29.94788203322803	20.631053140920926	19.35407512983488	30.066989696016165	0.0
98.0	29.937553138467855	20.416312410214314	19.48032149034817	30.164724015027456	0.0010889459422104765
99.0	29.866882795444518	20.504043185483127	19.58708999716415	30.041732319138976	2.517027692338671E-4
100.0	29.807340004638768	20.576954751876514	19.59390641124329	30.021210583106157	5.882491352737711E-4
101.0	29.744917287536303	20.60883108136549	19.713263459190973	29.932903986193544	8.418571368438776E-5
102.0	29.63204091132955	20.5515507040068	19.931454632546906	29.884953752116743	0.0
103.0	29.563155311385636	20.597739447643942	20.003244084403644	29.834678417461287	0.0011827391054944146
104.0	29.68089202970611	20.45896367137084	20.14497598544316	29.714914415081566	2.5389839832427055E-4
105.0	29.45881654546611	20.505098903894673	20.318103758984034	29.717980791655187	0.0
106.0	29.37054677243237	20.61122606356989	20.238610146879502	29.77893721612998	6.798009882606867E-4
107.0	29.464478082220946	20.49579527793745	20.44188967660897	29.5963892614592	0.0014477017734346724
108.0	29.175032788941614	20.46721148504679	20.626868244347374	29.729522164641875	0.0013653170223459732
109.0	29.139843611038902	20.601988041648994	20.577616402369777	29.679525770656888	0.0010261742854406394
110.0	29.17948968459447	20.475777886903767	20.64203790214141	29.70269452636035	0.0
111.0	29.024195633259787	20.496675687816122	20.803297429101235	29.675745361379917	8.588844293700684E-5
112.0	29.074210360959402	20.463260642212497	20.911371921171664	29.550984923801288	1.7215185515142908E-4
113.0	29.231494049154765	20.328394501389667	21.102914719076786	29.33711044247574	8.628790304000911E-5
114.0	29.11586750338421	20.2987617906678	21.3035148191557	29.28185588679229	0.0
115.0	28.823576855731215	20.590548825172604	21.28218492831701	29.30368939077917	0.0
116.0	29.024195091405613	20.375797950983632	21.472665286740533	29.125950148718932	0.0013915221512932458
117.0	28.82028577459359	20.309411791385592	21.655772622368293	29.21452981165253	0.0
118.0	28.799563324889082	20.36837464485157	21.65189505801341	29.179379697406542	7.872748393959328E-4
119.0	28.81480831651899	20.275287305904026	21.882884463549434	29.027019914027548	0.0
120.0	28.649748229511918	20.270713764714472	22.05162812755433	29.02694203779681	9.67840422471143E-4
121.0	28.490561708916605	20.4126869833471	22.176189669412736	28.920561638323555	0.0
122.0	28.580217134410006	20.241565350553014	22.35227468874893	28.823375807172606	0.00256701911544062
123.0	28.490217720430948	20.148041723755494	22.434465875015206	28.92425559574096	0.0030190850573936947
124.0	28.323591814630273	20.204313583673443	22.611130805942178	28.860874723653808	8.907210030231072E-5
125.0	28.398218107565892	20.141729257798012	22.79303149588708	28.66603814894083	9.829898081829434E-4
126.0	28.178551834679805	20.16830000322723	22.975092962130258	28.67760697368374	4.482262789688644E-4
127.0	28.23482438888844	20.17479728532748	23.044231680591636	28.543269027572073	0.002877617620372094
128.0	28.247149818768346	19.971024585801324	23.29165035371295	28.489092723129634	0.0010825185877462505
129.0	28.005983190600638	20.100516154252663	23.332181095579028	28.556614086016058	0.004705473551619045
130.0	27.981166705698463	20.121706578944977	23.498864447119182	28.396900694039758	0.0013615741976243255
131.0	28.036821491891455	19.927460677513263	23.728808929093404	28.30563404521915	0.001274856282719414
132.0	27.86612392252011	19.97224769887931	23.954218751712823	28.20585666731221	0.001552959575548743
133.0	27.700715009705146	20.01074072512725	23.9570407652675	28.33040376695192	0.0010997329481824162
134.0	27.82005418858252	19.785176379514986	24.235553925178568	28.15884775251613	3.6775420779767634E-4
135.0	27.59630424838048	19.82952617055499	24.475039473490046	28.09894565201352	1.84455560966252E-4
136.0	27.533988666589572	19.845588065224934	24.552607840869666	28.06726032149879	5.551058170463744E-4
137.0	27.541098013449076	19.697813364812266	24.835413058932055	27.924469117791723	0.001206445014876395
138.0	27.32930878133164	19.643059975383448	25.034029312691676	27.992763999500962	8.379310922711098E-4
139.0	27.272625377934155	19.775401798765767	25.011325181693277	27.938125745477166	0.0025218961296366695
140.0	27.34210232910249	19.549788676508754	25.375870989140097	27.73045784726432	0.0017801579843364835
141.0	27.199963904584024	19.506188389871852	25.50526532480705	27.787454398987826	0.001127981749255297
142.0	27.09617063974817	19.54505246202798	25.711297584087305	27.646441956042423	0.0010373580941279875
143.0	27.00361058651215	19.391669158248902	25.970770901851846	27.631867778353893	0.0020815750332105836
144.0	26.853210852398195	19.3348928260172	26.150015094927152	27.659982493681966	0.0018987329754854587
145.0	26.77107531766918	19.448944817332485	26.15978657279222	27.61857411042629	0.0016191817798236615
146.0	26.69364973932823	19.177127784122675	26.53070001481361	27.597184458132435	0.0013380036030525596
147.0	26.619718580010588	19.227840477523994	26.785056659940615	27.36565801486892	0.0017262676558819695
148.0	26.489859654460002	19.264538538704294	26.85424974150928	27.38990798307921	0.0014440822472230298
149.0	26.563977342923444	19.0052181873369	27.098499710531698	27.332304759207954	0.0
150.0	26.34932281396386	18.957306203611463	27.125981678266136	27.56592575102229	0.0014635531362480155
