# Position (bp)	A	C	G	T	N
0.0	27.075580409272032	22.209348667133373	34.761334758110166	15.953359265016168	3.7690046826393365E-4
1.0	22.96121019839402	19.156417689945027	12.482499278596217	45.398290533280836	0.001582299783905041
2.0	32.51744285180444	19.928209209737535	13.586478045722416	33.967483935566655	3.859571689545427E-4
3.0	21.01773575236681	22.488767027280723	10.522908233869929	45.97049286667441	9.611980812289275E-5
4.0	40.32298889922338	9.718782332342482	9.759431637610144	40.198673992571756	1.231382522413214E-4
5.0	45.18216311333321	10.730365209878133	22.50755740189014	21.579914274898513	0.0
6.0	34.84509253285461	14.162112004054267	20.0464288753511	30.946366587740027	0.0
7.0	40.719209213805094	15.265405895608025	19.171458973534758	24.843925917052122	0.0
8.0	18.25260288135206	32.71925793747248	22.452220327814633	26.575918853360825	0.0
9.0	30.53873000939213	19.134902891407467	13.23445731753645	37.09190978166395	0.0
10.0	27.409400206673823	15.263128979320664	28.4539989557505	28.873471858255016	0.0
11.0	27.495721834023236	18.4663270565468	17.91930044887257	36.1186506605574	0.0
12.0	24.93309962669358	20.73113509648012	23.690525785176973	30.645239491649324	0.0
13.0	23.43668752983497	26.85011443842062	18.394724111770323	31.31847391997409	0.0
14.0	32.67475144796106	20.73603226262311	20.30116580654964	26.288050482866193	0.0
15.0	32.68627720033081	19.08144960352801	19.398002037591063	28.834271158550123	0.0
16.0	31.61043037770039	18.680330381676082	18.445288806592416	31.263937225738047	1.3208293064549853E-5
17.0	31.679360203086045	18.541138373048632	18.741542527134055	31.037616415595064	3.424811362048796E-4
18.0	31.28799570040572	18.569102696166688	19.30132643954891	30.841325554091032	2.4960978764644376E-4
19.0	30.697944685885588	19.25576587211641	19.29311973544398	30.75315660453251	1.3102021510898917E-5
20.0	30.469349677871914	19.330886740177714	19.38161495533643	30.81814862661394	0.0
21.0	30.305410688539958	19.37601221183976	19.500664315950072	30.817326277534185	5.865061360271951E-4
22.0	30.43847066449202	19.528717225915535	19.337018585642078	30.694909520997797	8.840029525698616E-4
23.0	30.709723014679184	19.35752632397946	19.35214482078946	30.580502100731366	1.037398205301105E-4
24.0	30.33473693660062	19.535089240891356	19.350800827389914	30.778777973919187	5.95021198923736E-4
25.0	30.459181112672194	19.58902994298154	19.319698328980166	30.63144547879907	6.451365670244638E-4
26.0	30.702588184718277	19.478231433923966	19.419912489405476	30.398984727798805	2.831641534775454E-4
27.0	30.46556246996337	19.44382208068993	19.533057273457846	30.557558175888854	0.0
28.0	30.657632700573156	19.478701662398	19.450420351477263	30.413232476986853	1.2808564728594198E-5
29.0	30.205297927777274	19.14692243498341	19.25595585302965	29.829884612155748	1.561939172053916
30.0	30.44054951347498	19.47685876624618	19.6046279917987	30.47644676371502	0.0015169647651152153
31.0	30.486945289592683	19.6785867544349	19.31834629227299	30.515307675930103	8.139877693250235E-4
32.0	30.60775920598279	19.636316566263915	19.411733352961257	30.342832994709347	0.0013578800826910898
33.0	30.400773262129327	19.506861776988384	19.53264393497527	30.559252489637117	4.685362698991786E-4
34.0	30.351905639573072	19.72449229993179	19.470860238777046	30.452666005039784	7.581667830452678E-5
35.0	30.51383839783586	19.48925715852136	19.54512848324169	30.451738132828492	3.782757259331842E-5
36.0	30.411032199984543	19.486423044118283	19.59989047127803	30.502541031115264	1.1325350387465403E-4
37.0	30.48436873417787	19.592624934645496	19.48902477574754	30.433290803975666	6.907514534352513E-4
38.0	30.602978370767186	19.513566953800417	19.532520062780918	30.35030785640212	6.267562493552245E-4
39.0	30.412814003298788	19.49344339805003	19.63613733700455	30.457204892856932	4.003687897014137E-4
40.0	30.409415444969518	19.54699198798466	19.506440472385815	30.536040580989443	0.0011115136705565898
41.0	30.560554021455243	19.544241306014573	19.468281523683668	30.42692314884652	0.0
42.0	30.372539231473944	19.579800170231536	19.576502074253458	30.47043667661945	7.218474216170154E-4
43.0	30.26969332867795	19.79398685144066	19.47774797062138	30.457851176002077	7.206732579277165E-4
44.0	30.53493820335676	19.614665450550277	19.512787582909134	30.337311019781076	2.9774340275055355E-4
45.0	30.360680967092886	19.558721352767616	19.60644944952893	30.47414823061057	0.0
46.0	30.343775116694836	19.617571921102932	19.517284491491523	30.5213684707107	0.0
47.0	30.59911696442069	19.559369000579995	19.523106937515625	30.318197133222075	2.0996426161250579E-4
48.0	30.33399213751638	19.524834656594464	19.601362830494104	30.53981037539505	0.0
49.0	30.358578191136765	19.759501893444394	19.494902492478815	30.386253788305208	7.63634634821296E-4
50.0	30.545804531253847	19.54494354382426	19.589149098423164	30.31995522865366	1.4759784507146196E-4
51.0	30.316618630121305	19.550695845075293	19.64864838636885	30.484037138434555	0.0
52.0	30.474538728274343	19.622710909884375	19.482010871985665	30.420739489855624	0.0
53.0	30.50787199944705	19.57567711548381	19.55419393272271	30.362256952346428	0.0
54.0	30.34024981605967	19.503134636973414	19.61270308419876	30.54391246276815	0.0
55.0	30.295567375994942	19.765598200314663	19.558394689485183	30.38043973420521	0.0
56.0	30.444642794312543	19.559865280639272	19.535748912197846	30.459303200659914	4.3981219042108595E-4
57.0	30.372653120459837	19.647333826690527	19.68553788444969	30.29438972801518	8.544038476490529E-5
58.0	30.321560809719916	19.709729721028943	19.529156775070593	30.439552694180545	0.0
59.0	30.520326144230797	19.570286396544844	19.56663143691692	30.342244327959527	5.116943479095154E-4
60.0	30.29756372779045	19.617319814514897	19.67562626175943	30.40941716071947	7.303521575515675E-5
61.0	30.284425281987808	19.6009259475491	19.61656761090742	30.498081159555667	0.0
62.0	30.482263719340807	19.59594498589764	19.49914583623271	30.42232943920548	3.160193233661649E-4
63.0	30.213578543830472	19.649182304390937	19.566086934446485	30.57054488382864	6.073335034676922E-4
64.0	30.294679119829215	19.688051798746304	19.508963229907014	30.50807519243341	2.3065908405277722E-4
65.0	30.47735330006973	19.575517169040264	19.571828672744353	30.374536465821166	7.643923244818725E-4
66.0	30.319525335548597	19.593200195250322	19.678285677903666	30.408988791297414	0.0
67.0	30.433296316037595	19.742639887980758	19.41314514436806	30.41074894018242	1.6971143116801347E-4
68.0	30.457677316819655	19.645367572413146	19.68908652353638	30.20786858723082	0.0
69.0	30.303233285975907	19.691249285187116	19.676132378077238	30.32896109903791	4.239517218314666E-4
70.0	30.36887245849988	19.663421893560624	19.5706437437715	30.396601767168256	4.6013699973723753E-4
71.0	30.536466006169	19.597638691980727	19.628521209243644	30.237374092606633	0.0
72.0	30.318673999339385	19.6035423311281	19.701278755538752	30.376504913993763	0.0
73.0	30.285193415444628	19.743101070857964	19.493545637989836	30.478159875707572	0.0
74.0	30.572986656872953	19.532818114657836	19.546407496304667	30.347787732164544	0.0
75.0	30.37783124155822	19.531461573963263	19.59363520174483	30.49621282983908	8.591528946071095E-4
76.0	30.39389396705784	19.693258319279895	19.42088624750959	30.491102286434547	8.591797181309671E-4
77.0	30.42632375394166	19.64372330877733	19.51331087825559	30.416642059025424	0.0
78.0	30.194763854454575	19.661205106493405	19.570816551901764	30.572911900933757	3.025862164958386E-4
79.0	30.131228086231555	19.921438198133938	19.51689866827722	30.430435047357285	0.0
80.0	30.33408903527461	19.679878312734676	19.582306669684147	30.40372598230657	0.0
81.0	30.13307780998467	19.686259575917965	19.541310395340503	30.63935221875686	0.0
82.0	30.199688138364884	19.96018669047048	19.39455125451668	30.445561799869843	1.2116778114772304E-5
83.0	30.410099692387956	19.823224594126536	19.305107339354013	30.461422913891052	1.4546024044335311E-4
84.0	30.211312637466115	19.775790392648766	19.44334325355079	30.56889886313847	6.548531958594359E-4
85.0	30.203335487721382	19.83254738814522	19.35701283642395	30.606728169653024	3.76118056420863E-4
86.0	30.343981179121254	19.7770361971725	19.32959117030807	30.548869460502132	5.219928960408661E-4
87.0	30.049106770330713	19.905010119791662	19.468054727405743	30.577609746872202	2.1863559968161799E-4
88.0	30.156280594532554	20.07548276994929	19.24027899843611	30.52770239777879	2.5523930325504254E-4
89.0	30.221541233825782	20.039744413670775	19.355230261701603	30.382802994294845	6.810965069965638E-4
90.0	30.112030719745736	20.007429683655413	19.498574252957116	30.38123503397705	7.303096646868377E-4
91.0	30.067877972173907	20.126358430486054	19.432764893792502	30.372937791479476	6.0912068069479715E-5
92.0	30.22746219439496	20.096361143833164	19.447117146194273	30.226596470700557	0.0024630448770434584
93.0	30.01953845123021	20.120638250378008	19.407727043113105	30.451522635934662	5.736193440064773E-4
94.0	29.939329586062225	20.287976791221162	19.304574664531604	30.467679175867485	4.397823175257652E-4
95.0	30.2288972787021	20.11216680798695	19.383142475544908	30.27509641532363	6.970224424106607E-4
96.0	29.99620031954529	20.18018368712961	19.46709481622718	30.356521177097918	0.0
97.0	30.03014340634584	20.268257813065787	19.448532146370077	30.252882825488193	1.8380873010592162E-4
98.0	30.151865160323922	20.131144564493315	19.383019416510965	30.332645918263445	0.001324940408351541
99.0	29.881844794915175	20.206292873531197	19.534220888437034	30.37730979834647	3.316447701277975E-4
100.0	29.896952100215273	20.326231438882616	19.4922233198081	30.284408661395627	1.8447969837815287E-4
101.0	29.943124181108526	20.252781690969094	19.516104183130704	30.287879106957398	1.1083783427305344E-4
102.0	29.88472223729476	20.15432110945258	19.57202523241027	30.388808100100928	1.2332074146349163E-4
103.0	29.78539817435191	20.428531839672157	19.508038769458455	30.276759220244053	0.0012719962734214032
104.0	30.011261706931453	20.285863824617156	19.458278010064053	30.244559356343853	3.710204348161619E-5
105.0	29.749221406626695	20.2733390678926	19.604290639353817	30.37286401601218	2.8487011470976377E-4
106.0	29.814353549437083	20.322319749527388	19.538067073866596	30.32426726340807	9.923637608601809E-4
107.0	29.91399239861171	20.298330636536758	19.663162984578562	30.122439202808376	0.0020747774645871516
108.0	29.716216196037227	20.253533142828413	19.775147121993662	30.25368495610108	0.0014185830396202777
109.0	29.676132350131113	20.429923906490004	19.690390768412698	30.202194318096975	0.0013586568692133215
110.0	29.76495528252804	20.342188586945866	19.719154571748557	30.173701558777537	0.0
111.0	29.64090998875267	20.32246834180208	19.72457502288307	30.311421169714258	6.254768479119269E-4
112.0	29.602371615708318	20.384963942372465	19.739522320561903	30.27290399726383	2.3812409348350857E-4
113.0	29.77170464599353	20.291128937677975	19.840909484731966	30.096181591568143	7.534002838310002E-5
114.0	29.717376141008465	20.334937379784588	19.924833598214043	30.022852880992907	0.0
115.0	29.42489888936837	20.667390051603896	19.750904956069306	30.156806102958427	0.0
116.0	29.65283228731867	20.47608922538568	19.81359853175143	30.05699987151435	4.800840298657748E-4
117.0	29.50106493515372	20.36352504360581	19.977279526518803	30.158130494721664	0.0
118.0	29.495397600918515	20.457244260022257	19.90322064528113	30.143997925250392	1.395685277030205E-4
119.0	29.586040199634994	20.390422016818007	19.95968439278368	30.06381524200555	3.814875777471684E-5
120.0	29.34110833098824	20.430385451460687	20.072210972580784	30.155798187550214	4.970574200731669E-4
121.0	29.416903993308992	20.55119056789637	20.091969423411555	29.939936015383083	0.0
122.0	29.484020233656967	20.432210705408103	20.109901832111255	29.971446934928288	0.0024202938953913123
123.0	29.364989712763517	20.432089605501037	20.1992468520851	30.001928054554444	0.0017457750959021011
124.0	29.328136114562543	20.495407739415718	20.189218430396007	29.98723771562573	0.0
125.0	29.38408525174747	20.48563548404948	20.237499246987273	29.89231563249264	4.6438472313576305E-4
126.0	29.210803605236528	20.475259002228444	20.405245118426144	29.90799394575178	6.983283570971886E-4
127.0	29.16120546086873	20.645561844963208	20.262856099787673	29.92797820132967	0.002398393050727439
128.0	29.208367000979845	20.437536221015552	20.39651768768286	29.956825264297255	7.538260244918075E-4
129.0	29.05546748545367	20.606123546180946	20.413340800542894	29.921719390152408	0.003348777670089891
130.0	29.100586057424742	20.613087135216485	20.462588215621054	29.82239298507814	0.0013456066595771922
131.0	29.08290881350835	20.471902053151297	20.613810346390363	29.83067147221537	7.073147346233706E-4
132.0	28.918949374682825	20.557663353145813	20.745434496410322	29.77671821693983	0.0012345588212117169
133.0	28.86790159499834	20.664144346158135	20.645905785521638	29.82123181789989	8.164554219948614E-4
134.0	28.979997776386334	20.60104118993437	20.733863813962234	29.68445020623885	6.470134782150562E-4
135.0	28.884256682214847	20.546959947757255	20.907585314195316	29.661198055832582	0.0
136.0	28.80148150370821	20.68337651243586	20.83618180869478	29.67866808058146	2.920945796938238E-4
137.0	28.848631165964512	20.521985187824473	20.945222538803637	29.683229071840366	9.320355670098288E-4
138.0	28.655518746539283	20.44468395303288	21.103894846709533	29.795448479312586	4.539744057241365E-4
139.0	28.60885851748186	20.7231561983325	21.087342610787704	29.579330482934296	0.0013121904636424157
140.0	28.828555671767475	20.500292529074652	21.236791711376327	29.433648403551278	7.116842302725495E-4
141.0	28.62357386798246	20.5211913252389	21.222770170543303	29.63026955107142	0.002195085163917648
142.0	28.569416105213353	20.586340811018484	21.383534055453033	29.459844613296514	8.644150186166631E-4
143.0	28.580466075502947	20.494268645207892	21.43012057675377	29.49415580219663	9.889003387593257E-4
144.0	28.31435491096998	20.522392065276044	21.567852904691264	29.59423150536333	0.0011686136993866274
145.0	28.353405202401643	20.531932700716872	21.608551117838083	29.504093614441278	0.002017364602121177
146.0	28.45771560635529	20.43375684526752	21.661012958062187	29.446160818028527	0.0013537722864762662
147.0	28.19302896092991	20.566678191766687	21.883530632069416	29.35484136523042	0.001920850003567293
148.0	28.14068013131071	20.619118810526118	21.816264694454212	29.421912343685758	0.0020240200232032554
149.0	28.25466335529743	20.46196845472933	21.975795353276887	29.306962735726028	6.101009703239954E-4
150.0	27.971187470834202	20.442025858642435	22.073120830145378	29.512884831610325	7.810087676602121E-4
