#Position (bp)	Coverage	Std
15197.0	43.4266442930938	29.247599966046707
45590.0	47.7177639588063	21.683781764335524
75983.0	40.907050965682885	20.99502881216904
106376.0	39.176817030237224	17.531269448679872
136769.0	35.89020498141019	18.591690061988366
167162.0	45.6592307439213	20.222616865345874
197555.0	45.60810054946863	26.090243756385153
221485.0	47.42875135970687	22.013445929321783
236681.5	58.735803806281915	32.31768272064068
258341.0	43.61014049287665	21.18376850725541
288734.0	44.9156384693844	21.202620445201966
319127.0	38.484782680222416	17.082733798532374
349520.0	33.281874115750334	14.645822447308847
379913.0	29.80038166683118	15.175183172494416
410306.0	28.818675352877307	15.206630188328985
440699.0	30.631263777843582	16.612023740083316
471092.0	24.533445201197644	13.54670599005513
501485.0	29.09683150725496	14.860516881919972
531878.0	27.472016582765768	13.379070945608202
562271.0	26.07662948705294	13.18899517235616
592664.0	24.89734478333827	14.933353074708103
623057.0	24.781791859967754	13.636144176169742
653450.0	25.044319415654922	12.866517173371797
683843.0	26.643009903596223	13.520422677143069
714236.0	23.412759516994043	16.412735392529164
744629.0	25.78676010923568	12.974201767075225
775022.0	25.442141282532162	12.914627968678563
805415.0	28.738360806764714	15.621636741970264
835808.0	29.670088507222058	14.934798354467086
866201.0	32.86352120554075	16.374970849403773
896594.0	36.208074227618205	15.92703004081741
926987.0	40.75086368571711	18.944365589689934
957380.0	45.88171618464778	21.202538975330945
987773.0	47.46819991445398	19.74205056532388
1018166.0	52.43358668114369	22.93182120221119
1038382.5	55.586952191235056	24.541494660255772
1053579.0	46.12602564732472	37.376480928329265
1078952.0	42.01868851380252	19.39098073621894
1109345.0	46.61030500444181	20.84551080288129
1139738.0	31.839008982331457	19.960957845770327
1170131.0	29.7736649886487	15.528653453444981
1200524.0	26.882999374856052	17.504220152864225
1230917.0	31.480933109597604	15.75848279129453
1261310.0	41.73184614878426	19.06793352469139
1291703.0	46.97835027802454	21.993394616822933
1322096.0	45.742177475076495	22.133463465562954
1348657.5	46.176110866696	22.565651396874056
1363854.0	48.8950802557745	24.83407813417098
1382882.0	47.533478103510674	21.92099953867342
1413275.0	49.06527818905669	22.125900136460356
1443668.0	42.650643240219786	19.642725699813308
1474061.0	40.36544599085315	16.954985197518468
1504454.0	37.39407100319153	16.221576332452138
1534847.0	30.81607607014773	16.03911211676506
1565240.0	32.08015003454743	14.373350194080187
1595633.0	29.396308360477743	13.923636985248606
1626026.0	27.563024380613957	13.651556151533446
1656419.0	28.734445431513837	14.109348006948906
1686812.0	23.938209456124767	13.701682033501049
1717205.0	27.01019971704011	13.416551329258379
1747598.0	24.171750074030204	11.977117930878919
1777991.0	23.814003224426678	12.94109542419573
1808384.0	21.249728555917482	11.879267680507246
1838777.0	24.59612410752476	13.071136319337693
1869170.0	26.228934294080872	15.803883744849616
1899563.0	34.44684631329582	19.13608925958552
1929956.0	23.374033494554666	12.576835219081316
1960349.0	23.673312933899254	13.01410238127523
1990742.0	25.027572138321325	12.083271981709398
2021135.0	27.308195966176424	15.942096141197528
2051528.0	27.22077452044879	12.306509230765323
2081921.0	23.945678281183167	12.743780510394133
2112314.0	23.205113019445267	12.189915966150204
2142707.0	21.656137926496232	12.48400154100045
2173100.0	22.425723028328893	11.973088634352317
2203493.0	23.804362846708123	12.46379549486147
2233886.0	27.890106274471094	17.03488517331698
2264279.0	22.630145099200472	12.328702574990398
2294672.0	24.643141512848352	13.044771288676378
2325065.0	22.355871417760667	11.781988521142
2355458.0	28.18231171651367	18.19530329384634
2385851.0	23.05984930740631	11.314489318661204
2416244.0	24.161385845424935	11.966099748217287
2446637.0	28.344092389694996	16.45145025552916
2477030.0	23.657026288948114	12.510806699649093
2507423.0	24.570427401046295	12.799214535996322
2537816.0	24.804889283716644	13.463608212245715
2568209.0	26.54351330898562	15.615779350877782
2598602.0	26.88902049814102	13.869207520643808
2628995.0	27.46560063172441	13.625426798950496
2659388.0	27.374757345441385	14.110070893346826
2689781.0	27.202546639028725	12.831785656214642
2720174.0	27.255420656072122	12.596200411148404
2750567.0	31.523442898035732	14.701405141390845
2780960.0	38.654065080775176	19.10827948513537
2811353.0	36.589642351857336	18.925500777336147
2841746.0	42.002829598920805	18.59335707500909
2872139.0	50.511696772283095	29.1818014231586
2889645.5	92.145670995671	36.430812680396144
2904842.0	54.86194855080899	24.97190832377775
2932925.0	49.29829236995361	23.575598350016072
2963318.0	38.32504195044912	18.881594876443646
2993711.0	35.502648636199126	17.5652503148321
3024104.0	30.735432500904814	15.257662628256728
3054497.0	32.894383575165335	17.044297507314564
3084890.0	31.59602540058566	15.862845957793837
3115283.0	29.27180600796236	14.079678877240676
3145676.0	33.47665580890337	15.134100445088851
3176069.0	33.33379396571579	16.803415892056908
3206462.0	36.32191623071102	18.048052750206256
3236855.0	38.24811634257888	17.82189880431972
3267248.0	50.8159444608956	23.796343885113014
3297641.0	55.80337577731714	22.54251914962974
3322340.5	51.9319162369778	24.719517829386408
3337537.0	81.9037498902257	141.1373904226755
3358427.0	137.64018030467543	160.8907176267736
3388820.0	107.22547955121244	170.71022662980025
3410819.5	130.7559165074232	203.71183600125644
3426016.0	52.206886281050814	24.516674203345175
3449606.0	51.68134109827921	23.615215704973338
3479999.0	43.93136577501399	21.610051085081807
3510392.0	42.20850195768762	19.748752536042346
3540785.0	32.01832658835916	16.287621436195863
3571178.0	30.237028263086895	15.186548777712582
3601571.0	32.81558253545224	16.44900111695338
3631964.0	29.26739709801599	13.187055416569248
3662357.0	27.545454545454547	13.213295908310304
3692750.0	28.53439936827559	13.774259832580684
3723143.0	27.410127331951436	13.74721132095826
3753536.0	29.827558977396112	15.034438799463251
3783929.0	28.766525186720628	14.993481732271535
3814322.0	29.16464317441516	14.557369967357829
3844715.0	30.084756358371994	14.565410606240553
3875108.0	40.62152469318593	20.71057168266713
3905501.0	40.785937551409866	20.597618054266047
3935894.0	46.86691014378311	21.140443147177713
3966287.0	45.341558911591484	20.232387114945986
3987990.0	68.14447091370168	34.91442701170499
4003186.5	54.02945914844649	26.260968994310517
4027073.0	47.78350278024545	32.301377706590515
4057466.0	45.692396275458165	21.605374838062843
4087859.0	39.573717632349556	18.047020880352374
4118252.0	33.39693350442536	16.691715457662035
4148645.0	30.752607508307833	17.202968488937472
4179038.0	41.833382686802885	19.42380016284397
4209431.0	44.482413713684075	21.48274671779611
4239824.0	43.84002895403547	21.136804823473806
4259839.0	37.250181591781676	16.8537341647865
4275035.5	46.45529003661592	24.48708466671856
4300610.0	49.66363965386767	22.922371172885736
4331003.0	48.02503866021782	21.241557476433098
4361396.0	42.73734083506071	21.565326430413123
4391789.0	39.18293686046129	16.388122498025773
4422182.0	30.73628796104366	16.288952615113224
4452575.0	30.261606290922252	14.68594335370843
4482968.0	27.473760405356497	14.17478472830904
4513361.0	28.289342940808737	13.163876025720201
4543754.0	28.625078142993452	14.02522744565822
4574147.0	27.30806435692429	13.895936881817153
4604540.0	24.230612312045537	12.611891864628928
4634933.0	25.203829829236994	11.847985370747272
4665326.0	24.49198828677656	13.220533866332874
4695719.0	23.413746586385024	11.991449206757357
4726112.0	26.148290724837956	11.705283185805822
4756505.0	22.696706478465437	12.654268982276312
4786898.0	27.857401375316684	15.80584894865592
4817291.0	29.828381535221926	17.44812335243246
4847684.0	26.679498568749384	15.800750154929155
4878077.0	27.771690849866747	14.61930283557607
4908470.0	26.789622610469515	15.255052028028295
4938863.0	25.484519461718158	12.99671188380897
4969256.0	27.776790708386798	13.983868572937627
4999649.0	26.37824499062284	12.922175806678949
5030042.0	25.2912183726516	13.445937745836215
5060435.0	27.341657618530583	12.916143748111638
5090828.0	28.423222452538415	16.07151170961372
5121221.0	30.470733392557495	15.258718171660457
5151614.0	31.03043463955516	15.240798532897688
5182007.0	32.45934919224821	16.559460754099295
5212400.0	31.980620537623796	16.17342693295501
5242793.0	37.77432303490935	19.00258005884562
5273186.0	43.36682788800053	18.42058722619269
5303579.0	43.82821702365676	19.97236105554351
5333972.0	51.01467443161254	22.096509153639847
5352383.0	78.70586405350754	41.51415735069406
5367579.5	50.79853113002837	24.857873416811206
5394758.0	49.4494455960254	21.66010393916005
5425151.0	43.01253578126542	19.655738110466846
5455544.0	36.039976310334616	17.28921402665814
5485937.0	33.77109860823216	17.01482377067787
5516330.0	32.348270983450135	15.503064653624456
5546723.0	33.07600434310532	15.32027377916085
5577116.0	45.638370677458624	46.59956503786445
5607509.0	28.141085118283815	12.881205042955727
5637902.0	28.27193761721449	14.515933834140878
5668295.0	29.71279570953838	14.229517081921433
5698688.0	31.7329977297404	14.716897634061356
5729081.0	31.177047346428456	16.03056173742349
5759474.0	30.09995722699306	15.074883001949164
5789867.0	36.18629289639062	16.361204336393328
5820260.0	38.602013621557596	19.211003253448638
5850653.0	49.052709505478234	20.40812002960657
5881046.0	47.86289606159313	25.94098980623397
5907241.5	61.98318028911719	36.300055965475394
5922438.0	60.35354377605718	25.329528046651618
5941832.0	51.94771822459119	24.27437984913001
5972225.0	44.40604744513539	21.10611369728896
6002618.0	43.927384595137035	20.674096212489445
6033011.0	36.38709571282861	17.366444460958125
6063404.0	29.446056657783043	14.479241650903079
6093797.0	28.638962919093213	13.953057831670684
6124190.0	25.23571217056559	13.172391361714139
6154583.0	25.56670943967361	13.105504668800796
6184976.0	23.870364886651533	13.220211572126182
6215369.0	27.384529332412068	13.23998390071946
6245762.0	28.727733359655183	14.408712501574021
6276155.0	27.213503109268583	13.639219038830927
6306548.0	24.732767413549173	13.491197284600549
6336941.0	26.41141052215971	12.933688368161837
6367334.0	29.114434244727406	14.134585133307992
6397727.0	36.22426216563024	20.099994328033297
6428120.0	28.377323725857927	13.701168138417524
6458513.0	27.70331984338499	14.115815357743172
6488906.0	32.7708353897279	14.757824144302413
6519299.0	29.28151219030698	13.69370247885417
6549692.0	34.95571348665811	17.414685744249127
6580085.0	40.99733491264436	18.7770787366304
6610478.0	45.67936695949725	20.273029440596826
6640871.0	51.824531964597114	24.17438686893482
6660029.5	52.076981322564365	22.87271641020864
6675226.0	43.68676843651253	22.240214268604237
6701657.0	47.06689040239529	20.32436034903778
6732050.0	44.282597966637056	18.431310952821768
6762443.0	37.21626690356332	17.327370028771636
6792836.0	34.03862731550028	14.287109863160898
6823229.0	32.0725496002369	14.539796612046953
6853622.0	28.22116934820518	13.351589022454913
6884015.0	27.42595334452012	13.018140561556889
6914408.0	27.722074161813577	13.803205314416276
6944801.0	24.589905570361598	13.061468057493826
6975194.0	24.77754746158655	12.908528661194794
7005587.0	26.86681143684401	14.57846253105432
7035980.0	29.90076662389366	15.772976669340151
7066373.0	28.026881189747638	13.773450045911137
7096766.0	26.09758826045471	12.009365279117162
7127159.0	29.167999210344487	13.70282261961186
7157552.0	30.53364261507584	15.313377253775897
7187945.0	37.998453591287465	19.659371874768695
7218338.0	33.44806369887803	14.979480146294438
7248731.0	38.31592800973908	17.451275995080707
7279124.0	38.58562826966736	17.481172334098417
7309517.0	44.45599315631889	21.325331172420228
7327760.5	56.895470955037744	43.716682658135184
7342957.0	55.95789950203712	29.234543704651205
7370303.0	39.41414141414141	19.09604155352234
7400696.0	35.04810318165367	15.057065799175573
7431089.0	33.80354028888231	16.48814367900168
7461482.0	27.10153653801862	13.804633060061493
7491875.0	27.97854769190274	15.400240484119392
7522268.0	31.34942256440628	14.65843242082061
7552661.0	30.60875859572928	16.837783108802753
7583054.0	33.23896949955582	16.588708208367933
7613447.0	31.145625637482315	13.749008632525397
7643840.0	30.36005001151581	12.953487832902251
7674233.0	27.63827197051953	12.970404849793946
7704626.0	24.2488401934656	12.275668387098714
7735019.0	26.25120916000395	12.444464861488017
7765412.0	23.31385516401803	11.920923333426924
7795805.0	767.3239561741191	709.3916069506154
7826198.0	50.284736616984176	116.40367060218263
7856591.0	25.794919882867767	13.624535718568188
7886984.0	28.232191623071103	13.853018793783468
7917377.0	28.43516599216925	16.38680841050321
7947770.0	26.966637054584936	14.121517876413975
7978163.0	28.195571348665812	15.00306508567253
8008556.0	22.312374559931563	13.472698508704147
8038949.0	22.995031750732075	12.754989772258368
8069342.0	23.46102721021288	12.20110686990005
8099735.0	23.451090711677033	11.730241211445275
8130128.0	19.69196854538874	14.262038820740816
8160521.0	27.753265554568486	15.454616194356579
8190914.0	27.596058302898694	14.389777827302481
8221307.0	30.10630737340835	13.667768047278336
8251700.0	30.451880367189812	14.570916848528505
8282093.0	31.67035172572632	16.394163535613576
8312486.0	34.56782811831672	17.877630711604215
8342879.0	40.181225940183595	19.119344576067256
8373272.0	40.11423683084921	16.50888796072387
8398726.5	76.81624098264768	40.65612081686126
8413923.0	57.70942593905032	31.4782452346626
8434058.0	48.859276807159546	21.045686086214197
8464451.0	40.10249070509657	19.475853101018117
8494844.0	40.49297535616754	18.751269492772042
8525237.0	37.191491461849765	15.556151428533434
8555630.0	33.64439180074359	15.770044534167116
8586023.0	32.40545520350081	18.924505449932603
8616416.0	33.20669233047083	15.904257765223717
8646809.0	28.31477642878294	13.734548093699228
8677202.0	28.173263580429705	13.298429291836708
8707595.0	25.539301812917447	13.65291058925969
8737988.0	27.3408679630178	12.254056972384022
8768381.0	30.247655710196426	15.727601556778652
8798774.0	29.249004705030764	16.025752069044223
8829167.0	24.679169545619057	14.745053715996388
8859560.0	24.661204882703252	12.770953732487028
8889953.0	24.887572796367586	13.881161276012804
8920346.0	23.962326851577664	14.113968012141067
8950739.0	24.96199782844734	13.77670084829036
8981132.0	24.891323660053303	12.654842290437589
9011525.0	29.070410949889776	12.861725358820962
9041918.0	27.130852498930675	12.4498758129696
9072311.0	30.09416641989932	14.005362050182095
9102704.0	30.947849833843318	15.88330279681571
9133097.0	28.966966077715263	14.688068214580012
9163490.0	31.015595696377456	14.783790380014102
9193883.0	34.09268581581285	15.514386228319088
9224276.0	39.58937913335308	18.60470012069855
9254669.0	40.34422399894713	19.248019723709476
9285062.0	49.182640739644	19.209016441186638
9315455.0	49.19593327410917	22.444863293496468
9332033.5	50.78147612156295	25.562287367445446
9347230.0	61.191139744471386	31.53510786374211
9376241.0	53.101339124140424	22.34377835737544
9406634.0	47.48152535123219	19.99703199113754
9437027.0	44.34274339486066	18.428483980355885
9467420.0	35.92429177771197	16.915263742199443
9497813.0	29.86000065804626	14.994971683769812
9528206.0	31.585430855789163	14.627388157905974
9558599.0	28.135524627381304	12.687398937428167
9588992.0	27.62201822788142	13.985486081849729
9619385.0	26.62112986542954	15.06069165933816
9649778.0	27.432106077057217	12.555995070354168
9680171.0	27.314513210278683	13.142054077085938
9710564.0	22.394564537887014	10.960642733843049
9740957.0	24.750238541769487	12.725113094734372
9771350.0	27.711907347086502	13.455017972372136
9801743.0	25.18392392985227	12.357253239698796
9832136.0	27.416148455236403	14.19651062854024
9862529.0	30.660579738755633	17.47777376904986
9892922.0	29.955516072779915	16.698372763428242
9923315.0	31.781429934524397	15.500455053536745
9953708.0	28.582239331425	14.458751889498831
9984101.0	37.60849537722502	17.982911017733855
1.0014494E7	42.23271806007963	18.774480832328646
1.0044887E7	49.062843417892275	20.689071345723146
1.007528E7	50.79235350245122	22.310865466464225
1.01041125E7	57.35017600469346	30.049351945780728
1.0119309E7	59.388016661326496	27.134764014732344
1.0136066E7	56.37363866679828	25.90360037436531
1.0166459E7	48.73151712565393	21.385843263868157
1.0196852E7	44.12259401835949	19.290157849181696
1.0227245E7	37.85532852959563	18.739921231977977
1.0257638E7	30.438225907281282	14.904876108838574
1.0288031E7	32.700095416707796	15.741496830638111
1.0318424E7	30.45648669101438	14.551204013721296
1.0348817E7	27.367650445826342	13.297701871749021
1.037921E7	27.295660184911	13.536103748684852
1.0409603E7	28.48251242062317	14.496383414589546
1.0439996E7	26.979863784424044	14.120578878699527
1.0470389E7	26.02188003816668	13.333746662234278
1.0500782E7	25.27713618267364	12.346723530686617
1.0531175E7	26.420327048991545	13.632729530340052
1.0561568E7	24.98298950416214	13.647530605678883
1.0591961E7	27.665547988023558	13.825760259774771
1.0622354E7	25.465172901654988	12.792673128386797
1.0652747E7	25.274635606883162	11.918092568754973
1.068314E7	27.338959628861907	12.053677968488518
1.0713533E7	28.30691277596815	15.854344749165572
1.0743926E7	27.312802290000988	13.049384948619682
1.0774319E7	23.48468397328332	12.636292150560456
1.0804712E7	23.82676932188333	13.389363813749801
1.0835105E7	26.218339749284375	17.346252484067257
1.0865498E7	24.3183627809035	12.43916926185645
1.0895891E7	25.44615536472214	12.693870179898331
1.0926284E7	26.844273352416675	14.583431405398057
1.0956677E7	27.462474911986313	12.987083221510572
1.098707E7	27.877340177014442	14.316735218414294
1.1017463E7	26.902971078866845	15.043068714937132
1.1047856E7	33.808804658967524	16.021369148863
1.1078249E7	32.69634455302208	17.15600180655092
1.1108642E7	34.259270226696934	18.17737706099778
1.1139035E7	43.658473990721546	19.67527069125752
1.1169428E7	48.37518507551081	20.530699547910253
1.1196832E7	63.50665574441941	38.452493622913366
1.12120285E7	73.85463365674138	45.5662397110531
1.1230214E7	50.46234330273418	21.767544180875586
1.1260607E7	46.042509788438124	19.936524481215116
1.1291E7	42.53357681044977	19.537334327704844
1.1321393E7	37.69259368933636	16.837120663903534
1.1351786E7	35.28901391767841	16.483644179911767
1.1382179E7	30.133254367782055	14.308207611500306
1.1412572E7	29.168821768170304	14.424238795310384
1.1442965E7	28.960254005856612	14.897950718477135
1.1473358E7	26.586714045997432	12.470096498522366
1.1503751E7	27.23910110880795	12.769235198387525
1.1534144E7	23.714473727503044	12.453947674819094
1.1564537E7	26.047050307636628	11.05930061810196
1.159493E7	25.167933405718422	12.104215207745332
1.1625323E7	23.46208008422992	12.39195532218933
1.1655716E7	23.38482545322936	12.576581454401502
1.1686109E7	23.75885894778403	11.994321636580034
1.1716502E7	22.926726548876385	12.943762197710605
1.1746895E7	21.973908465765142	11.977205837682485
1.1777288E7	21.071496726219852	11.501234128152026
1.1807681E7	21.14546112591715	11.036945580004998
1.1838074E7	22.3092817425065	12.110734539793357
1.1868467E7	25.003717961372683	12.39260183067234
1.189886E7	26.544895206132992	14.103560082532784
1.1929253E7	28.118711545421643	13.125389632024849
1.1959646E7	28.51080840983121	13.627725468968492
1.1990039E7	28.730003619254433	15.66229354893391
1.2020432E7	32.57898200243477	17.670655466624403
1.2050825E7	38.02053104333235	20.285864612978852
1.2081218E7	35.199124798473335	16.233876384696167
1.2111611E7	43.19524232553548	17.032123917912713
1.21419565E7	53.38005808964288	43.03772099845868
