#Coverage	Number of genomic locations
0.0	36490.0
1.0	7764.0
2.0	52413.0
3.0	23210.0
4.0	85171.0
5.0	45552.0
6.0	117388.0
7.0	72985.0
8.0	146733.0
9.0	102670.0
10.0	180112.0
11.0	133025.0
12.0	208570.0
13.0	165258.0
14.0	236962.0
15.0	191988.0
16.0	260020.0
17.0	222152.0
18.0	279143.0
19.0	242504.0
20.0	292518.0
21.0	261467.0
22.0	306643.0
23.0	277320.0
24.0	316278.0
25.0	283866.0
26.0	312757.0
27.0	288400.0
28.0	310149.0
29.0	283635.0
30.0	302974.0
31.0	276060.0
32.0	287789.0
33.0	265748.0
34.0	272383.0
35.0	249672.0
36.0	254560.0
37.0	232594.0
38.0	235179.0
39.0	218857.0
40.0	215335.0
41.0	199848.0
42.0	197869.0
43.0	181792.0
44.0	179875.0
45.0	164806.0
46.0	161099.0
47.0	148909.0
48.0	144006.0
49.0	132790.0
50.0	128720.0
51.0	117916.0
52.0	112567.0
53.0	105674.0
54.0	99823.0
55.0	93428.0
56.0	89589.0
57.0	83455.0
58.0	78773.0
59.0	73781.0
60.0	69755.0
61.0	64497.0
62.0	61741.0
63.0	57343.0
64.0	54484.0
65.0	50278.0
66.0	47107.0
67.0	44699.0
68.0	41531.0
69.0	39322.0
70.0	36533.0
71.0	33828.0
72.0	31974.0
73.0	30038.0
74.0	28290.0
75.0	25810.0
76.0	24278.0
77.0	22054.0
78.0	21275.0
79.0	19248.0
80.0	18535.0
81.0	16960.0
82.0	16142.0
83.0	14838.0
84.0	13806.0
85.0	12764.0
86.0	11498.0
87.0	10630.0
88.0	10064.0
89.0	9303.0
90.0	8700.0
91.0	7945.0
92.0	7640.0
93.0	6603.0
94.0	6379.0
95.0	5806.0
96.0	5385.0
97.0	4807.0
98.0	4696.0
99.0	4457.0
100.0	3842.0
101.0	3726.0
102.0	3499.0
103.0	3051.0
104.0	2991.0
105.0	2550.0
106.0	2441.0
107.0	2314.0
108.0	2274.0
109.0	1874.0
110.0	1870.0
111.0	1505.0
112.0	1587.0
113.0	1339.0
114.0	1458.0
115.0	1139.0
116.0	1215.0
117.0	1117.0
118.0	1172.0
119.0	878.0
120.0	957.0
121.0	763.0
122.0	775.0
123.0	705.0
124.0	803.0
125.0	687.0
126.0	830.0
127.0	642.0
128.0	706.0
129.0	597.0
130.0	580.0
131.0	591.0
132.0	643.0
133.0	512.0
134.0	538.0
135.0	490.0
136.0	519.0
137.0	444.0
138.0	440.0
139.0	398.0
140.0	413.0
141.0	343.0
142.0	386.0
143.0	352.0
144.0	402.0
145.0	340.0
146.0	375.0
147.0	367.0
148.0	401.0
149.0	296.0
150.0	466.0
151.0	317.0
152.0	325.0
153.0	256.0
154.0	349.0
155.0	257.0
156.0	347.0
157.0	282.0
158.0	321.0
159.0	249.0
160.0	304.0
161.0	264.0
162.0	322.0
163.0	252.0
164.0	284.0
165.0	231.0
166.0	278.0
167.0	259.0
168.0	269.0
169.0	240.0
170.0	290.0
171.0	234.0
172.0	294.0
173.0	231.0
174.0	309.0
175.0	218.0
176.0	272.0
177.0	204.0
178.0	220.0
179.0	149.0
180.0	217.0
181.0	188.0
182.0	215.0
183.0	201.0
184.0	204.0
185.0	188.0
186.0	187.0
187.0	159.0
188.0	230.0
189.0	187.0
190.0	223.0
191.0	144.0
192.0	181.0
193.0	156.0
194.0	187.0
195.0	161.0
196.0	179.0
197.0	139.0
198.0	161.0
199.0	136.0
200.0	157.0
201.0	133.0
202.0	156.0
203.0	129.0
204.0	152.0
205.0	123.0
206.0	143.0
207.0	117.0
208.0	169.0
209.0	132.0
210.0	140.0
211.0	98.0
212.0	165.0
213.0	95.0
214.0	111.0
215.0	103.0
216.0	148.0
217.0	110.0
218.0	139.0
219.0	121.0
220.0	104.0
221.0	118.0
222.0	148.0
223.0	98.0
224.0	139.0
225.0	112.0
226.0	165.0
227.0	127.0
228.0	154.0
229.0	107.0
230.0	143.0
231.0	145.0
232.0	115.0
233.0	123.0
234.0	147.0
235.0	109.0
236.0	144.0
237.0	131.0
238.0	111.0
239.0	89.0
240.0	121.0
241.0	108.0
242.0	86.0
243.0	119.0
244.0	87.0
245.0	84.0
246.0	91.0
247.0	101.0
248.0	75.0
249.0	115.0
250.0	87.0
251.0	67.0
252.0	79.0
253.0	82.0
254.0	69.0
255.0	85.0
256.0	81.0
257.0	98.0
258.0	73.0
259.0	79.0
260.0	78.0
261.0	65.0
262.0	84.0
263.0	50.0
264.0	63.0
265.0	54.0
266.0	92.0
267.0	58.0
268.0	99.0
269.0	65.0
270.0	81.0
271.0	57.0
272.0	55.0
273.0	65.0
274.0	86.0
275.0	51.0
276.0	74.0
277.0	77.0
278.0	66.0
279.0	41.0
280.0	67.0
281.0	72.0
282.0	48.0
283.0	65.0
284.0	53.0
285.0	71.0
286.0	54.0
287.0	66.0
288.0	51.0
289.0	44.0
290.0	43.0
291.0	68.0
292.0	43.0
293.0	61.0
294.0	39.0
295.0	36.0
296.0	55.0
297.0	59.0
298.0	53.0
299.0	42.0
300.0	53.0
301.0	46.0
302.0	36.0
303.0	47.0
304.0	50.0
305.0	58.0
306.0	49.0
307.0	73.0
308.0	33.0
309.0	43.0
310.0	53.0
311.0	43.0
312.0	45.0
313.0	53.0
314.0	51.0
315.0	46.0
316.0	49.0
317.0	36.0
318.0	48.0
319.0	36.0
320.0	37.0
321.0	49.0
322.0	49.0
323.0	62.0
324.0	35.0
325.0	37.0
326.0	39.0
327.0	38.0
328.0	44.0
329.0	36.0
330.0	43.0
331.0	41.0
332.0	49.0
333.0	29.0
334.0	36.0
335.0	38.0
336.0	43.0
337.0	40.0
338.0	34.0
339.0	37.0
340.0	43.0
341.0	32.0
342.0	45.0
343.0	43.0
344.0	44.0
345.0	27.0
346.0	30.0
347.0	35.0
348.0	44.0
349.0	32.0
350.0	34.0
351.0	41.0
352.0	43.0
353.0	32.0
354.0	34.0
355.0	38.0
356.0	35.0
357.0	19.0
358.0	31.0
359.0	30.0
360.0	37.0
361.0	52.0
362.0	38.0
363.0	30.0
364.0	31.0
365.0	48.0
366.0	35.0
367.0	28.0
368.0	48.0
369.0	39.0
370.0	46.0
371.0	35.0
372.0	47.0
373.0	32.0
374.0	40.0
375.0	29.0
376.0	41.0
377.0	17.0
378.0	30.0
379.0	23.0
380.0	24.0
381.0	17.0
382.0	34.0
383.0	16.0
384.0	28.0
385.0	25.0
386.0	39.0
387.0	34.0
388.0	34.0
389.0	25.0
390.0	35.0
391.0	21.0
392.0	27.0
393.0	24.0
394.0	36.0
395.0	34.0
396.0	28.0
397.0	23.0
398.0	21.0
399.0	23.0
400.0	39.0
401.0	21.0
402.0	22.0
403.0	31.0
404.0	19.0
405.0	24.0
406.0	30.0
407.0	27.0
408.0	24.0
409.0	36.0
410.0	29.0
411.0	17.0
412.0	9.0
413.0	11.0
414.0	34.0
415.0	15.0
416.0	26.0
417.0	31.0
418.0	29.0
419.0	13.0
420.0	20.0
421.0	23.0
422.0	25.0
423.0	27.0
424.0	23.0
425.0	20.0
426.0	21.0
427.0	27.0
428.0	22.0
429.0	20.0
430.0	30.0
431.0	34.0
432.0	30.0
433.0	23.0
434.0	27.0
435.0	13.0
436.0	25.0
437.0	22.0
438.0	27.0
439.0	26.0
440.0	22.0
441.0	20.0
442.0	18.0
443.0	27.0
444.0	26.0
445.0	22.0
446.0	31.0
447.0	21.0
448.0	29.0
449.0	23.0
450.0	27.0
451.0	33.0
452.0	30.0
453.0	18.0
454.0	15.0
455.0	20.0
456.0	16.0
457.0	18.0
458.0	21.0
459.0	23.0
460.0	22.0
461.0	20.0
462.0	21.0
463.0	23.0
464.0	15.0
465.0	29.0
466.0	18.0
467.0	18.0
468.0	24.0
469.0	21.0
470.0	29.0
471.0	16.0
472.0	23.0
473.0	19.0
474.0	27.0
475.0	18.0
476.0	21.0
477.0	19.0
478.0	13.0
479.0	23.0
480.0	20.0
481.0	34.0
482.0	21.0
483.0	37.0
484.0	13.0
485.0	24.0
486.0	23.0
487.0	23.0
488.0	34.0
489.0	29.0
490.0	18.0
491.0	25.0
492.0	23.0
493.0	22.0
494.0	20.0
495.0	31.0
496.0	17.0
497.0	27.0
498.0	28.0
499.0	28.0
500.0	33.0
501.0	21.0
502.0	33.0
503.0	22.0
504.0	28.0
505.0	12.0
506.0	17.0
507.0	14.0
508.0	15.0
509.0	39.0
510.0	24.0
511.0	20.0
512.0	18.0
513.0	13.0
514.0	17.0
515.0	28.0
516.0	16.0
517.0	15.0
518.0	28.0
519.0	26.0
520.0	20.0
521.0	27.0
522.0	16.0
523.0	21.0
524.0	11.0
525.0	13.0
526.0	10.0
527.0	19.0
528.0	20.0
529.0	14.0
530.0	19.0
531.0	12.0
532.0	18.0
533.0	12.0
534.0	21.0
535.0	11.0
536.0	19.0
537.0	12.0
538.0	20.0
539.0	16.0
540.0	19.0
541.0	22.0
542.0	19.0
543.0	16.0
544.0	24.0
545.0	22.0
546.0	27.0
547.0	22.0
548.0	19.0
549.0	21.0
550.0	24.0
551.0	13.0
552.0	28.0
553.0	17.0
554.0	19.0
555.0	24.0
556.0	28.0
557.0	13.0
558.0	25.0
559.0	16.0
560.0	17.0
561.0	18.0
562.0	17.0
563.0	15.0
564.0	33.0
565.0	21.0
566.0	27.0
567.0	16.0
568.0	21.0
569.0	16.0
570.0	10.0
571.0	15.0
572.0	13.0
573.0	15.0
574.0	20.0
575.0	18.0
576.0	20.0
577.0	12.0
578.0	15.0
579.0	18.0
580.0	16.0
581.0	14.0
582.0	9.0
583.0	16.0
584.0	10.0
585.0	16.0
586.0	14.0
587.0	13.0
588.0	19.0
589.0	12.0
590.0	22.0
591.0	13.0
592.0	7.0
593.0	12.0
594.0	22.0
595.0	17.0
596.0	17.0
597.0	7.0
598.0	9.0
599.0	17.0
600.0	13.0
601.0	11.0
602.0	10.0
603.0	10.0
604.0	12.0
605.0	9.0
606.0	11.0
607.0	16.0
608.0	9.0
609.0	17.0
610.0	17.0
611.0	12.0
612.0	10.0
613.0	9.0
614.0	9.0
615.0	8.0
616.0	15.0
617.0	15.0
618.0	15.0
619.0	13.0
620.0	12.0
621.0	12.0
622.0	18.0
623.0	15.0
624.0	13.0
625.0	26.0
626.0	14.0
627.0	18.0
628.0	6.0
629.0	9.0
630.0	12.0
631.0	19.0
632.0	15.0
633.0	13.0
634.0	19.0
635.0	12.0
636.0	13.0
637.0	16.0
638.0	14.0
639.0	10.0
640.0	10.0
641.0	19.0
642.0	13.0
643.0	13.0
644.0	17.0
645.0	15.0
646.0	11.0
647.0	9.0
648.0	15.0
649.0	14.0
650.0	21.0
651.0	11.0
652.0	10.0
653.0	12.0
654.0	13.0
655.0	18.0
656.0	13.0
657.0	19.0
658.0	13.0
659.0	14.0
660.0	20.0
661.0	11.0
662.0	11.0
663.0	10.0
664.0	17.0
665.0	6.0
666.0	22.0
667.0	12.0
668.0	18.0
669.0	14.0
670.0	23.0
671.0	19.0
672.0	16.0
673.0	19.0
674.0	18.0
675.0	17.0
676.0	21.0
677.0	22.0
678.0	23.0
679.0	16.0
680.0	23.0
681.0	13.0
682.0	14.0
683.0	22.0
684.0	11.0
685.0	18.0
686.0	15.0
687.0	10.0
688.0	21.0
689.0	22.0
690.0	16.0
691.0	12.0
692.0	22.0
693.0	22.0
694.0	9.0
695.0	20.0
696.0	13.0
697.0	15.0
698.0	12.0
699.0	15.0
700.0	18.0
701.0	16.0
702.0	14.0
703.0	16.0
704.0	16.0
705.0	23.0
706.0	13.0
707.0	19.0
708.0	10.0
709.0	15.0
710.0	22.0
711.0	21.0
712.0	9.0
713.0	8.0
714.0	14.0
715.0	9.0
716.0	18.0
717.0	22.0
718.0	16.0
719.0	24.0
720.0	24.0
721.0	18.0
722.0	25.0
723.0	20.0
724.0	20.0
725.0	15.0
726.0	17.0
727.0	12.0
728.0	21.0
729.0	19.0
730.0	7.0
731.0	16.0
732.0	6.0
733.0	18.0
734.0	18.0
735.0	14.0
736.0	19.0
737.0	15.0
738.0	14.0
739.0	12.0
740.0	15.0
741.0	15.0
742.0	15.0
743.0	17.0
744.0	10.0
745.0	13.0
746.0	18.0
747.0	16.0
748.0	26.0
749.0	10.0
750.0	17.0
751.0	20.0
752.0	19.0
753.0	22.0
754.0	13.0
755.0	15.0
756.0	16.0
757.0	12.0
758.0	10.0
759.0	15.0
760.0	17.0
761.0	16.0
762.0	9.0
763.0	16.0
764.0	15.0
765.0	15.0
766.0	10.0
767.0	20.0
768.0	20.0
769.0	10.0
770.0	15.0
771.0	16.0
772.0	23.0
773.0	23.0
774.0	12.0
775.0	24.0
776.0	16.0
777.0	24.0
778.0	25.0
779.0	26.0
780.0	19.0
781.0	22.0
782.0	21.0
783.0	33.0
784.0	29.0
785.0	28.0
786.0	21.0
787.0	28.0
788.0	18.0
789.0	16.0
790.0	26.0
791.0	18.0
792.0	14.0
793.0	19.0
794.0	15.0
795.0	19.0
796.0	21.0
797.0	16.0
798.0	20.0
799.0	13.0
800.0	17.0
801.0	25.0
802.0	18.0
803.0	18.0
804.0	18.0
805.0	14.0
806.0	16.0
807.0	13.0
808.0	17.0
809.0	18.0
810.0	28.0
811.0	25.0
812.0	17.0
813.0	8.0
814.0	17.0
815.0	23.0
816.0	23.0
817.0	11.0
818.0	24.0
819.0	8.0
820.0	12.0
821.0	18.0
822.0	19.0
823.0	16.0
824.0	11.0
825.0	6.0
826.0	15.0
827.0	7.0
828.0	14.0
829.0	15.0
830.0	14.0
831.0	10.0
832.0	13.0
833.0	11.0
834.0	8.0
835.0	11.0
836.0	17.0
837.0	19.0
838.0	18.0
839.0	13.0
840.0	17.0
841.0	18.0
842.0	19.0
843.0	13.0
844.0	22.0
845.0	18.0
846.0	15.0
847.0	22.0
848.0	17.0
849.0	23.0
850.0	13.0
851.0	14.0
852.0	17.0
853.0	13.0
854.0	18.0
855.0	22.0
856.0	13.0
857.0	22.0
858.0	15.0
859.0	22.0
860.0	21.0
861.0	17.0
862.0	11.0
863.0	14.0
864.0	14.0
865.0	12.0
866.0	18.0
867.0	11.0
868.0	13.0
869.0	11.0
870.0	18.0
871.0	16.0
872.0	12.0
873.0	10.0
874.0	15.0
875.0	14.0
876.0	13.0
877.0	9.0
878.0	16.0
879.0	16.0
880.0	21.0
881.0	20.0
882.0	23.0
883.0	22.0
884.0	7.0
885.0	23.0
886.0	13.0
887.0	14.0
888.0	18.0
889.0	8.0
890.0	24.0
891.0	14.0
892.0	18.0
893.0	18.0
894.0	9.0
895.0	14.0
896.0	18.0
897.0	16.0
898.0	19.0
899.0	19.0
900.0	14.0
901.0	20.0
902.0	10.0
903.0	18.0
904.0	16.0
905.0	11.0
906.0	11.0
907.0	17.0
908.0	12.0
909.0	13.0
910.0	23.0
911.0	15.0
912.0	11.0
913.0	10.0
914.0	18.0
915.0	11.0
916.0	16.0
917.0	8.0
918.0	15.0
919.0	10.0
920.0	13.0
921.0	18.0
922.0	14.0
923.0	16.0
924.0	27.0
925.0	17.0
926.0	15.0
927.0	23.0
928.0	13.0
929.0	19.0
930.0	16.0
931.0	22.0
932.0	16.0
933.0	21.0
934.0	16.0
935.0	10.0
936.0	20.0
937.0	13.0
938.0	21.0
939.0	13.0
940.0	21.0
941.0	27.0
942.0	14.0
943.0	17.0
944.0	24.0
945.0	19.0
946.0	14.0
947.0	14.0
948.0	20.0
949.0	27.0
950.0	13.0
951.0	16.0
952.0	13.0
953.0	19.0
954.0	14.0
955.0	19.0
956.0	13.0
957.0	20.0
958.0	21.0
959.0	15.0
960.0	26.0
961.0	20.0
962.0	18.0
963.0	18.0
964.0	16.0
965.0	16.0
966.0	17.0
967.0	20.0
968.0	12.0
969.0	21.0
970.0	24.0
971.0	19.0
972.0	17.0
973.0	13.0
974.0	25.0
975.0	14.0
976.0	19.0
977.0	14.0
978.0	20.0
979.0	21.0
980.0	14.0
981.0	17.0
982.0	12.0
983.0	18.0
984.0	15.0
985.0	17.0
986.0	18.0
987.0	24.0
988.0	14.0
989.0	14.0
990.0	15.0
991.0	16.0
992.0	21.0
993.0	19.0
994.0	29.0
995.0	13.0
996.0	26.0
997.0	13.0
998.0	18.0
999.0	34.0
1000.0	18.0
1001.0	20.0
1002.0	28.0
1003.0	17.0
1004.0	12.0
1005.0	13.0
1006.0	14.0
1007.0	21.0
1008.0	22.0
1009.0	16.0
1010.0	20.0
1011.0	20.0
1012.0	25.0
1013.0	18.0
1014.0	25.0
1015.0	15.0
1016.0	25.0
1017.0	14.0
1018.0	13.0
1019.0	17.0
1020.0	22.0
1021.0	18.0
1022.0	17.0
1023.0	29.0
1024.0	16.0
1025.0	11.0
1026.0	18.0
1027.0	15.0
1028.0	18.0
1029.0	20.0
1030.0	15.0
1031.0	18.0
1032.0	18.0
1033.0	14.0
1034.0	19.0
1035.0	5.0
1036.0	21.0
1037.0	16.0
1038.0	13.0
1039.0	11.0
1040.0	21.0
1041.0	10.0
1042.0	7.0
1043.0	17.0
1044.0	12.0
1045.0	10.0
1046.0	17.0
1047.0	13.0
1048.0	18.0
1049.0	12.0
1050.0	13.0
1051.0	18.0
1052.0	5.0
1053.0	12.0
1054.0	10.0
1055.0	7.0
1056.0	13.0
1057.0	12.0
1058.0	18.0
1059.0	8.0
1060.0	11.0
1061.0	15.0
1062.0	7.0
1063.0	10.0
1064.0	13.0
1065.0	10.0
1066.0	11.0
1067.0	9.0
1068.0	11.0
1069.0	13.0
1070.0	12.0
1071.0	16.0
1072.0	16.0
1073.0	16.0
1074.0	12.0
1075.0	17.0
1076.0	15.0
1077.0	19.0
1078.0	17.0
1079.0	11.0
1080.0	20.0
1081.0	17.0
1082.0	16.0
1083.0	19.0
1084.0	19.0
1085.0	12.0
1086.0	17.0
1087.0	16.0
1088.0	14.0
1089.0	18.0
1090.0	11.0
1091.0	21.0
1092.0	18.0
1093.0	11.0
1094.0	11.0
1095.0	18.0
1096.0	12.0
1097.0	25.0
1098.0	12.0
1099.0	15.0
1100.0	20.0
1101.0	16.0
1102.0	17.0
1103.0	11.0
1104.0	21.0
1105.0	15.0
1106.0	17.0
1107.0	18.0
1108.0	13.0
1109.0	18.0
1110.0	14.0
1111.0	17.0
1112.0	20.0
1113.0	15.0
1114.0	12.0
1115.0	15.0
1116.0	18.0
1117.0	14.0
1118.0	17.0
1119.0	17.0
1120.0	20.0
1121.0	15.0
1122.0	8.0
1123.0	21.0
1124.0	14.0
1125.0	24.0
1126.0	11.0
1127.0	18.0
1128.0	9.0
1129.0	17.0
1130.0	12.0
1131.0	15.0
1132.0	12.0
1133.0	12.0
1134.0	11.0
1135.0	20.0
1136.0	16.0
1137.0	17.0
1138.0	7.0
1139.0	25.0
1140.0	13.0
1141.0	21.0
1142.0	21.0
1143.0	18.0
1144.0	17.0
1145.0	16.0
1146.0	22.0
1147.0	18.0
1148.0	19.0
1149.0	7.0
1150.0	19.0
1151.0	9.0
1152.0	5.0
1153.0	22.0
1154.0	21.0
1155.0	19.0
1156.0	15.0
1157.0	19.0
1158.0	19.0
1159.0	10.0
1160.0	20.0
1161.0	17.0
1162.0	17.0
1163.0	17.0
1164.0	22.0
1165.0	14.0
1166.0	17.0
1167.0	18.0
1168.0	15.0
1169.0	16.0
1170.0	18.0
1171.0	15.0
1172.0	17.0
1173.0	8.0
1174.0	18.0
1175.0	7.0
1176.0	12.0
1177.0	15.0
1178.0	10.0
1179.0	9.0
1180.0	20.0
1181.0	12.0
1182.0	5.0
1183.0	9.0
1184.0	14.0
1185.0	10.0
1186.0	16.0
1187.0	9.0
1188.0	11.0
1189.0	14.0
1190.0	14.0
1191.0	10.0
1192.0	17.0
1193.0	14.0
1194.0	11.0
1195.0	11.0
1196.0	18.0
1197.0	11.0
1198.0	15.0
1199.0	18.0
1200.0	7.0
1201.0	17.0
1202.0	19.0
1203.0	21.0
1204.0	13.0
1205.0	16.0
1206.0	21.0
1207.0	9.0
1208.0	15.0
1209.0	12.0
1210.0	19.0
1211.0	10.0
1212.0	12.0
1213.0	19.0
1214.0	14.0
1215.0	16.0
1216.0	17.0
1217.0	13.0
1218.0	18.0
1219.0	16.0
1220.0	16.0
1221.0	11.0
1222.0	14.0
1223.0	19.0
1224.0	13.0
1225.0	21.0
1226.0	12.0
1227.0	19.0
1228.0	14.0
1229.0	9.0
1230.0	23.0
1231.0	14.0
1232.0	14.0
1233.0	20.0
1234.0	11.0
1235.0	13.0
1236.0	16.0
1237.0	13.0
1238.0	18.0
1239.0	14.0
1240.0	9.0
1241.0	22.0
1242.0	10.0
1243.0	16.0
1244.0	11.0
1245.0	17.0
1246.0	8.0
1247.0	12.0
1248.0	13.0
1249.0	18.0
1250.0	14.0
1251.0	6.0
1252.0	11.0
1253.0	11.0
1254.0	16.0
1255.0	18.0
1256.0	16.0
1257.0	13.0
1258.0	14.0
1259.0	10.0
1260.0	12.0
1261.0	20.0
1262.0	11.0
1263.0	11.0
1264.0	12.0
1265.0	24.0
1266.0	11.0
1267.0	20.0
1268.0	17.0
1269.0	13.0
1270.0	12.0
1271.0	10.0
1272.0	12.0
1273.0	14.0
1274.0	15.0
1275.0	13.0
1276.0	13.0
1277.0	19.0
1278.0	9.0
1279.0	12.0
1280.0	20.0
1281.0	23.0
1282.0	14.0
1283.0	10.0
1284.0	15.0
1285.0	14.0
1286.0	17.0
1287.0	15.0
1288.0	15.0
1289.0	12.0
1290.0	10.0
1291.0	9.0
1292.0	17.0
1293.0	9.0
1294.0	10.0
1295.0	21.0
1296.0	16.0
1297.0	15.0
1298.0	8.0
1299.0	4.0
1300.0	15.0
1301.0	16.0
1302.0	11.0
1303.0	15.0
1304.0	7.0
1305.0	11.0
1306.0	9.0
1307.0	13.0
1308.0	10.0
1309.0	11.0
1310.0	15.0
1311.0	9.0
1312.0	18.0
1313.0	12.0
1314.0	12.0
1315.0	10.0
1316.0	14.0
1317.0	12.0
1318.0	16.0
1319.0	11.0
1320.0	11.0
1321.0	20.0
1322.0	11.0
1323.0	9.0
1324.0	14.0
1325.0	11.0
1326.0	15.0
1327.0	19.0
1328.0	15.0
1329.0	17.0
1330.0	9.0
1331.0	14.0
1332.0	11.0
1333.0	17.0
1334.0	17.0
1335.0	10.0
1336.0	19.0
1337.0	15.0
1338.0	13.0
1339.0	14.0
1340.0	19.0
1341.0	14.0
1342.0	11.0
1343.0	11.0
1344.0	15.0
1345.0	13.0
1346.0	17.0
1347.0	16.0
1348.0	13.0
1349.0	7.0
1350.0	14.0
1351.0	10.0
1352.0	16.0
1353.0	10.0
1354.0	12.0
1355.0	19.0
1356.0	12.0
1357.0	9.0
1358.0	8.0
1359.0	19.0
1360.0	6.0
1361.0	11.0
1362.0	16.0
1363.0	16.0
1364.0	10.0
1365.0	13.0
1366.0	14.0
1367.0	11.0
1368.0	16.0
1369.0	14.0
1370.0	18.0
1371.0	13.0
1372.0	10.0
1373.0	11.0
1374.0	10.0
1375.0	17.0
1376.0	17.0
1377.0	16.0
1378.0	17.0
1379.0	12.0
1380.0	15.0
1381.0	12.0
1382.0	19.0
1383.0	14.0
1384.0	13.0
1385.0	12.0
1386.0	17.0
1387.0	11.0
1388.0	8.0
1389.0	13.0
1390.0	20.0
1391.0	13.0
1392.0	7.0
1393.0	11.0
1394.0	7.0
1395.0	14.0
1396.0	10.0
1397.0	12.0
1398.0	15.0
1399.0	18.0
1400.0	15.0
1401.0	18.0
1402.0	10.0
1403.0	17.0
1404.0	11.0
1405.0	10.0
1406.0	11.0
1407.0	17.0
1408.0	13.0
1409.0	14.0
1410.0	6.0
1411.0	14.0
1412.0	11.0
1413.0	21.0
1414.0	23.0
1415.0	18.0
1416.0	14.0
1417.0	10.0
1418.0	22.0
1419.0	16.0
1420.0	12.0
1421.0	13.0
1422.0	18.0
1423.0	16.0
1424.0	16.0
1425.0	18.0
1426.0	11.0
1427.0	16.0
1428.0	13.0
1429.0	17.0
1430.0	11.0
1431.0	23.0
1432.0	15.0
1433.0	14.0
1434.0	11.0
1435.0	15.0
1436.0	22.0
1437.0	10.0
1438.0	14.0
1439.0	13.0
1440.0	9.0
1441.0	21.0
1442.0	19.0
1443.0	15.0
1444.0	11.0
1445.0	14.0
1446.0	12.0
1447.0	15.0
1448.0	10.0
1449.0	9.0
1450.0	15.0
1451.0	8.0
1452.0	23.0
1453.0	17.0
1454.0	14.0
1455.0	16.0
1456.0	9.0
1457.0	17.0
1458.0	16.0
1459.0	11.0
1460.0	10.0
1461.0	17.0
1462.0	9.0
1463.0	12.0
1464.0	23.0
1465.0	21.0
1466.0	12.0
1467.0	12.0
1468.0	19.0
1469.0	14.0
1470.0	16.0
1471.0	10.0
1472.0	16.0
1473.0	12.0
1474.0	13.0
1475.0	20.0
1476.0	16.0
1477.0	14.0
1478.0	6.0
1479.0	14.0
1480.0	12.0
1481.0	13.0
1482.0	14.0
1483.0	9.0
1484.0	11.0
1485.0	13.0
1486.0	16.0
1487.0	15.0
1488.0	12.0
1489.0	13.0
1490.0	15.0
1491.0	12.0
1492.0	14.0
1493.0	16.0
1494.0	13.0
1495.0	11.0
1496.0	10.0
1497.0	11.0
1498.0	17.0
1499.0	11.0
1500.0	11.0
1501.0	14.0
1502.0	15.0
1503.0	10.0
1504.0	11.0
1505.0	8.0
1506.0	13.0
1507.0	22.0
1508.0	11.0
1509.0	7.0
1510.0	8.0
1511.0	11.0
1512.0	14.0
1513.0	15.0
1514.0	12.0
1515.0	11.0
1516.0	7.0
1517.0	7.0
1518.0	8.0
1519.0	13.0
1520.0	9.0
1521.0	8.0
1522.0	9.0
1523.0	8.0
1524.0	10.0
1525.0	13.0
1526.0	11.0
1527.0	8.0
1528.0	12.0
1529.0	13.0
1530.0	10.0
1531.0	7.0
1532.0	9.0
1533.0	13.0
1534.0	6.0
1535.0	14.0
1536.0	9.0
1537.0	19.0
1538.0	10.0
1539.0	8.0
1540.0	12.0
1541.0	16.0
1542.0	12.0
1543.0	9.0
1544.0	13.0
1545.0	13.0
1546.0	15.0
1547.0	10.0
1548.0	8.0
1549.0	7.0
1550.0	17.0
1551.0	11.0
1552.0	9.0
1553.0	13.0
1554.0	10.0
1555.0	8.0
1556.0	15.0
1557.0	12.0
1558.0	11.0
1559.0	14.0
1560.0	17.0
1561.0	12.0
1562.0	14.0
1563.0	18.0
1564.0	13.0
1565.0	12.0
1566.0	18.0
1567.0	8.0
1568.0	11.0
1569.0	13.0
1570.0	13.0
1571.0	20.0
1572.0	10.0
1573.0	8.0
1574.0	14.0
1575.0	7.0
1576.0	4.0
1577.0	8.0
1578.0	11.0
1579.0	14.0
1580.0	9.0
1581.0	10.0
1582.0	11.0
1583.0	9.0
1584.0	13.0
1585.0	8.0
1586.0	12.0
1587.0	11.0
1588.0	8.0
1589.0	7.0
1590.0	14.0
1591.0	11.0
1592.0	7.0
1593.0	7.0
1594.0	5.0
1595.0	7.0
1596.0	14.0
1597.0	15.0
1598.0	14.0
1599.0	9.0
1600.0	8.0
1601.0	6.0
1602.0	17.0
1603.0	8.0
1604.0	17.0
1605.0	10.0
1606.0	18.0
1607.0	15.0
1608.0	9.0
1609.0	18.0
1610.0	15.0
1611.0	10.0
1612.0	13.0
1613.0	20.0
1614.0	15.0
1615.0	21.0
1616.0	9.0
1617.0	7.0
1618.0	12.0
1619.0	11.0
1620.0	13.0
1621.0	17.0
1622.0	8.0
1623.0	15.0
1624.0	14.0
1625.0	25.0
1626.0	14.0
1627.0	15.0
1628.0	8.0
1629.0	16.0
1630.0	10.0
1631.0	9.0
1632.0	19.0
1633.0	13.0
1634.0	16.0
1635.0	16.0
1636.0	14.0
1637.0	11.0
1638.0	19.0
1639.0	11.0
1640.0	15.0
1641.0	8.0
1642.0	15.0
1643.0	15.0
1644.0	12.0
1645.0	5.0
1646.0	2.0
1647.0	13.0
1648.0	8.0
1649.0	12.0
1650.0	8.0
1651.0	11.0
1652.0	16.0
1653.0	11.0
1654.0	8.0
1655.0	7.0
1656.0	12.0
1657.0	5.0
1658.0	14.0
1659.0	6.0
1660.0	5.0
1661.0	10.0
1662.0	12.0
1663.0	12.0
1664.0	9.0
1665.0	10.0
1666.0	16.0
1667.0	12.0
1668.0	14.0
1669.0	6.0
1670.0	19.0
1671.0	9.0
1672.0	13.0
1673.0	7.0
1674.0	14.0
1675.0	18.0
1676.0	10.0
1677.0	21.0
1678.0	13.0
1679.0	12.0
1680.0	12.0
1681.0	14.0
1682.0	18.0
1683.0	11.0
1684.0	9.0
1685.0	16.0
1686.0	6.0
1687.0	8.0
1688.0	7.0
1689.0	11.0
1690.0	14.0
1691.0	14.0
1692.0	11.0
1693.0	16.0
1694.0	10.0
1695.0	8.0
1696.0	13.0
1697.0	11.0
1698.0	19.0
1699.0	14.0
1700.0	11.0
1701.0	6.0
1702.0	13.0
1703.0	9.0
1704.0	9.0
1705.0	7.0
1706.0	11.0
1707.0	13.0
1708.0	11.0
1709.0	3.0
1710.0	14.0
1711.0	8.0
1712.0	10.0
1713.0	8.0
1714.0	7.0
1715.0	13.0
1716.0	8.0
1717.0	10.0
1718.0	11.0
1719.0	13.0
1720.0	9.0
1721.0	8.0
1722.0	11.0
1723.0	8.0
1724.0	8.0
1725.0	13.0
1726.0	10.0
1727.0	10.0
1728.0	9.0
1729.0	8.0
1730.0	17.0
1731.0	5.0
1732.0	10.0
1733.0	14.0
1734.0	7.0
1735.0	14.0
1736.0	16.0
1737.0	12.0
1738.0	9.0
1739.0	11.0
1740.0	8.0
1741.0	13.0
1742.0	13.0
1743.0	8.0
1744.0	11.0
1745.0	9.0
1746.0	11.0
1747.0	11.0
1748.0	11.0
1749.0	10.0
1750.0	11.0
1751.0	13.0
1752.0	14.0
1753.0	8.0
1754.0	8.0
1755.0	13.0
1756.0	11.0
1757.0	11.0
1758.0	10.0
1759.0	9.0
1760.0	15.0
1761.0	10.0
1762.0	10.0
1763.0	14.0
1764.0	15.0
1765.0	15.0
1766.0	14.0
1767.0	12.0
1768.0	11.0
1769.0	14.0
1770.0	14.0
1771.0	9.0
1772.0	10.0
1773.0	10.0
1774.0	10.0
1775.0	14.0
1776.0	10.0
1777.0	17.0
1778.0	11.0
1779.0	13.0
1780.0	10.0
1781.0	12.0
1782.0	9.0
1783.0	13.0
1784.0	13.0
1785.0	11.0
1786.0	14.0
1787.0	10.0
1788.0	14.0
1789.0	7.0
1790.0	14.0
1791.0	16.0
1792.0	8.0
1793.0	11.0
1794.0	9.0
1795.0	12.0
1796.0	15.0
1797.0	11.0
1798.0	7.0
1799.0	9.0
1800.0	16.0
1801.0	9.0
1802.0	14.0
1803.0	11.0
1804.0	14.0
1805.0	12.0
1806.0	10.0
1807.0	5.0
1808.0	9.0
1809.0	11.0
1810.0	9.0
1811.0	17.0
1812.0	14.0
1813.0	25.0
1814.0	10.0
1815.0	15.0
1816.0	9.0
1817.0	14.0
1818.0	11.0
1819.0	5.0
1820.0	3.0
1821.0	8.0
1822.0	7.0
1823.0	7.0
1824.0	10.0
1825.0	18.0
1826.0	14.0
1827.0	13.0
1828.0	7.0
1829.0	9.0
1830.0	8.0
1831.0	18.0
1832.0	12.0
1833.0	12.0
1834.0	11.0
1835.0	8.0
1836.0	6.0
1837.0	8.0
1838.0	9.0
1839.0	13.0
1840.0	12.0
1841.0	10.0
1842.0	12.0
1843.0	10.0
1844.0	15.0
1845.0	11.0
1846.0	14.0
1847.0	8.0
1848.0	7.0
1849.0	10.0
1850.0	4.0
1851.0	9.0
1852.0	11.0
1853.0	5.0
1854.0	6.0
1855.0	11.0
1856.0	10.0
1857.0	7.0
1858.0	9.0
1859.0	10.0
1860.0	7.0
1861.0	7.0
1862.0	10.0
1863.0	8.0
1864.0	6.0
1865.0	7.0
1866.0	6.0
1867.0	9.0
1868.0	7.0
1869.0	11.0
1870.0	13.0
1871.0	11.0
1872.0	10.0
1873.0	8.0
1874.0	4.0
1875.0	10.0
1876.0	6.0
1877.0	13.0
1878.0	6.0
1879.0	9.0
1880.0	7.0
1881.0	20.0
1882.0	11.0
1883.0	11.0
1884.0	15.0
1885.0	8.0
1886.0	10.0
1887.0	8.0
1888.0	9.0
1889.0	9.0
1890.0	8.0
1891.0	9.0
1892.0	11.0
1893.0	9.0
1894.0	10.0
1895.0	7.0
1896.0	12.0
1897.0	8.0
1898.0	8.0
1899.0	10.0
1900.0	14.0
1901.0	12.0
1902.0	13.0
1903.0	9.0
1904.0	6.0
1905.0	10.0
1906.0	3.0
1907.0	16.0
1908.0	4.0
1909.0	5.0
1910.0	10.0
1911.0	5.0
1912.0	11.0
1913.0	12.0
1914.0	13.0
1915.0	5.0
1916.0	7.0
1917.0	11.0
1918.0	11.0
1919.0	7.0
1920.0	11.0
1921.0	7.0
1922.0	4.0
1923.0	6.0
1924.0	6.0
1925.0	8.0
1926.0	3.0
1927.0	4.0
1928.0	7.0
1930.0	6.0
1931.0	7.0
1932.0	7.0
1933.0	14.0
1934.0	9.0
1935.0	9.0
1936.0	11.0
1937.0	9.0
1938.0	7.0
1939.0	3.0
1940.0	8.0
1941.0	4.0
1942.0	5.0
1943.0	6.0
1944.0	9.0
1945.0	5.0
1946.0	5.0
1947.0	5.0
1948.0	4.0
1949.0	2.0
1950.0	4.0
1951.0	5.0
1952.0	8.0
1953.0	4.0
1954.0	4.0
1955.0	5.0
1956.0	2.0
1957.0	9.0
1958.0	9.0
1959.0	6.0
1960.0	10.0
1961.0	3.0
1962.0	7.0
1963.0	7.0
1964.0	4.0
1965.0	2.0
1966.0	6.0
1967.0	3.0
1968.0	9.0
1969.0	10.0
1970.0	5.0
1971.0	13.0
1972.0	6.0
1973.0	6.0
1974.0	5.0
1975.0	7.0
1976.0	4.0
1977.0	7.0
1978.0	5.0
1979.0	10.0
1980.0	5.0
1981.0	4.0
1982.0	10.0
1983.0	3.0
1984.0	7.0
1985.0	2.0
1987.0	4.0
1988.0	3.0
1989.0	5.0
1990.0	5.0
1991.0	4.0
1992.0	4.0
1993.0	11.0
1994.0	9.0
1995.0	8.0
1996.0	5.0
1997.0	9.0
1998.0	8.0
1999.0	8.0
2000.0	9.0
2001.0	5.0
2002.0	8.0
2003.0	3.0
2004.0	5.0
2005.0	6.0
2006.0	4.0
2007.0	1.0
2008.0	7.0
2009.0	3.0
2010.0	6.0
2011.0	5.0
2012.0	3.0
2013.0	4.0
2014.0	10.0
2015.0	5.0
2016.0	4.0
2017.0	2.0
2018.0	5.0
2019.0	4.0
2020.0	5.0
2021.0	5.0
2022.0	4.0
2023.0	5.0
2025.0	4.0
2026.0	4.0
2027.0	6.0
2028.0	1.0
2029.0	2.0
2030.0	2.0
2031.0	2.0
2032.0	1.0
2033.0	2.0
2034.0	2.0
2035.0	4.0
2036.0	4.0
2037.0	7.0
2038.0	2.0
2039.0	3.0
2040.0	6.0
2041.0	2.0
2042.0	4.0
2043.0	6.0
2044.0	3.0
2045.0	6.0
2046.0	4.0
2047.0	4.0
2048.0	2.0
2049.0	4.0
2050.0	2.0
2052.0	2.0
2053.0	1.0
2054.0	1.0
2055.0	4.0
2056.0	2.0
2057.0	4.0
2058.0	5.0
2059.0	3.0
2060.0	1.0
2061.0	5.0
2062.0	3.0
2063.0	2.0
2064.0	3.0
2066.0	4.0
2067.0	4.0
2069.0	5.0
2070.0	2.0
2071.0	1.0
2072.0	3.0
2073.0	1.0
2074.0	3.0
2075.0	2.0
2076.0	3.0
2077.0	2.0
2078.0	4.0
2079.0	1.0
2080.0	5.0
2081.0	2.0
2082.0	3.0
2083.0	2.0
2084.0	2.0
2085.0	10.0
2086.0	3.0
2088.0	6.0
2089.0	2.0
2090.0	1.0
2091.0	1.0
2092.0	2.0
2093.0	3.0
2094.0	3.0
2095.0	1.0
2096.0	3.0
2097.0	6.0
2098.0	2.0
2099.0	2.0
2100.0	3.0
2101.0	4.0
2102.0	1.0
2103.0	3.0
2104.0	1.0
2105.0	3.0
2106.0	6.0
2107.0	4.0
2108.0	4.0
2109.0	5.0
2110.0	2.0
2111.0	2.0
2112.0	2.0
2113.0	4.0
2114.0	3.0
2115.0	1.0
2116.0	5.0
2117.0	4.0
2119.0	2.0
2120.0	2.0
2121.0	2.0
2122.0	2.0
2124.0	3.0
2125.0	2.0
2126.0	3.0
2127.0	1.0
2128.0	1.0
2129.0	1.0
2130.0	2.0
2131.0	3.0
2132.0	3.0
2133.0	1.0
2135.0	1.0
2136.0	2.0
2137.0	1.0
2138.0	2.0
2139.0	3.0
2140.0	6.0
2142.0	1.0
2144.0	3.0
2145.0	2.0
2146.0	2.0
2147.0	3.0
2148.0	1.0
2149.0	2.0
2150.0	2.0
2151.0	1.0
2153.0	2.0
2155.0	1.0
2156.0	3.0
2157.0	3.0
2158.0	2.0
2159.0	2.0
2160.0	7.0
2161.0	1.0
2162.0	3.0
2163.0	1.0
2164.0	2.0
2165.0	3.0
2166.0	2.0
2167.0	2.0
2168.0	5.0
2170.0	2.0
2171.0	1.0
2173.0	3.0
2175.0	2.0
2176.0	2.0
2177.0	2.0
2178.0	4.0
2179.0	1.0
2180.0	5.0
2181.0	1.0
2182.0	1.0
2183.0	2.0
2184.0	2.0
2185.0	4.0
2186.0	4.0
2188.0	1.0
2191.0	4.0
2192.0	1.0
2194.0	1.0
2195.0	3.0
2196.0	1.0
2198.0	1.0
2200.0	1.0
2201.0	3.0
2205.0	1.0
2206.0	2.0
2209.0	1.0
2210.0	2.0
2212.0	2.0
2216.0	1.0
2220.0	1.0
2222.0	1.0
2223.0	1.0
2224.0	2.0
2225.0	1.0
2228.0	1.0
2233.0	1.0
2235.0	1.0
2237.0	1.0
2240.0	1.0
2241.0	1.0
2244.0	1.0
2245.0	1.0
2247.0	1.0
2248.0	1.0
2252.0	1.0
2253.0	2.0
2258.0	1.0
2262.0	1.0
2266.0	1.0
2268.0	1.0
2271.0	1.0
2276.0	1.0
2284.0	1.0
2288.0	1.0
2289.0	1.0
2293.0	1.0
2295.0	1.0
2297.0	1.0
2304.0	1.0
2305.0	1.0
2306.0	1.0
2308.0	1.0
2313.0	1.0
2315.0	1.0
2320.0	1.0
2326.0	1.0
2327.0	1.0
2328.0	2.0
2329.0	1.0
2333.0	1.0
2338.0	1.0
2378.0	1.0
2390.0	1.0
2395.0	1.0
2396.0	1.0
2397.0	1.0
2399.0	2.0
2402.0	1.0
2405.0	1.0
2410.0	1.0
2411.0	1.0
2418.0	1.0
2424.0	1.0
2427.0	1.0
2428.0	1.0
2429.0	2.0
2430.0	1.0
2442.0	1.0
2447.0	1.0
2462.0	1.0
2469.0	2.0
2472.0	1.0
2475.0	1.0
2497.0	1.0
2503.0	1.0
2508.0	1.0
2510.0	1.0
2514.0	1.0
2519.0	1.0
2521.0	1.0
2528.0	1.0
2534.0	1.0
2535.0	1.0
2542.0	1.0
2555.0	1.0
2557.0	1.0
2561.0	1.0
2571.0	3.0
2572.0	2.0
2574.0	1.0
2575.0	1.0
2592.0	1.0
2601.0	1.0
2604.0	1.0
2614.0	2.0
2615.0	1.0
2617.0	1.0
2622.0	1.0
2623.0	1.0
2624.0	1.0
2625.0	1.0
2628.0	1.0
2634.0	1.0
2644.0	1.0
2647.0	1.0
2656.0	2.0
2671.0	1.0
2673.0	1.0
2675.0	1.0
2682.0	1.0
2706.0	1.0
2708.0	1.0
2715.0	2.0
2717.0	1.0
2719.0	1.0
2720.0	2.0
2727.0	2.0
2730.0	1.0
2735.0	1.0
2736.0	1.0
2742.0	1.0
2743.0	1.0
2744.0	1.0
2751.0	1.0
2759.0	1.0
2768.0	1.0
2794.0	1.0
2804.0	1.0
2806.0	1.0
2807.0	1.0
2811.0	1.0
2814.0	1.0
2819.0	2.0
2820.0	1.0
2823.0	2.0
2825.0	2.0
2827.0	1.0
2831.0	1.0
2832.0	1.0
2837.0	1.0
2839.0	1.0
2844.0	2.0
2846.0	1.0
2854.0	1.0
2857.0	1.0
2903.0	1.0
2905.0	1.0
2913.0	1.0
2933.0	1.0
2944.0	1.0
2949.0	1.0
2950.0	1.0
2951.0	1.0
2952.0	2.0
2955.0	1.0
2957.0	1.0
2958.0	1.0
2959.0	2.0
2960.0	1.0
2965.0	1.0
2968.0	4.0
2972.0	4.0
2974.0	1.0
2975.0	1.0
2978.0	1.0
2981.0	1.0
2982.0	1.0
2983.0	1.0
2986.0	1.0
2990.0	1.0
2994.0	2.0
2996.0	1.0
2997.0	1.0
3001.0	1.0
3005.0	1.0
3006.0	1.0
3007.0	1.0
3008.0	1.0
3020.0	1.0
3021.0	1.0
3022.0	1.0
3024.0	2.0
3026.0	1.0
3028.0	1.0
3029.0	1.0
3031.0	1.0
3033.0	1.0
3034.0	2.0
3036.0	1.0
3037.0	1.0
3038.0	1.0
3046.0	1.0
3062.0	1.0
3072.0	1.0
3075.0	1.0
3076.0	2.0
3086.0	1.0
3109.0	1.0
3111.0	1.0
3126.0	1.0
3145.0	2.0
3149.0	1.0
3172.0	1.0
3176.0	2.0
3178.0	1.0
3179.0	1.0
3190.0	1.0
3250.0	1.0
3284.0	1.0
3293.0	1.0
3346.0	1.0
3348.0	1.0
3350.0	1.0
