#Position (bp)	insert size
15197.0	213.03189319488226
45590.0	211.9247955316178
75983.0	211.50334178382116
106376.0	212.51839851886137
136769.0	212.26608478802993
167162.0	211.88964051024354
197555.0	221.699294205052
221485.0	212.05124919923125
236681.5	223.11827284105132
258341.0	211.27211302211302
288734.0	211.77693535514766
319127.0	211.8439453577217
349520.0	209.7125069175429
379913.0	212.10572411635908
410306.0	212.53619136377756
440699.0	212.23547835990888
471092.0	212.12796208530807
501485.0	211.72636665659923
531878.0	210.97118251076515
562271.0	212.16649466804265
592664.0	211.24357142857144
623057.0	212.0436025732666
653450.0	212.57035775127767
683843.0	212.0276167746335
714236.0	213.46424384525204
744629.0	212.46664420485175
775022.0	211.24052832811958
805415.0	211.7465495608532
835808.0	211.11033221578788
866201.0	212.25879465503135
896594.0	210.5202736948809
926987.0	212.05702917771885
957380.0	212.943332672875
987773.0	212.15460649011564
1018166.0	211.79775853285787
1038382.5	213.93135111499782
1053579.0	214.71681636726547
1078952.0	212.45756613756615
1109345.0	211.82994717594474
1139738.0	221.20773480662984
1170131.0	213.26248581157776
1200524.0	212.67269681742044
1230917.0	211.96178884800452
1261310.0	212.60962092662382
1291703.0	211.28565846033607
1322096.0	215.30892621249293
1348657.5	213.59475425330814
1363854.0	213.33249528598367
1382882.0	212.1576301615799
1413275.0	212.61581920903956
1443668.0	211.55228276877762
1474061.0	211.84296194406235
1504454.0	212.78660886319847
1534847.0	213.01381692573403
1565240.0	211.74508686983765
1595633.0	211.35150030618493
1626026.0	210.58184184835665
1656419.0	212.53924050632912
1686812.0	212.10634328358208
1717205.0	211.9397870924817
1747598.0	214.65685570710696
1777991.0	211.11978771796817
1808384.0	211.96750902527077
1838777.0	211.40037313432836
1869170.0	214.67747060692724
1899563.0	212.21319534282017
1929956.0	212.50482195845697
1960349.0	211.6782449725777
1990742.0	211.86338797814207
2021135.0	211.93143759873618
2051528.0	212.2926668858928
2081921.0	212.4154642989271
2112314.0	217.35790637670476
2142707.0	211.18189233278957
2173100.0	211.75863407062477
2203493.0	212.60305927342256
2233886.0	217.4375402446877
2264279.0	213.0630733944954
2294672.0	212.95997088791847
2325065.0	212.29505582137162
2355458.0	212.41277258566979
2385851.0	212.2072138387928
2416244.0	210.95682656826568
2446637.0	212.11211180124224
2477030.0	212.77203204661325
2507423.0	211.85547445255474
2537816.0	211.68739084876003
2568209.0	212.23795280824194
2598602.0	212.75225075025008
2628995.0	213.32218252679442
2659388.0	215.95258889582033
2689781.0	213.69316375198727
2720174.0	211.67833065810595
2750567.0	211.82022792022792
2780960.0	211.5082859848485
2811353.0	213.18399219131283
2841746.0	211.76962132430717
2872139.0	214.1347854569276
2889645.5	210.3395739186572
2904842.0	215.85285542788543
2932925.0	211.19504876219054
2963318.0	211.91031708471368
2993711.0	212.00513610683103
3024104.0	211.44326241134752
3054497.0	211.16494557633268
3084890.0	213.0900951315053
3115283.0	211.32054713053822
3145676.0	211.80992637032998
3176069.0	212.8316188413644
3206462.0	212.59217327098204
3236855.0	212.2637923041261
3267248.0	213.72950669356317
3297641.0	217.554650798622
3322340.5	214.1669724770642
3337537.0	235.39785689595575
3358427.0	229.25706780642003
3388820.0	232.72091057941162
3410819.5	231.42124799357944
3426016.0	211.94837421563034
3449606.0	212.2832409972299
3479999.0	211.9939746937136
3510392.0	212.6812834224599
3540785.0	210.96608315098467
3571178.0	212.18347578347579
3601571.0	212.28441629955947
3631964.0	212.22132672039677
3662357.0	212.07562758182397
3692750.0	211.74497487437185
3723143.0	211.42185473411155
3753536.0	212.43707165109035
3783929.0	211.90461443171262
3814322.0	210.3521914827479
3844715.0	212.52548330404218
3875108.0	213.0182520936225
3905501.0	212.1023080337328
3935894.0	212.16352319879292
3966287.0	212.20544747081712
3987990.0	213.0732867132867
4003186.5	212.49934776937124
4027073.0	211.46208310042854
4057466.0	210.73628820076908
4087859.0	212.33536310329274
4118252.0	212.330999192028
4148645.0	211.73469387755102
4179038.0	211.9317041239363
4209431.0	211.2900020699648
4239824.0	211.35076163030052
4259839.0	213.94323756131746
4275035.5	212.48723897911833
4300610.0	211.7476335059832
4331003.0	211.85654728065188
4361396.0	211.22852376980816
4391789.0	210.52431435814705
4422182.0	211.1253161000281
4452575.0	211.59026128266032
4482968.0	211.23014586709886
4513361.0	210.4395813510942
4543754.0	212.65270935960592
4574147.0	211.319363222872
4604540.0	213.16488603988603
4634933.0	212.31397006414826
4665326.0	211.12947067238912
4695719.0	209.9394644935972
4726112.0	212.85855728429985
4756505.0	211.5112055641422
4786898.0	227.7328575860999
4817291.0	212.81059947871415
4847684.0	212.94095595126524
4878077.0	211.86079266295448
4908470.0	210.52692569870484
4938863.0	211.5759162303665
4969256.0	211.3609709962169
4999649.0	210.40271343481137
5030042.0	212.71235253296322
5060435.0	211.84764089121887
5090828.0	213.5793427230047
5121221.0	210.636802413273
5151614.0	213.0046176046176
5182007.0	212.1812172955109
5212400.0	212.20540691192866
5242793.0	210.5323706377858
5273186.0	211.44877947006051
5303579.0	211.87046632124353
5333972.0	212.78135313531354
5352383.0	212.75768087215064
5367579.5	212.3167649536647
5394758.0	211.4709110867179
5425151.0	212.51842439644219
5455544.0	211.83397870280734
5485937.0	212.57855025599568
5516330.0	211.79910213243548
5546723.0	212.04192634560906
5577116.0	211.5392789373814
5607509.0	212.9359174742107
5637902.0	212.11653786707882
5668295.0	212.4874770922419
5698688.0	212.14473684210526
5729081.0	212.0072585147962
5759474.0	212.0823564773069
5789867.0	210.75206198450388
5820260.0	211.82690541781452
5850653.0	212.0266936671576
5881046.0	216.53614457831324
5907241.5	212.85271047585846
5922438.0	214.5126879699248
5941832.0	211.7460184409053
5972225.0	212.5354532885641
6002618.0	212.10639619126474
6033011.0	211.35208487540095
6063404.0	212.43627005752347
6093797.0	211.93459119496856
6124190.0	211.65653075328265
6154583.0	212.86105263157896
6184976.0	211.69163828982218
6215369.0	211.3542361574383
6245762.0	210.58119393751934
6276155.0	213.5608552631579
6306548.0	211.52788917243893
6336941.0	212.46460618145562
6367334.0	211.97663125948407
6397727.0	212.16852264291018
6428120.0	212.19652996845426
6458513.0	210.00032404407
6488906.0	210.06427758816838
6519299.0	211.76720396776193
6549692.0	212.4645344338406
6580085.0	211.42634124890063
6610478.0	211.32744942483143
6640871.0	215.06987475280158
6660029.5	217.35060639470782
6675226.0	213.66204772902233
6701657.0	212.1274831243973
6732050.0	211.6948347107438
6762443.0	212.1310075628202
6792836.0	213.02902374670185
6823229.0	211.24173669467788
6853622.0	212.28043609933374
6884015.0	210.4630541871921
6914408.0	211.09996667777406
6944801.0	211.17489114658926
6975194.0	211.68060021436227
7005587.0	212.47240915208613
7035980.0	213.3823166974738
7066373.0	212.54519322900032
7096766.0	212.67146776406037
7127159.0	210.41297032731723
7157552.0	211.4776798407734
7187945.0	211.98276292780415
7218338.0	211.31128723695
7248731.0	212.23632183908046
7279124.0	212.3876662081614
7309517.0	218.36164122137404
7327760.5	217.20444718962324
7342957.0	212.15279082879158
7370303.0	211.2076923076923
7400696.0	216.76572164948453
7431089.0	212.10533297957016
7461482.0	212.82246376811594
7491875.0	213.1439299123905
7522268.0	212.36274791606783
7552661.0	212.19573752103196
7583054.0	212.89665327978582
7613447.0	212.80528148578063
7643840.0	212.21151439299123
7674233.0	212.71307189542483
7704626.0	211.91445212959593
7735019.0	212.17394247038916
7765412.0	211.54591049382717
7795805.0	212.24307480062444
7826198.0	212.32688588007736
7856591.0	213.02207428170988
7886984.0	211.91379310344828
7917377.0	213.89184177997527
7947770.0	212.95932859909618
7978163.0	212.69691056910568
8008556.0	209.8058690744921
8038949.0	211.96842936069456
8069342.0	211.17839292579777
8099735.0	212.49197860962568
8130128.0	211.87332738626228
8160521.0	211.10802872062663
8190914.0	213.21848739495798
8221307.0	211.097285757853
8251700.0	211.1998811998812
8282093.0	211.03125
8312486.0	212.75012285012286
8342879.0	211.33584905660376
8373272.0	211.7416630576007
8398726.5	211.87189113092444
8413923.0	211.19468641114983
8434058.0	212.21595547309832
8464451.0	211.448136506511
8494844.0	211.51446280991735
8525237.0	211.48755980861245
8555630.0	211.51165226499083
8586023.0	211.88874276696475
8616416.0	212.23852214072264
8646809.0	211.72060723514213
8677202.0	212.8309375
8707595.0	212.7405710257314
8737988.0	212.0282801709964
8768381.0	212.320581257414
8798774.0	212.36874424316855
8829167.0	211.50358355337607
8859560.0	210.740581270183
8889953.0	212.85749734136832
8920346.0	212.80147329650092
8950739.0	212.84676308539946
8981132.0	212.7474856321839
9011525.0	215.18184578020643
9041918.0	211.70745044429256
9072311.0	210.8609933373713
9102704.0	210.98231884057972
9133097.0	210.76445264452644
9163490.0	211.9982440737489
9193883.0	213.07575757575756
9224276.0	212.11322484528995
9254669.0	212.9793361178281
9285062.0	210.96197858988558
9315455.0	212.76545223853543
9332033.5	217.33429811866858
9347230.0	212.21333333333334
9376241.0	212.37591676616066
9406634.0	213.3461761858664
9437027.0	212.02083742873992
9467420.0	212.01243902439023
9497813.0	210.5653846153846
9528206.0	212.23902867173786
9558599.0	212.10280373831776
9588992.0	211.3412491867274
9619385.0	211.64776119402984
9649778.0	212.14794706481166
9680171.0	212.59264169705006
9710564.0	212.46893549663633
9740957.0	212.23366834170855
9771350.0	211.3883883883884
9801743.0	211.8536231884058
9832136.0	212.66790289952797
9862529.0	212.47137567644546
9892922.0	214.22222222222223
9923315.0	211.27353361945637
9953708.0	212.3234375
9984101.0	213.10374149659864
1.0014494E7	212.78517270429654
1.0044887E7	212.9736890524379
1.007528E7	211.69299758537426
1.01041125E7	213.52976
1.0119309E7	216.2977272727273
1.0136066E7	212.33975535168196
1.0166459E7	212.62907313540913
1.0196852E7	213.1106923229518
1.0227245E7	212.15828851999063
1.0257638E7	213.40335163247616
1.0288031E7	211.3694933920705
1.0318424E7	211.41507720254313
1.0348817E7	212.894873458793
1.037921E7	211.89576988155667
1.0409603E7	212.87253086419753
1.0439996E7	211.12994722955145
1.0470389E7	213.13014827018122
1.0500782E7	213.72907949790795
1.0531175E7	211.43502432244614
1.0561568E7	211.22971065631617
1.0591961E7	212.3405315614618
1.0622354E7	213.0030800821355
1.0652747E7	212.76681930257132
1.068314E7	211.88845014807504
1.0713533E7	213.70411044869783
1.0743926E7	211.63783962889332
1.0774319E7	212.77163553183377
1.0804712E7	211.69046728971963
1.0835105E7	213.45393258426967
1.0865498E7	212.27523949889462
1.0895891E7	210.53407899335897
1.0926284E7	210.64104323953327
1.0956677E7	210.83070348454964
1.098707E7	212.8520424573818
1.1017463E7	212.48518762343647
1.1047856E7	212.40490301724137
1.1078249E7	211.32715195128702
1.1108642E7	212.68841719077568
1.1139035E7	211.49755998373323
1.1169428E7	212.247789275635
1.1196832E7	212.2665791201576
1.12120285E7	209.73152173913044
1.1230214E7	212.66524483876472
1.1260607E7	215.48187311178248
1.1291E7	211.13671047053836
1.1321393E7	211.80289156626506
1.1351786E7	211.5333507716453
1.1382179E7	212.53811925244736
1.1412572E7	212.63686824423021
1.1442965E7	213.08646052236566
1.1473358E7	211.89791873141723
1.1503751E7	212.92007992007993
1.1534144E7	211.43811972089608
1.1564537E7	212.47481021394066
1.159493E7	210.61121357432683
1.1625323E7	211.8288186606471
1.1655716E7	212.96276211135213
1.1686109E7	212.0347761746208
1.1716502E7	211.94413183279744
1.1746895E7	211.78049759229535
1.1777288E7	213.3913043478261
1.1807681E7	213.07020408163265
1.1838074E7	211.41432019308127
1.1868467E7	212.70609191307446
1.189886E7	212.36388415672914
1.1929253E7	211.90489554100407
1.1959646E7	210.78531598513013
1.1990039E7	212.41993315101791
1.2020432E7	213.12254641909814
1.2050825E7	212.41175136116152
1.2081218E7	212.32904365379764
1.2111611E7	212.49408783783784
1.21419565E7	213.2007639419404
