# Position (bp)	A	C	G	T	N
0.0	25.132824425171286	24.050713817824796	36.3259296575157	14.490456459154977	7.564033324105213E-5
1.0	22.20044318870132	20.011775726953623	13.49404253558113	44.292083175006866	0.0016553737570588524
2.0	30.166946517482646	21.81005564883916	14.717836398241534	33.304825166098375	3.362693382891961E-4
3.0	19.100699268435882	25.85004982017855	11.302818132907884	43.74643277847768	0.0
4.0	39.36612564785087	10.875442095663198	10.800480466230193	38.95787764423255	7.414602317804685E-5
5.0	43.16602444980549	11.547859626048758	25.338835586326137	19.947280337819613	0.0
6.0	34.04380739180701	15.061561572618354	22.218978048439237	28.675652987135397	0.0
7.0	40.39671019027881	15.801698477652074	20.37666809527444	23.424923236794672	0.0
8.0	17.540562115647692	34.100517327187966	23.49598648154981	24.862934075614536	0.0
9.0	29.011837483067055	20.961321267344314	13.698840815172211	36.328000434416424	0.0
10.0	26.11791327214415	15.957881890593162	30.42227073125552	27.50193410600717	0.0
11.0	26.464000162167956	19.684040356653664	19.224648949817706	34.62731053136068	0.0
12.0	23.688767356539117	21.86478403757562	24.656909607108197	29.78953899877706	0.0
13.0	22.36593820875638	28.35798414003417	19.266094622717375	30.009983028492076	0.0
14.0	31.6879198790075	21.811821127691935	21.279577357322633	25.220681635977932	0.0
15.0	31.619523328001918	20.322361993879998	20.17466242009571	27.883452258022373	0.0
16.0	30.58050217415812	19.791080243807286	19.41670611221693	30.211711469817665	0.0
17.0	30.607606938693653	19.642116869892053	19.629042510447086	30.12095022601989	2.8345494731635485E-4
18.0	30.124917622283476	19.768710551795685	20.175666178489347	29.930493856837327	2.117905941679224E-4
19.0	29.880708294501396	20.333221966273367	20.142573282456173	29.643426119678562	7.033709050625122E-5
20.0	29.61049262298758	20.32889647517826	20.345398055966633	29.715212845867526	0.0
21.0	29.380871394622982	20.613561937814566	20.442932234285855	29.56211092222057	5.235110560299923E-4
22.0	29.569713026124568	20.586220803693735	20.168450257629804	29.67499009116132	6.258213905751298E-4
23.0	29.733441987865373	20.551499096604292	20.329087471631436	29.3859714438989	0.0
24.0	29.328732715340898	20.689913310640723	20.17869136980503	29.802145138182407	5.174660309423988E-4
25.0	29.505651348104898	20.69919627714695	20.069535495468752	29.72527329050843	3.435887709692227E-4
26.0	29.858210898499504	20.360527627779398	20.234434320100437	29.546519191675173	3.079619454845764E-4
27.0	29.603021315224886	20.599901315879148	20.2401949692907	29.556814247588097	6.8152017163404E-5
28.0	29.796317799339135	20.501404459115275	20.19217914098272	29.510030735904003	6.786465886811249E-5
29.0	29.493767796882747	20.024643656910563	20.040996179456098	28.84753908050171	1.59305328624888
30.0	29.54716780303056	20.55095179037101	20.32173660564816	29.579470133985623	6.736669646520207E-4
31.0	29.731242079623442	20.66406721013647	19.99375942342178	29.61052823558613	4.0305123217799816E-4
32.0	29.81661838719433	20.504055777108597	20.19706330857231	29.481090288809376	0.001172238315379666
33.0	29.511058029984376	20.49139674947122	20.285095080120996	29.711915766664358	5.343737590421885E-4
34.0	29.65627889378279	20.514685702257147	20.151972970740506	29.67676267063153	2.9976258803028E-4
35.0	29.735405626943272	20.28879284841982	20.35015326809052	29.625581777218464	6.647932792058645E-5
36.0	29.666448785244643	20.515296205807605	20.24516974158466	29.572919199206062	1.660681570287351E-4
37.0	29.680723904213853	20.6495284908718	20.141077338393593	29.528205169092814	4.65097427944781E-4
38.0	29.778814601075922	20.53728091686154	20.27613178754152	29.407307188051647	4.6550646937615814E-4
39.0	29.702073832429015	20.597982756898904	20.10189407809327	29.59758330281948	4.6602975932891715E-4
40.0	29.678142440366567	20.380746135249762	20.13436060071013	29.80608428631512	6.665373584191334E-4
41.0	29.789523865760454	20.366220667167745	20.19561393237181	29.648641534699987	0.0
42.0	29.53693837076387	20.48404962450356	20.249324694137954	29.72911961621188	5.676943827308704E-4
43.0	29.644102677938633	20.66560000213957	20.084339153853765	29.60545670447464	5.014615933908699E-4
44.0	29.830024070913293	20.38710286424119	20.247484202940125	29.5352214935749	1.673683304975559E-4
45.0	29.53914430521314	20.55868041889633	20.21974691624152	29.68242835964901	0.0
46.0	29.700451066018687	20.51309515095636	20.098896073502875	29.68755770952208	0.0
47.0	29.830059503389528	20.450977305840425	20.197250440255125	29.52161185170835	1.0089880656891589E-4
48.0	29.5605206911413	20.50800105537305	20.200285004638317	29.731193248847326	0.0
49.0	29.67181860774722	20.603117358670424	20.066983785360243	29.65757392047549	5.063277466254944E-4
50.0	29.903568506258583	20.377239192031215	20.204730958837413	29.51442753098859	3.381188420105899E-5
51.0	29.491740417773947	20.614992130506277	20.254566608966076	29.6387008427537	0.0
52.0	29.728126916828828	20.552677380733194	20.156943883559208	29.56225181887877	0.0
53.0	29.726013071185264	20.43798792843988	20.294767179698916	29.54123182067594	0.0
54.0	29.62846488907867	20.393531708418273	20.23666571019432	29.74133769230874	0.0
55.0	29.62733957617542	20.629604799699834	20.1479255993411	29.59513002478365	0.0
56.0	29.88254036886266	20.34551804519021	20.17433783607756	29.597228653793824	3.7509607574485554E-4
57.0	29.55569866976631	20.643720283502727	20.2262039236362	29.574377123094763	0.0
58.0	29.56534079736821	20.616261633344678	20.143455832189165	29.674941737097953	0.0
59.0	29.77797214651811	20.36935692333614	20.271685489764703	29.580642973923922	3.424664571228571E-4
60.0	29.517677125299567	20.57907274431185	20.28681715731978	29.6162615219442	1.714511245993616E-4
61.0	29.63579330902908	20.43404307332271	20.254027265716793	29.67613635193142	0.0
62.0	29.871026638134236	20.34657552420777	20.15107385000127	29.631014649564623	3.0933809209888644E-4
63.0	29.50001100827547	20.54656775731156	20.150235439491638	29.80263538114778	5.504137735542695E-4
64.0	29.684675720657104	20.435551430159112	20.09859177235891	29.780974500964362	2.065758605089616E-4
65.0	29.80388927498261	20.400311616107146	20.259491732215505	29.535790543257406	5.168334373317061E-4
66.0	29.603615862538184	20.441058261195515	20.25160273375981	29.70372314250649	0.0
67.0	29.697540582137822	20.600700895949778	20.045637970294244	29.656051518233962	6.903338419943191E-5
68.0	29.755019184037558	20.418753027194832	20.37867832241758	29.447549466350033	0.0
69.0	29.51394278519679	20.532364346378035	20.3373178093529	29.616202206770765	1.7285230151110938E-4
70.0	29.683101905028135	20.544336256978138	20.199684755623334	29.572496519580298	3.805627900926359E-4
71.0	29.886544951111883	20.380652418447696	20.348879466989704	29.38392316345072	0.0
72.0	29.50275083802829	20.588989930502773	20.305474771894605	29.602784459574334	0.0
73.0	29.522160899830112	20.524379171378964	20.067635466581528	29.885824462209392	0.0
74.0	29.881186425006224	20.286130543597473	20.19723420531626	29.635448826080047	0.0
75.0	29.678168587001437	20.44341740274593	20.123529010406763	29.754192300858566	6.926989873087155E-4
76.0	29.331923144720605	20.825632186654673	19.897685136605094	29.944066904999623	6.926270200034146E-4
77.0	28.983877703526765	20.602312762440082	20.346547304835997	30.067262229197155	0.0
78.0	28.44599891413344	21.071524534490113	19.94507648157074	30.53705381133622	3.4625846948216354E-4
79.0	27.96958271235928	21.59902923844642	19.6860945883366	30.74522423941206	6.922144563451492E-5
80.0	28.519951396452438	21.003527632196253	19.50106631644065	30.97545465491066	0.0
81.0	28.591220010068096	20.92411447759295	19.166864893870077	31.317800618468876	0.0
82.0	28.933127147623853	21.468741514013924	18.766008931489548	30.832122406872674	0.0
83.0	29.465976047424608	21.659605816777848	18.428645601030684	30.44573801301056	3.452175630125618E-5
84.0	28.68219807931201	22.18971949788694	18.316442416262184	30.811191666672418	4.4833986644990013E-4
85.0	28.547207419313043	22.139979157993984	18.28196808085375	31.0305007319514	3.4460988782258927E-4
86.0	28.602447173932806	22.40903669383606	18.458547617145644	30.529486462588594	4.820524968942046E-4
87.0	28.162914474236565	22.710352857947047	18.859119706339385	30.26744091621671	1.720452602907152E-4
88.0	27.892026164641432	23.227857065264473	18.795041808698905	30.08490307889682	1.7188249837399156E-4
89.0	27.914684212424085	23.871593627071384	18.731149156680708	29.481920532416666	6.524714071576113E-4
90.0	27.789664461665847	23.858289538582483	19.272651564366107	29.07884564331122	5.487920743448623E-4
91.0	27.790379042699676	23.967548793269987	19.620614771224815	28.62145739280552	0.0
92.0	28.56074197338514	24.015419583349722	19.406065560593184	28.014660233859118	0.0031126488128323223
93.0	27.9374090545775	24.105404463755047	19.00754206546021	28.94913204762978	5.123685774598815E-4
94.0	27.887954983350348	24.310471084722394	18.982479919969794	28.818991688987282	1.0232297017660603E-4
95.0	27.94634477253502	24.437824967000992	18.869302137409363	28.746153521324374	3.7460173025133733E-4
96.0	27.730844960739436	24.598195612474964	19.24661889879991	28.42434052798569	0.0
97.0	27.758460006439506	24.281464947471814	19.330786965021513	28.629186190106797	1.0189096036985061E-4
98.0	27.901959314553643	24.083760044255605	19.269402613753496	28.74362307844415	0.0012549489931069381
99.0	27.609960409138314	23.88132699328591	20.032623764203887	28.475919482436446	1.693509354437621E-4
100.0	27.347559552677662	23.93940869739319	20.415997867961043	28.297000061553156	3.38204149494351E-5
101.0	26.93034781020333	23.836814541628808	20.914226984707398	28.31850937230207	1.0129115839607476E-4
102.0	26.53588753461969	23.54661331970901	22.013843158057213	27.90355488362594	1.0110398814791649E-4
103.0	26.082071414274445	23.281241852821804	22.68238325671832	27.953159717491605	0.0011437586938275717
104.0	25.81713481297207	23.02776774068756	23.211793498920695	27.94330394741968	0.0
105.0	25.222605552817477	23.089957520711586	23.587773206867766	28.099496082316612	1.676372865558249E-4
106.0	24.91616217785168	23.400536387975027	23.798257592775666	27.8842738424321	7.699989655231288E-4
107.0	24.724286709723323	23.04081733643441	24.381634539124803	27.852057718567814	0.0012036961496435052
108.0	24.468156167838746	22.844436013081676	24.607529711647395	28.078408556526945	0.0014695509052433577
109.0	24.540717840572192	22.735955927865582	24.854207924508785	27.86831748086776	8.008261856815614E-4
110.0	24.562018079898994	22.417754858114588	25.139072300264182	27.881154761722236	0.0
111.0	24.81848270517197	22.180564516290115	25.394577484997566	27.605942515029064	4.3277851128186996E-4
112.0	25.127906044959218	21.82301401072858	25.750952375093974	27.297828315457355	2.9925376087163976E-4
113.0	25.205800344268383	21.41977822525729	26.469236078954516	26.905019262952084	1.660885677252709E-4
114.0	24.819505734636568	21.223003902794126	27.331547541558514	26.625942821010796	0.0
115.0	24.39785874311664	21.14363218027131	28.021823351957053	26.436685724654996	0.0
116.0	24.398946082643	20.795419881900514	28.726973863861904	26.078227255592275	4.3291600230710924E-4
117.0	24.02450250571043	20.639414429379503	29.431888717007475	25.904194347902592	0.0
118.0	23.86304965797571	20.44230453722088	30.037935733586014	25.656710071217393	0.0
119.0	23.707139983923405	20.145575812845294	30.798471044327492	25.34881315890381	0.0
120.0	23.434402206706316	19.949418422980777	31.531394114731487	25.084650568916473	1.3468666494267735E-4
121.0	23.160699075190504	19.834836630048507	32.23654480202484	24.767919492736148	0.0
122.0	23.107467957035205	19.474049311481192	32.864845428842315	24.550041638469537	0.003595664171750631
123.0	22.753767255587434	19.317400608974644	33.47180272982524	24.4543040771595	0.0027253284531785164
124.0	22.528395592170778	19.12232707877149	34.02558724817866	24.32365587241337	3.420846570584209E-5
125.0	22.392684188578215	18.926625478243487	34.61229043677911	24.067884640354716	5.152560444686577E-4
126.0	22.056970298108737	18.82777510686156	35.25310514128764	23.86132173795484	8.277157872301389E-4
127.0	21.9108991690704	18.63215672262172	35.83328918835916	23.62164675641773	0.0020081635309885603
128.0	21.745246521832527	18.3802893763039	36.419904996478905	23.453794405595378	7.64699789290449E-4
129.0	21.46724281954816	18.25300620466966	37.0610899310724	23.2157649273912	0.0028961173185722074
130.0	21.40114087485753	18.042158989731007	37.69076168773262	22.864747555343218	0.0011908923356270854
131.0	21.16597925711953	17.762695512670636	38.41651920556997	22.65420832816209	5.976964777746565E-4
132.0	20.87945709092231	17.555970471855346	39.10315971191744	22.460248199307568	0.0011645259973371172
133.0	20.59361828815289	17.396492796549683	39.69809019039297	22.310842350117476	9.563747869852268E-4
134.0	20.415498273319958	17.134681754362386	40.39464229653245	22.05457325777397	6.044180112300866E-4
135.0	20.082360183062278	16.971764516963592	41.02714710106786	21.918728198906265	0.0
136.0	19.89626973593263	16.775014486566707	41.6176678095953	21.710618205728586	4.2976217677407615E-4
137.0	19.678448548209534	16.54214841339413	42.256129141009154	21.522375367633447	8.985297537345593E-4
138.0	19.342800078188283	16.379074680628996	42.88717445291644	21.390554076501896	3.9671176437917855E-4
139.0	19.154404301076823	16.27208646157398	43.491986866907844	21.08025581520742	0.0012665552339309423
140.0	19.084664918412802	15.96351615440311	44.181706079842094	20.769894981310728	2.1786603127249015E-4
141.0	18.771233819487986	15.74653600691068	44.718200687351825	20.76268145181123	0.0013480344382722279
142.0	18.50339887368327	15.567005975218107	45.47146463215578	20.45750905239146	6.214665513907142E-4
143.0	18.354165260591053	15.350237541191902	46.07697567073475	20.217851242579588	7.702849027093488E-4
144.0	18.042466675573547	15.11519502569193	46.6964126991488	20.14474783042038	0.0011777691653407562
145.0	17.726404886497505	14.987573258686718	47.29676830867065	19.987628652778753	0.001624893366372832
146.0	17.38552379752511	14.715576545046606	48.10759234521743	19.789491626539395	0.0018156856714609414
147.0	17.194071097156396	14.692113363382905	48.513386585675114	19.597974814582347	0.002454139203237679
148.0	16.97957779020298	14.368144726931234	49.14047109111797	19.509305591118352	0.002500800629455251
149.0	16.85061824043281	14.190190176643883	49.72263478348146	19.235955343391932	6.014560499148376E-4
150.0	16.471391689944586	14.042715464183253	49.85477679467347	19.630208996695675	9.070545030153893E-4
