#Position (bp)	mapping quality
15197.0	19.19105954695401
45590.0	36.33103815385379
75983.0	36.68090016150723
106376.0	36.45937225214391
136769.0	34.82072513020129
167162.0	29.43272891308844
197555.0	24.437934967431776
221485.0	6.244416600880211
236681.5	13.188517410654896
258341.0	31.605488881830453
288734.0	35.90542450083179
319127.0	35.83157699449758
349520.0	36.66674443618418
379913.0	36.41720813096278
410306.0	35.79093055488956
440699.0	28.565206836696113
471092.0	34.0250320192585
501485.0	27.48702761381369
531878.0	35.279826386268994
562271.0	35.55313691175413
592664.0	36.04370659636186
623057.0	36.194051192722185
653450.0	34.366360034262954
683843.0	36.12762037193691
714236.0	34.009474636866486
744629.0	36.3780515657676
775022.0	36.381201479962186
805415.0	36.29580454407547
835808.0	34.93571703429837
866201.0	35.90743486570667
896594.0	35.13275303687872
926987.0	36.34104401872849
957380.0	36.17628970736825
987773.0	36.379796645320134
1018166.0	35.830243082703845
1038382.5	11.382744452985435
1053579.0	18.870931388161306
1078952.0	36.39971685274307
1109345.0	36.29424823895069
1139738.0	30.80245183598348
1170131.0	35.68473253170754
1200524.0	34.539091003665604
1230917.0	32.79815426421405
1261310.0	36.27282403363094
1291703.0	36.43381591286814
1322096.0	35.23951801197202
1348657.5	26.36127585907927
1363854.0	4.652348785506682
1382882.0	24.24123113343047
1413275.0	34.686402801425125
1443668.0	36.34316787795239
1474061.0	35.15562911478146
1504454.0	35.08988419013161
1534847.0	36.25871322975935
1565240.0	34.977274125856916
1595633.0	34.85797175418214
1626026.0	36.331774345457866
1656419.0	35.572691068398285
1686812.0	36.20374157794473
1717205.0	36.17384620444598
1747598.0	34.96819990961707
1777991.0	36.17721155214506
1808384.0	35.19087611075757
1838777.0	34.503681359106416
1869170.0	25.396135859584334
1899563.0	18.261353292395096
1929956.0	36.31280378712484
1960349.0	35.83199375124218
1990742.0	35.86077014394022
2021135.0	25.135171052726697
2051528.0	36.350461308246736
2081921.0	36.3294562512624
2112314.0	32.85191266360686
2142707.0	36.479572163264685
2173100.0	32.12481642054916
2203493.0	36.386618400356056
2233886.0	20.58828262141603
2264279.0	35.75780825184138
2294672.0	35.70887968821556
2325065.0	35.96496345638167
2355458.0	19.790255036221097
2385851.0	35.67848408664808
2416244.0	36.5037986646458
2446637.0	24.39594317567113
2477030.0	36.184972907116475
2507423.0	30.93646763590883
2537816.0	35.303178824637385
2568209.0	26.238867189678917
2598602.0	32.46643205528867
2628995.0	36.0922370687693
2659388.0	34.34164382013964
2689781.0	36.128222340756224
2720174.0	35.10487654127242
2750567.0	36.350184533426855
2780960.0	36.40436563095574
2811353.0	35.763220627497034
2841746.0	36.23532107360848
2872139.0	28.54056599717822
2889645.5	0.7437076152243413
2904842.0	4.922035111393062
2932925.0	36.41562600320491
2963318.0	36.28385414654541
2993711.0	36.02047946678134
3024104.0	36.24002988838956
3054497.0	36.16553589415049
3084890.0	31.94868051375719
3115283.0	32.31818181818182
3145676.0	35.527284717963234
3176069.0	36.26076828471426
3206462.0	34.484260805919206
3236855.0	35.96395879481279
3267248.0	35.93324480122037
3297641.0	33.68518400596215
3322340.5	29.162340504428492
3337537.0	24.9575923348609
3358427.0	29.939076776266
3388820.0	27.393916789202752
3410819.5	28.281695722191152
3426016.0	20.076910349989788
3449606.0	31.947334109607443
3479999.0	35.31161708380579
3510392.0	35.69614520249166
3540785.0	35.659942679983104
3571178.0	36.17733848099117
3601571.0	35.82388074965609
3631964.0	36.47405578714009
3662357.0	36.05915749012469
3692750.0	34.271055732744806
3723143.0	35.48648982805891
3753536.0	35.91624611576429
3783929.0	35.01703189176268
3814322.0	35.948558271030834
3844715.0	34.573012338604016
3875108.0	26.74872955832206
3905501.0	28.74299999919329
3935894.0	36.49048318410363
3966287.0	36.248138332997115
3987990.0	14.345977058157526
4003186.5	10.188578238015317
4027073.0	35.924874198159586
4057466.0	36.65757033949748
4087859.0	35.76587260676242
4118252.0	34.414863359122315
4148645.0	31.288137769294636
4179038.0	35.93980299533915
4209431.0	35.35211183220731
4239824.0	36.562186381273314
4259839.0	35.71257730235668
4275035.5	29.329578335369508
4300610.0	36.42828040044335
4331003.0	36.24926470840113
4361396.0	35.85782837381324
4391789.0	36.27998962118152
4422182.0	36.02474715468738
4452575.0	36.261653008836184
4482968.0	35.82659489107915
4513361.0	35.603965117388036
4543754.0	35.73502589649219
4574147.0	36.11076732524151
4604540.0	35.960802019442156
4634933.0	35.58116498263753
4665326.0	32.11646392659712
4695719.0	35.982898031798136
4726112.0	36.32113875869011
4756505.0	35.78218842279374
4786898.0	31.957769851299798
4817291.0	19.10691791293375
4847684.0	26.147502065682538
4878077.0	36.40133165099844
4908470.0	35.869114744595116
4938863.0	36.07651917046134
4969256.0	29.599548695837576
4999649.0	35.13919552359071
5030042.0	33.838683658654624
5060435.0	36.35295759902286
5090828.0	20.778017912479584
5121221.0	36.020357478752224
5151614.0	35.091901457733364
5182007.0	35.436442829817835
5212400.0	36.197761904223
5242793.0	36.39022102214577
5273186.0	35.43369057879531
5303579.0	36.26662843046655
5333972.0	28.001593690764654
5352383.0	0.7093181818181818
5367579.5	25.34293982926653
5394758.0	35.7742922596524
5425151.0	36.209354537665995
5455544.0	30.707423931609885
5485937.0	35.73460183845558
5516330.0	35.837974655219234
5546723.0	35.540276878359144
5577116.0	22.78320610026624
5607509.0	35.92975030749732
5637902.0	34.78093239718877
5668295.0	36.149641054148056
5698688.0	36.29301444018991
5729081.0	35.57868492260153
5759474.0	35.77220963940763
5789867.0	36.58974368299979
5820260.0	34.85235729366169
5850653.0	35.574411128081195
5881046.0	20.987065347629095
5907241.5	4.1927860970175415
5922438.0	1.1698528424925199
5941832.0	21.90745968418726
5972225.0	35.84707324139229
6002618.0	35.571234041278274
6033011.0	35.740517563316466
6063404.0	34.64049548915363
6093797.0	36.46670588127166
6124190.0	30.677541659658743
6154583.0	36.144703873243515
6184976.0	36.46629459732154
6215369.0	36.515774398112214
6245762.0	35.85396198927527
6276155.0	35.13282674404546
6306548.0	35.72510818767518
6336941.0	35.95579291460805
6367334.0	35.3242243254697
6397727.0	19.80124145748635
6428120.0	36.145261527330746
6458513.0	35.638520547229355
6488906.0	36.67355251585335
6519299.0	36.255440455844294
6549692.0	36.06543242762439
6580085.0	36.24180598893126
6610478.0	35.23595131715518
6640871.0	23.986851018631796
6660029.5	4.8160195609923955
6675226.0	31.596690294805
6701657.0	36.3101207686242
6732050.0	36.26359314084975
6762443.0	36.083109217992174
6792836.0	35.62398795208673
6823229.0	35.69145479856501
6853622.0	35.3902936368957
6884015.0	36.310666217187304
6914408.0	36.23928707493974
6944801.0	36.26194569960167
6975194.0	35.60433110598834
7005587.0	36.12619356987764
7035980.0	36.112326056863424
7066373.0	36.11098223687841
7096766.0	35.990558306773714
7127159.0	36.18072358469176
7157552.0	36.437237138863956
7187945.0	36.127576983722214
7218338.0	35.097165318856135
7248731.0	36.190054236193646
7279124.0	35.99306491758994
7309517.0	32.129870754638084
7327760.5	9.618295401778376
7342957.0	14.015081035006446
7370303.0	35.78457468566191
7400696.0	35.362505480104055
7431089.0	33.63246222713651
7461482.0	36.24716127410929
7491875.0	35.82404463092931
7522268.0	35.975272957788754
7552661.0	26.267727767195677
7583054.0	35.91919479881849
7613447.0	36.30891107099129
7643840.0	36.435143210441154
7674233.0	36.27588242997107
7704626.0	35.6533639983989
7735019.0	35.64578938726808
7765412.0	36.19378247701735
7795805.0	2.8822239451124396
7826198.0	13.55727329117767
7856591.0	35.776900068241105
7886984.0	36.350958731372245
7917377.0	25.854817583282227
7947770.0	35.27295853937972
7978163.0	26.716841628663584
8008556.0	36.03777538561359
8038949.0	36.19818483075972
8069342.0	35.83086202810178
8099735.0	36.15585290193322
8130128.0	35.21704667350601
8160521.0	35.95969437051351
8190914.0	35.96710491017936
8221307.0	36.34357353547077
8251700.0	36.367484797801026
8282093.0	31.753036963005826
8312486.0	28.946362148064953
8342879.0	35.09704985473638
8373272.0	35.67487237449065
8398726.5	5.200527043164747
8413923.0	3.5476617379771085
8434058.0	36.564919392853774
8464451.0	36.185875036407715
8494844.0	36.47379668368404
8525237.0	36.05506294006959
8555630.0	35.93472422972283
8586023.0	25.350770992761696
8616416.0	27.96932279482507
8646809.0	35.702147760033746
8677202.0	35.87184065773646
8707595.0	36.17499768105785
8737988.0	36.29033865201072
8768381.0	25.196790660892816
8798774.0	27.785368377832647
8829167.0	36.379771862509564
8859560.0	36.15117380538152
8889953.0	35.892249949762565
8920346.0	34.883029629802536
8950739.0	35.61055399580845
8981132.0	35.85177033847
9011525.0	33.2819248090346
9041918.0	35.14702130033423
9072311.0	36.460798205219035
9102704.0	36.55170115182044
9133097.0	36.19886573382569
9163490.0	35.505774634888404
9193883.0	36.17486071422022
9224276.0	35.85655313985572
9254669.0	36.061860311112056
9285062.0	35.94092953743892
9315455.0	31.42875859744304
9332033.5	12.733300085494443
9347230.0	15.572791529884956
9376241.0	36.21700232169224
9406634.0	35.554920428575585
9437027.0	29.466835941586798
9467420.0	35.93753703586675
9497813.0	36.377939142842976
9528206.0	36.44477153595506
9558599.0	36.20947161987223
9588992.0	34.127646167553685
9619385.0	35.63535600225437
9649778.0	36.76993177761999
9680171.0	35.6939590686245
9710564.0	36.291024009826074
9740957.0	36.0836082921006
9771350.0	35.68128152278189
9801743.0	36.47683152276869
9832136.0	35.80918777954994
9862529.0	27.919524996592862
9892922.0	22.94175111320046
9923315.0	31.639376644135773
9953708.0	35.70743639921722
9984101.0	36.11188546282485
1.0014494E7	36.04964166599796
1.0044887E7	35.826293768571865
1.007528E7	34.14070382683005
1.01041125E7	26.724853489713272
1.0119309E7	14.620744537361748
1.0136066E7	27.722029294417297
1.0166459E7	36.24949344978756
1.0196852E7	35.21322532583455
1.0227245E7	27.976489239372572
1.0257638E7	36.185619208114936
1.0288031E7	35.90809817136119
1.0318424E7	36.37875514225464
1.0348817E7	35.69763099839502
1.037921E7	36.23611102740246
1.0409603E7	35.881937553499085
1.0439996E7	36.27580887293765
1.0470389E7	35.24607306011129
1.0500782E7	36.090341920838064
1.0531175E7	36.20199055284417
1.0561568E7	36.17914337791779
1.0591961E7	35.728473584122526
1.0622354E7	35.92610370263178
1.0652747E7	35.822474654113925
1.068314E7	32.832895862743754
1.0713533E7	26.436382698772103
1.0743926E7	36.031481066547165
1.0774319E7	35.707311879176764
1.0804712E7	35.62864781189974
1.0835105E7	25.708576476995788
1.0865498E7	36.1206291908625
1.0895891E7	35.98747971579485
1.0926284E7	36.239704955888016
1.0956677E7	36.42590518134777
1.098707E7	35.971842705328605
1.1017463E7	35.85082833738146
1.1047856E7	36.33784795109926
1.1078249E7	30.35576307686115
1.1108642E7	35.5907694849036
1.1139035E7	36.57557094969373
1.1169428E7	35.83912717894097
1.1196832E7	7.414783475167928
1.12120285E7	0.6920247427537298
1.1230214E7	21.649396036518176
1.1260607E7	29.76106605115159
1.1291E7	36.029156284834414
1.1321393E7	35.64806636923649
1.1351786E7	35.912102030788624
1.1382179E7	35.297870807127886
1.1412572E7	35.30766428133121
1.1442965E7	36.16173458200455
1.1473358E7	36.38449353381598
1.1503751E7	36.078789386842026
1.1534144E7	36.376305924073954
1.1564537E7	36.225633109664905
1.159493E7	35.74784457119549
1.1625323E7	35.469532999664835
1.1655716E7	28.403793256276952
1.1686109E7	35.56492079384797
1.1716502E7	36.11309793746376
1.1746895E7	36.31502591139068
1.1777288E7	35.09334724074288
1.1807681E7	36.38471293377358
1.1838074E7	36.1040652109149
1.1868467E7	36.10797986151502
1.189886E7	34.02702722802651
1.1929253E7	35.70077766284583
1.1959646E7	36.4461974152048
1.1990039E7	34.717757054298545
1.2020432E7	26.516598614585533
1.2050825E7	17.781768634720194
1.2081218E7	35.4883983746601
1.2111611E7	36.38645890223661
1.21419565E7	23.365099681013337
