#Position (bp)	Coverage	Std
15197.0	130.95854308557892	181.59160164621636
45590.0	127.05073536669627	85.9242530633912
75983.0	102.07162833547198	70.61073333537225
106376.0	95.80811371039384	66.50436194912425
136769.0	82.46382390682065	62.355557171356935
167162.0	123.25818445036685	85.99372748089232
197555.0	123.6379429473892	127.22956478648959
221485.0	126.16774489036469	104.13566778309722
236681.5	169.57063283304967	146.06881976763157
258341.0	111.5306814069029	85.63416306506903
288734.0	119.37910045076168	91.05949161795417
319127.0	98.25752640410622	73.93641786528639
349520.0	86.78860263876551	63.097301866609556
379913.0	71.42983581745797	55.07189332149759
410306.0	75.73286612048827	54.71531897338226
440699.0	81.63123087553055	66.71292887009199
471092.0	55.649360050011516	45.8933099740234
501485.0	77.58796433389267	63.01032499649758
531878.0	68.23232323232324	50.61833890993708
562271.0	55.8734577040766	45.706792141787936
592664.0	61.859309709472576	52.24935027367003
623057.0	59.708419701905044	48.10567797136417
653450.0	74.6684104892574	57.40195556782506
683843.0	68.31234165761853	50.248280026704286
714236.0	64.24321389793703	60.99530557624377
744629.0	63.31049912808871	50.619921654085154
775022.0	59.58431217714605	45.69212956057614
805415.0	81.16168196624223	68.90127942249924
835808.0	76.33728161089725	60.404787837629875
866201.0	88.81133813707103	66.66791159631217
896594.0	94.70832099496594	66.72269903694877
926987.0	102.87549764748462	73.88665899374475
957380.0	118.81831342743395	92.92553666631224
987773.0	118.48211759286679	90.50992718314595
1018166.0	147.08673049715395	104.28717289750689
1038382.5	147.19133466135457	117.80588902953808
1053579.0	138.6689431533435	148.78425977687533
1078952.0	109.18984634619814	79.74142996964909
1109345.0	131.769947027276	80.04689528852951
1139738.0	77.70381337808048	70.43767104273668
1170131.0	57.34563879840753	49.021191557618096
1200524.0	57.579705853321485	56.54188593366872
1230917.0	72.54486230381995	61.62577242784597
1261310.0	111.21004836640016	70.72010232388631
1291703.0	127.89092883229691	90.23631095021847
1322096.0	122.22363702168262	113.74237876451112
1348657.5	113.95054993400792	102.5079568338687
1363854.0	123.72556440036539	99.64431524289007
1382882.0	125.44158194321061	107.6093135078654
1413275.0	127.09048136083966	100.80997701516475
1443668.0	95.42819070180634	75.29898334880494
1474061.0	106.69841739874313	71.12849539093891
1504454.0	94.08840851511862	73.14059816313444
1534847.0	83.29000098706939	65.1088367972599
1565240.0	92.12904287171388	64.37894994125368
1595633.0	74.9181719474879	57.62227339271927
1626026.0	71.85506531109137	55.18233014377043
1656419.0	77.20280985753298	54.00185011411226
1686812.0	53.1266410028625	47.20160670692051
1717205.0	70.4446089560096	56.237614041200956
1747598.0	66.264370085217	57.245097183784715
1777991.0	60.30687987365512	48.08784351144017
1808384.0	47.975816799921034	44.20449424236159
1838777.0	61.121212121212125	49.66399952030886
1869170.0	58.84104892573948	57.7286732088972
1899563.0	102.22531503964728	84.17627074367401
1929956.0	54.23386964103577	45.533861867626975
1960349.0	55.64333892672655	53.41897366056662
1990742.0	56.85417694863949	48.993355968230134
2021135.0	68.0268482874346	63.184903396624826
2051528.0	70.09265291349982	51.80044992129728
2081921.0	56.6500509985852	44.470477109205866
2112314.0	68.19379462376205	60.93807986148955
2142707.0	54.03003981179877	42.02352248376936
2173100.0	59.4751752048169	50.130643326436996
2203493.0	55.357483631099264	42.86054888675082
2233886.0	68.14134833678807	57.85475069347459
2264279.0	51.6228078833942	40.76566088866058
2294672.0	58.14473727503044	43.06124497664427
2325065.0	53.6772941137762	46.072675298988955
2355458.0	74.60336261639193	70.5660303304214
2385851.0	48.04635935906294	40.60664334112936
2416244.0	60.383048728325605	49.04974922990265
2446637.0	72.16076070147732	64.03677756051039
2477030.0	62.19553844635278	51.14053697824189
2507423.0	61.27341822130096	46.005049870229826
2537816.0	67.51893528115026	53.854785976359345
2568209.0	64.73464284539203	64.6491651862073
2598602.0	71.02276840061856	52.80719934536654
2628995.0	69.51561214753397	53.56904807065977
2659388.0	76.88237423090844	61.7490639254294
2689781.0	69.24505642746685	52.079018141247424
2720174.0	58.01766854209851	45.65442572587199
2750567.0	82.01483894317771	62.63881593289166
2780960.0	94.18649031026881	63.79060076707586
2811353.0	91.15914848813871	77.73229959560665
2841746.0	96.48007764945876	81.29851934803085
2872139.0	128.02359095844437	123.77545386027624
2889645.5	302.3316017316017	169.06748633331287
2904842.0	172.46257711558607	130.07908765487534
2932925.0	127.08936268219657	86.90197890014792
2963318.0	93.52995755601619	73.18183105663519
2993711.0	82.93185930970947	67.89122843997305
3024104.0	78.51607277991643	57.680336528074335
3054497.0	82.95745730924884	59.75570172289298
3084890.0	80.83835093607081	62.19888778608039
3115283.0	77.35284440496167	63.19852424114568
3145676.0	83.58493732109368	57.774441798208606
3176069.0	80.12456815714145	62.885866860903135
3206462.0	90.11779028065673	72.88222288140211
3236855.0	89.79593985457177	68.46485173244275
3267248.0	130.79488698055474	88.44559663791405
3297641.0	159.81400322442667	106.46545588968677
3322340.5	126.13564137640745	108.87304677276734
3337537.0	41.4481426187758	131.84602591631403
3358427.0	84.48090020728458	301.4804845727584
3388820.0	87.43957490211562	403.96625523265715
3410819.5	96.56930765838601	355.4812373574523
3426016.0	121.39637814975875	108.87380926648481
3449606.0	138.54594808015003	108.26915876331068
3479999.0	107.22478860263877	81.64251534936913
3510392.0	110.57078932648965	80.12732337457035
3540785.0	72.52035008061067	64.09852750705252
3571178.0	67.67202974369098	58.126551725780985
3601571.0	77.03875892475241	51.563175777923824
3631964.0	76.57095383805482	54.142360096134716
3662357.0	71.48129503504096	56.38679573616999
3692750.0	70.86562695357483	53.69715998043839
3723143.0	67.39745994143388	53.339855612438924
3753536.0	83.01006810778797	58.03328447025966
3783929.0	67.50057579047807	54.27305232676603
3814322.0	69.59072812818741	60.33313019302
3844715.0	66.00115158095615	54.88220831373583
3875108.0	101.26285657881749	85.32454507140845
3905501.0	96.54051919849965	79.66016950273922
3935894.0	122.62981607607014	89.12105733141325
3966287.0	110.92458789852927	90.63736647483623
3987990.0	194.03619457465612	152.53717890243684
4003186.5	152.8926927502877	112.82216522753103
4027073.0	132.00664626723258	112.70564113555508
4057466.0	129.4472082387392	92.55534358620973
4087859.0	88.44240450103642	66.8838415546891
4118252.0	67.88760569868062	56.33475901729473
4148645.0	65.70180633698548	58.80569945637315
4179038.0	102.2097851478959	70.30604703295111
4209431.0	112.22617049978614	83.62153657560332
4239824.0	113.07955779291284	86.21729108024718
4259839.0	78.92134481685171	79.40788972191744
4275035.5	105.5041433802274	105.14867925231613
4300610.0	133.89741058796434	106.01371332469742
4331003.0	121.30628763202053	97.37847503626378
4361396.0	109.31135458822756	86.05820993368059
4391789.0	101.6561050241832	67.08775168747111
4422182.0	70.92534465172902	60.27042175909218
4452575.0	73.97163820616589	54.34559310815705
4482968.0	75.61734609943079	56.41832831227987
4513361.0	76.9880893626822	54.59450519390953
4543754.0	71.92695686506761	56.1323907679347
4574147.0	62.80028295989208	49.34769276970458
4604540.0	53.50537952818083	44.77301905850736
4634933.0	65.74339486065871	47.67403702027497
4665326.0	64.04586582436745	46.964556094653986
4695719.0	54.06531109136972	48.12247683386836
4726112.0	74.2970749843714	51.270044964004036
4756505.0	55.86118514131543	46.66502175704162
4786898.0	75.26107985391373	62.978493884306594
4817291.0	78.0311913927549	73.82385167792103
4847684.0	61.845786858816176	53.5127374444509
4878077.0	69.64840588293357	58.15471306039412
4908470.0	65.10341196986148	53.102687037894384
4938863.0	60.82992794393446	50.218423972427395
4969256.0	69.81420063830487	52.72300912422474
4999649.0	64.51732306781167	52.02041820392143
5030042.0	65.40700161221334	57.42481390592768
5060435.0	62.09577863323792	45.609549516957536
5090828.0	72.04695160069753	61.18779107786228
5121221.0	81.19402493995328	57.68940899657491
5151614.0	77.46184976803869	61.77901606995622
5182007.0	77.5219951962623	60.214318804770144
5212400.0	73.73510347777449	59.649878335092794
5242793.0	97.46826571908005	69.5803511229711
5273186.0	111.83377751455927	81.35252269214686
5303579.0	109.19715065969137	81.66593039015909
5333972.0	143.58701016681474	112.13186578863015
5352383.0	203.0371752994245	128.51443326821962
5367579.5	130.43869971624102	109.29926403539054
5394758.0	128.23841016023425	89.03390214919233
5425151.0	103.42773006942389	76.89490131378749
5455544.0	80.29947685322279	67.4024662419679
5485937.0	87.71595433158951	74.09302728328386
5516330.0	83.83861415457507	66.30495695509026
5546723.0	91.93718948442076	60.79761060655854
5577116.0	93.79705853321488	85.69878591332588
5607509.0	73.45250551113743	54.89745557640356
5637902.0	72.65406508077518	57.97808263475121
5668295.0	78.2168591451979	56.041358798327565
5698688.0	84.93182640739644	61.16232656760564
5729081.0	77.3177705392689	67.0785592881814
5759474.0	66.0528740170434	60.00322790426639
5789867.0	89.25880959431449	63.33644330482294
5820260.0	97.16651860625802	79.11132421337543
5850653.0	126.40144112131082	88.10513318455907
5881046.0	140.7872865462442	131.4956431549086
5907241.5	170.62901172833895	131.14915384628247
5922438.0	191.75020845741514	137.23369728763004
5941832.0	150.36890073372157	104.65195939967974
5972225.0	99.46415292995097	80.81707980524472
6002618.0	105.67884052248873	78.12948566400567
6033011.0	90.56177409271872	64.28311204655664
6063404.0	69.82232750962393	58.268838099809344
6093797.0	85.15503569900964	56.72620125649347
6124190.0	62.041193695916824	55.39166336387476
6154583.0	62.21399664396407	50.84832317002631
6184976.0	55.83775869443622	45.899072299515026
6215369.0	72.60227684006186	51.74760123465259
6245762.0	77.35573980850855	53.225773424177206
6276155.0	65.06797617872536	48.041532512149125
6306548.0	60.40861382555194	47.7633273451648
6336941.0	58.70081926759451	47.35527733333508
6367334.0	75.34675747705063	56.59816009135208
6397727.0	101.57128286118514	83.63999325494689
6428120.0	70.7492514723785	53.42121682811465
6458513.0	66.10064817556675	51.36698393387336
6488906.0	84.99160991017669	56.04486166692094
6519299.0	76.62471621755009	58.9739718751749
6549692.0	93.86638370677458	69.88394146654026
6580085.0	102.71240088178199	70.50535231477653
6610478.0	120.37400059224163	89.46578217603913
6640871.0	154.84377981772118	129.3972549568429
6660029.5	121.34136799596163	122.67115704731742
6675226.0	101.64711380123725	96.75725064582528
6701657.0	139.30299740071726	99.3255037095952
6732050.0	108.21067351034777	73.23758926014011
6762443.0	94.65663146119172	71.45387719121031
6792836.0	87.89507452373901	65.12534199606907
6823229.0	80.72352186358701	65.56757104833177
6853622.0	68.38834600072386	55.11662482514643
6884015.0	66.25857927812325	51.50000503117869
6914408.0	78.26759451189419	53.98984929168636
6944801.0	61.06642977001283	46.32881283208712
6975194.0	59.84200309281743	51.01544561964672
7005587.0	71.46579804560261	55.06825895626315
7035980.0	74.45313065508505	56.78439841887591
7066373.0	68.30237225676964	57.61026886761121
7096766.0	62.862994768532225	49.644354549175915
7127159.0	72.66446221169348	59.832395128894284
7157552.0	73.4494455960254	59.92952160908253
7187945.0	96.64880071068995	68.58755707768654
7218338.0	79.61310170104959	61.285676113321905
7248731.0	101.76158983976573	81.03440221767725
7279124.0	93.44595795084395	70.07073666475908
7309517.0	124.521699075445	120.94290835990303
7327760.5	139.34115523465704	127.27213336164114
7342957.0	165.46178855096917	122.56144294433128
7370303.0	103.40874543480406	77.61116866658544
7400696.0	82.64597111176916	64.3218777055505
7431089.0	86.63333662356463	60.87150221726656
7461482.0	61.598624683315236	53.43536872340016
7491875.0	70.0466225775672	57.11950839308937
7522268.0	81.45721054190109	59.61093270088812
7552661.0	75.98868160431678	72.80010889391997
7583054.0	82.19027407626756	60.293937766021486
7613447.0	77.94271707301023	61.52398719386054
7643840.0	83.19840094758662	51.58573395700342
7674233.0	78.10716283354719	50.569834842188044
7704626.0	61.65946106011253	52.63262144769804
7735019.0	76.31994209192906	54.48766287748109
7765412.0	60.03866021781331	46.57037953525373
7795805.0	2076.9246537031554	2294.127292333351
7826198.0	137.86151416444577	354.02424478199555
7856591.0	67.63504754384233	47.18593177425519
7886984.0	83.05050505050505	55.15589037998322
7917377.0	74.58269996380746	69.71281458684041
7947770.0	66.95627282597967	51.93495225395295
7978163.0	82.55687164807686	66.42138422947757
8008556.0	48.719639390649164	45.50833933939081
8038949.0	58.47422103773895	49.2591309441944
8069342.0	58.65018260783733	49.085918226554355
8099735.0	57.71671108478926	44.678981237925754
8130128.0	49.57858717467838	50.97762022651515
8160521.0	70.19744678050867	57.10794465579373
8190914.0	71.622610469516	56.97035683226409
8221307.0	83.92399565689468	55.31577825470117
8251700.0	79.51682953311618	61.065452623903
8282093.0	78.60217813312276	64.63288989636067
8312486.0	84.65067614253282	74.8994302628742
8342879.0	95.76412331786925	78.71183617275551
8373272.0	81.72983910768927	66.86969602521107
8398726.5	218.51476896081107	171.50976838987557
8413923.0	155.43130505214134	142.01410020587605
8434058.0	138.97966637054586	92.97531999047892
8464451.0	103.71325634192084	88.93971881410951
8494844.0	102.65126838416741	74.3250715903023
8525237.0	95.70789326489653	64.64440900064704
8555630.0	88.95864179251801	64.58168546364396
8586023.0	86.02145230809725	76.09435785914911
8616416.0	96.65715789820024	72.25707272609716
8646809.0	77.84081860954825	58.64427162039571
8677202.0	66.81660250715625	59.38061120269959
8707595.0	66.02882242621656	55.975880935783685
8737988.0	70.31480933109597	52.00630452355202
8768381.0	72.52215970782746	62.81583718702574
8798774.0	80.9362353173428	72.55581141719566
8829167.0	52.38245648669101	48.928347814128706
8859560.0	68.32392327180601	47.15625655722721
8889953.0	64.7964662915803	51.92255862563231
8920346.0	58.993781462836836	49.81804717669153
8950739.0	57.08268351265094	47.05908866324501
8981132.0	58.73740663968677	47.84105927879095
9011525.0	80.91294047971573	51.66214314355826
9041918.0	70.10870924225974	51.85997125240493
9072311.0	88.6368242687461	67.23582554437355
9102704.0	75.62981607607014	57.46096224465268
9133097.0	67.94502023492251	54.410894328646556
9163490.0	75.99269568650676	59.99305035482183
9193883.0	80.75754285526273	65.45897196835499
9224276.0	92.42569012601587	69.80408398147544
9254669.0	89.15589115914848	68.82636798746397
9285062.0	129.8481229230415	88.98296476827309
9315455.0	132.40996282038628	105.53738782847596
9332033.5	157.9692474674385	137.42608854168432
9347230.0	175.4370407904738	132.1467964623682
9376241.0	143.2618695094265	103.35131951560061
9406634.0	127.61451650050999	86.28707445256791
9437027.0	126.71667818247623	90.67220116275372
9467420.0	98.28513144474057	67.8493893180775
9497813.0	67.41762905932288	53.76396787595012
9528206.0	85.32481163425788	58.47571888914134
9558599.0	71.07761655644391	52.08707488288146
9588992.0	76.28983647550423	57.39684763109986
9619385.0	67.6683117823183	57.79398245710275
9649778.0	71.65373605764485	50.08249864916852
9680171.0	70.60227684006186	54.366681200368845
9710564.0	52.489323199420916	41.37338655615701
9740957.0	59.71424341131181	44.643588694411754
9771350.0	71.79139933537327	49.07598772633887
9801743.0	64.05780936399829	49.04405821270413
9832136.0	79.8956667653736	59.55047859205573
9862529.0	85.44865594051262	70.05471584357329
9892922.0	71.22508472345606	59.45083379175762
9923315.0	86.37979139933537	59.97549072231058
9953708.0	62.68519066890402	51.75959337361612
9984101.0	91.94298029151449	61.81122987013044
1.0014494E7	110.25785542723654	79.52944103235582
1.0044887E7	132.21860296778863	103.80790482521851
1.007528E7	127.67627414207219	95.12998793932833
1.01041125E7	162.4711425638017	138.81976112221466
1.0119309E7	165.94264658763217	149.49536710857387
1.0136066E7	152.72964169381106	138.11504493292637
1.0166459E7	124.16076070147732	96.0655896042109
1.0196852E7	105.21761589839765	77.32360157828322
1.0227245E7	96.8188727667555	89.29634279985754
1.0257638E7	72.35768104497747	58.7613858797006
1.0288031E7	77.89652222551246	58.28416529888627
1.0318424E7	82.94225644062777	61.49064399712149
1.0348817E7	72.98499654525713	53.516799605013276
1.037921E7	68.40381008784918	49.91448384021918
1.0409603E7	69.3232981278584	52.57711487821034
1.0439996E7	67.19080051327609	52.6020117315504
1.0470389E7	63.458888559865755	55.72065888936923
1.0500782E7	59.52735827328661	47.36708706536507
1.0531175E7	60.859540025663804	46.19502631264603
1.0561568E7	61.51498700358635	49.53573953219249
1.0591961E7	64.76520909419932	53.0340370669522
1.0622354E7	69.60921922811174	52.783124860095015
1.0652747E7	60.72760175040305	44.522467255098974
1.068314E7	72.11545421643142	50.01715002162087
1.0713533E7	69.15464087125325	64.51595813449907
1.0743926E7	68.68492745039977	55.3975753671798
1.0774319E7	59.90428717138815	48.587084708258345
1.0804712E7	61.76537360576449	48.67071787703712
1.0835105E7	76.14697463231666	71.82837302387226
1.0865498E7	61.371894844207546	44.377642851727835
1.0895891E7	67.46303425130786	52.730954679550166
1.0926284E7	68.34524397065114	55.91421319008556
1.0956677E7	71.33415589115914	52.97043430201212
1.098707E7	67.4812292304149	50.16892859503943
1.1017463E7	59.68186753528773	50.297358466882656
1.1047856E7	94.1217056559076	57.19380715033593
1.1078249E7	86.77103280360609	71.42163914355942
1.1108642E7	76.34471753364261	66.43638616282848
1.1139035E7	109.64152929950976	83.53855965105984
1.1169428E7	127.07787977494817	90.00160634970318
1.1196832E7	183.5272578332992	147.99373516526674
1.12120285E7	223.89979926396788	163.67833502628127
1.1230214E7	135.19843384989966	106.05304341524405
1.1260607E7	114.98137729082354	88.92365755132951
1.1291E7	97.47557003257329	71.21980958460779
1.1321393E7	107.8013029315961	76.31263763094519
1.1351786E7	92.66199453821604	70.53321318692082
1.1382179E7	78.99944066067845	62.09146464614704
1.1412572E7	67.2077781068009	55.9253330637766
1.1442965E7	71.07077287533313	56.157891534737566
1.1473358E7	65.78011384200309	51.62979857037852
1.1503751E7	69.9726581778699	53.57350761884569
1.1534144E7	55.80502089296878	46.90292508225903
1.1564537E7	73.32491034119698	53.35219844516858
1.159493E7	68.92797683677162	48.60129837833703
1.1625323E7	49.66446221169348	40.321107319320866
1.1655716E7	51.89510742605205	49.21966940444335
1.1686109E7	59.27081893857138	44.767260253042245
1.1716502E7	54.5824367453032	41.120016491480946
1.1746895E7	46.150528082124175	35.49464474462775
1.1777288E7	53.40427072023163	45.228544400327195
1.1807681E7	55.576119501200935	43.52661691903637
1.1838074E7	56.60714638239068	47.905914450699576
1.1868467E7	60.812127792583816	52.716294436741755
1.189886E7	71.03115849044188	57.353712981131466
1.1929253E7	69.99098476622906	52.981715886463554
1.1959646E7	72.90593228703978	55.42323910148978
1.1990039E7	60.786036258348965	53.71693767900746
1.2020432E7	86.31122297897542	75.8720778951384
1.2050825E7	99.98348303885763	94.15607922815217
1.2081218E7	82.43970651136775	63.54563899112909
1.2111611E7	113.78310795248906	78.83722699637363
1.21419565E7	134.02102449006534	180.8261645583873
