# Position (bp)	A	C	G	T	N
0.0	24.199094944417045	24.608660064653883	36.26328771841673	14.928432584717017	5.246877953297848E-4
1.0	22.276464270686144	21.33095699878642	13.586802200369613	42.804150444803376	0.0016260853544474894
2.0	30.033034154172782	22.510318605403253	14.972757785469234	32.48353925881444	3.501961402904009E-4
3.0	19.61191536832724	25.71322904177776	11.859514090879465	42.81523539870224	1.0610031329906798E-4
4.0	38.922145023715	11.262479352015534	11.278689831048773	38.53651976410583	1.6602911486558283E-4
5.0	42.53380793191473	11.960554831682794	25.40823466828969	20.097402568112784	0.0
6.0	33.47977924518269	15.674370916923364	22.344437729032375	28.501412108861572	0.0
7.0	39.0161741458704	16.437330351889113	20.924136282284906	23.62235921995558	0.0
8.0	17.442705210920476	34.66648467460295	23.68724842273545	24.20356169174113	0.0
9.0	29.279325728698492	21.19052656407047	14.220347139253949	35.30980056797709	0.0
10.0	26.025920652972616	16.458934014881276	30.47401903588092	27.041126296265183	0.0
11.0	26.26111353869196	20.036119460517973	19.565727854945422	34.137039145844646	0.0
12.0	23.216260504454244	22.32860763925389	25.31465164554817	29.140480210743704	0.0
13.0	21.94796049555867	28.855276998597475	19.76037283777466	29.43638966806919	0.0
14.0	30.9594662391424	22.44321846336436	21.7805306219785	24.816784675514732	0.0
15.0	30.983863196886237	20.872606866008	20.81553448200573	27.327995455100034	0.0
16.0	29.953669639230323	20.429144904889046	19.9642511756058	29.652934280274827	0.0
17.0	30.041016281915457	20.243288850413368	20.27034015065471	29.445138652318047	2.1606469841329285E-4
18.0	29.585298407568622	20.280355534784864	20.972266438086994	29.161878674601503	2.0094495801829232E-4
19.0	29.2403965929247	20.95789557847148	20.835574761233396	28.966104461005305	2.860636511648297E-5
20.0	29.06654995162131	20.983938046772195	20.91220732103768	29.03730468056881	0.0
21.0	28.774357093735027	21.192791348436433	21.08785952429581	28.944608552312946	3.8348121978842625E-4
22.0	28.963773502862892	21.23852281226415	20.72076484199882	29.076330198769014	6.086441051261423E-4
23.0	29.13371065326717	21.164429271273548	20.93344153668699	28.76836211428751	5.6424484784502906E-5
24.0	28.783060987676052	21.226526899083414	20.892680056155214	29.097338419505753	3.9363757956751037E-4
25.0	28.983323668554746	21.350212767567143	20.758851608544663	28.907065553258022	5.464020754312268E-4
26.0	29.221835500342547	21.068810913757144	20.953417969718043	28.75575411487888	1.815013033887829E-4
27.0	28.943532372191893	21.179370942614927	21.065045189768643	28.811968015502774	8.347992175705201E-5
28.0	29.079102484667096	21.164459027248526	20.947413034987868	28.808748166616454	2.772864800519413E-4
29.0	28.730470307074153	20.68770273375287	20.806387944788028	28.19598617393283	1.5794528404521204
30.0	28.818933337446673	21.164650028205763	21.136912526883616	28.878085556006067	0.0014185514578852732
31.0	28.986835144160654	21.39910044705779	20.77049536650734	28.84290996877502	6.590734991900948E-4
32.0	29.176631840238887	21.182607248084288	20.88996997237086	28.74939456008989	0.0013963792160727082
33.0	28.810902535196504	21.133298463507344	21.123989530316546	28.93109969894746	7.097720321428455E-4
34.0	28.887870220289656	21.302914642845426	20.88599850747508	28.92298525127867	2.313781111679273E-4
35.0	28.99854014677795	20.99813460183304	21.152656998011906	28.850518956375957	1.4929700113900038E-4
36.0	28.8538386403806	21.175474706981614	21.166538536423154	28.803945021429207	2.0309478541952745E-4
37.0	28.937864049073518	21.272808314968326	20.966416318856286	28.82230331605124	6.080010506258154E-4
38.0	29.017250953134916	21.126558679319217	21.140433982816198	28.715257467111215	4.989176184531559E-4
39.0	28.89053333681485	21.12929245997894	21.04665132466741	28.93332098651442	2.0189202437671222E-4
40.0	28.933176915173064	21.016160045227274	21.029070992205604	29.020611299080407	9.807483136502967E-4
41.0	29.072599789169313	21.069751160775834	21.069804807261587	28.787844242793266	0.0
42.0	28.747865783774174	21.24013761811829	21.11334321624511	28.897890205420317	7.631764421089162E-4
43.0	28.826448835282438	21.39289402910972	20.984393343462745	28.795501813642517	7.619785025812356E-4
44.0	29.088767192986836	21.201425878871305	21.05589888843967	28.653547659188416	3.6038051377180786E-4
45.0	28.807223187708864	21.172990963284953	21.138084167362294	28.88170168164389	0.0
46.0	28.854073845838514	21.166482882813337	20.970538461180123	29.00890481016803	0.0
47.0	29.09390946272319	21.10593608398431	21.08409729228225	28.71587107270603	1.8608830421715973E-4
48.0	28.76035331088235	21.11791331202933	21.152707552089144	28.96902582499918	0.0
49.0	28.866836413508395	21.337069284183475	20.98678743053099	28.808617418868632	6.894529085101294E-4
50.0	29.046435322106962	21.10464480346077	21.081550427179753	28.76721054099371	1.5890625881433154E-4
51.0	28.730715102006265	21.235516486074662	21.178495090154914	28.85527332176416	0.0
52.0	28.99579523491667	21.21125879229803	20.939965298532506	28.85298067425279	0.0
53.0	28.95629156833156	21.079025923514138	21.17510639460408	28.789576113550226	0.0
54.0	28.827247436363447	21.076395769398157	21.17207357685359	28.924283217384804	0.0
55.0	28.851441555923646	21.3067439444325	21.058164847994405	28.78364965164945	0.0
56.0	29.03025498953498	21.058828576113026	21.11673947307268	28.79384799685668	3.289644226292784E-4
57.0	28.806656318318584	21.289427659748732	21.23578838622959	28.66812763570309	0.0
58.0	28.814321652365777	21.262858616335315	21.052197401262653	28.870622330036255	0.0
59.0	29.00157735973581	21.10469785954502	21.186893304877767	28.706411441626994	4.200342144119777E-4
60.0	28.66275379732781	21.191008733588372	21.319270647590848	28.826914357267995	5.246422497289239E-5
61.0	28.80376580668812	21.18521834897592	21.128389436375407	28.882626407960554	0.0
62.0	29.022325439953356	21.123117528212113	20.982697060455582	28.871467076953216	3.928944257317561E-4
63.0	28.72041571909016	21.253604455389564	21.093511142662095	28.931984424145718	4.8425871246864094E-4
64.0	28.881323528507686	21.190964802325784	20.959430242643666	28.96794133847407	3.4008804879583326E-4
65.0	29.041451163306338	21.01983672425654	21.18913666963606	28.748398840864063	0.0011766019370005488
66.0	28.713209472680813	21.157735802706277	21.260715632066308	28.868339092546602	0.0
67.0	28.90778015660183	21.35702602032373	20.92757070717428	28.80744025223691	1.8286366325290685E-4
68.0	29.007695081639305	21.22603757217811	21.23411937939032	28.53214796679226	0.0
69.0	28.765174267923836	21.252987410035086	21.222250254739887	28.759157355570935	4.307117302512472E-4
70.0	28.845633697627328	21.23017951833654	21.075173751939367	28.848608555770305	4.044763264572793E-4
71.0	29.14263672997021	21.033906016750038	21.214622967619135	28.608821241272654	1.3044387965143309E-5
72.0	28.696450111527827	21.216201746754166	21.324866878041128	28.762481263676882	0.0
73.0	28.86028517615283	21.244085889556153	20.88266350108557	29.01296543320545	0.0
74.0	29.034103378208247	21.084172312052747	21.070558969829886	28.811165339909117	0.0
75.0	28.83491107286288	21.12362436760027	21.088157826109633	28.952563500756273	7.432326709435143E-4
76.0	28.896915483866763	21.21918906760378	20.850664041361593	29.03265766499977	5.737421680934156E-4
77.0	28.676909932271137	21.228091268743192	21.146354484660527	28.94864431432514	0.0
78.0	28.379164235997944	21.38668949506387	21.05060186031092	29.183270530461574	2.7387816568924766E-4
79.0	28.225860101092447	21.708527637371596	20.85053318115115	29.21493559432578	1.43486059024947E-4
80.0	28.52051559827925	21.3595719082885	20.910596465005003	29.20931602842724	0.0
81.0	28.390388991230388	21.334972537457965	20.7880447727203	29.48659369859134	0.0
82.0	28.594429677749524	21.552948610160993	20.490856253622773	29.361739348397105	2.6110069609445577E-5
83.0	28.901884114738262	21.503438848652127	20.4530485064495	29.14157628687935	5.224328076309671E-5
84.0	28.468636607673314	21.751440296096106	20.38759980615306	29.3917091888232	6.14101254321411E-4
85.0	28.434121096956837	21.755154992266334	20.320845129046056	29.48944739068551	4.3139104526311714E-4
86.0	28.65676651142739	21.754212531924416	20.426054771220663	29.162521473690983	4.4471173654439625E-4
87.0	28.20531008195783	21.96304863485416	20.609779319144756	29.221639483714767	2.2248032848566144E-4
88.0	28.28133536788829	22.21385404111121	20.327097663352394	29.177490299981613	2.22627666490136E-4
89.0	28.32334308397746	22.26123033200373	20.427418159525185	28.98741869421397	5.897302796487881E-4
90.0	28.16176469623906	22.233078428160688	20.688984956839587	28.91552928965746	6.426291032032176E-4
91.0	28.195667729408697	22.323462414578586	20.643107672584456	28.83773593424264	2.624918561901617E-5
92.0	28.553004243449788	22.37574869824589	20.643193871421907	28.424388586358674	0.003664600523735775
93.0	28.299512489218248	22.236883464769612	20.534059825143977	28.928702846383032	8.413744851346876E-4
94.0	28.409571901692658	22.40031198821834	20.465016650029135	28.724599478940732	4.999811191340538E-4
95.0	28.544400212667238	22.299084574737297	20.68070374049645	28.475258337094434	5.531350045824601E-4
96.0	28.33166896382616	22.311384089682164	20.90111931321193	28.455788083905315	3.954937442776999E-5
97.0	28.365637896795022	22.299149161249726	20.900792138372417	28.434249242226688	1.7156135614765047E-4
98.0	28.53753091061819	22.095980698113266	20.847771059879634	28.517567906253415	0.0011494251354967453
99.0	28.177971229558445	22.147764448209436	21.213045827307255	28.461006879485666	2.116154391979246E-4
100.0	28.211087072497143	22.223680222494078	21.171245309811006	28.393762295256707	2.2509994106353898E-4
101.0	28.137009913977053	22.096273001663665	21.309860404107816	28.456697592081227	1.5908817024343273E-4
102.0	27.925355541455723	22.06414480233833	21.72514262807324	28.28529065862445	6.636950825503943E-5
103.0	27.85601948562097	22.193070701166295	21.64982900506346	28.30001753078554	0.0010632773637420027
104.0	27.97455605110935	21.99516684216298	21.91717833867985	28.113072150811135	2.661723668366266E-5
105.0	27.573273018063265	22.03712496916514	22.191822335778312	28.19756644836942	2.1322862386377462E-4
106.0	27.56338496590926	22.09584110064082	22.167762097247756	28.171877435624772	0.001134400577396548
107.0	27.632597578612234	21.92716589633851	22.52886391522737	27.909648393538333	0.001724216283552046
108.0	27.353632221333175	21.902324960612095	22.737232047462808	28.005646101511218	0.0011646690806999206
109.0	27.28909919940547	22.0339094418876	22.69252291670494	27.983368853181155	0.0010995888208291088
110.0	27.35505411569128	21.879868457780034	22.79778137352064	27.967269187919413	2.686508862927064E-5
111.0	27.23188147390589	21.880054230263312	22.94152753060545	27.94599849958453	5.382656408220662E-4
112.0	27.43337491853946	21.731420323976348	22.956112283831303	27.878930698483167	1.6177516972237492E-4
113.0	27.600478122156186	21.500773524276017	23.335632811477417	27.56304800308086	6.753900951881293E-5
114.0	27.33359818564884	21.50918444211477	23.626550113599986	27.530653722742944	1.3535893467104055E-5
115.0	27.104515530965728	21.71594355810174	23.558158726488763	27.62138218444377	0.0
116.0	27.298411028508745	21.458530568060503	23.85186598225139	27.390593743766612	5.98677412744808E-4
117.0	27.00278729945519	21.451903699465614	24.095383032964417	27.44992596811478	0.0
118.0	27.031585741083664	21.414855736155552	24.14591197585131	27.40738652451744	2.600223920335708E-4
119.0	27.070421267015654	21.248019009819235	24.536208780786158	27.14532349058362	2.7451795333688924E-5
120.0	26.709036110077033	21.31967374711712	24.792760252261697	27.1778828256306	6.470649135521275E-4
121.0	26.711802720952203	21.309646250248772	24.929954270534857	27.048596758264164	0.0
122.0	26.77838213291662	21.13334512232371	25.137518203180477	26.947303767358505	0.003450774220693226
123.0	26.571804831414248	21.150958991098722	25.313710090945925	26.96045250856117	0.0030735779799416353
124.0	26.594412000649807	21.062279804142573	25.419289757232583	26.923906787405592	1.1165056944581681E-4
125.0	26.50866617620634	21.02199494666209	25.734293470337306	26.734709283215068	3.361235791951269E-4
126.0	26.266335093131392	20.94828138631315	25.98526300286904	26.799586507415434	5.340102709849172E-4
127.0	26.268450551977825	21.03429551143205	26.058773571563233	26.636083250926664	0.002397114100234057
128.0	26.242000330513406	20.84082270672368	26.29426559242264	26.622119043684368	7.923266559061161E-4
129.0	26.09476755329344	20.961844524423054	26.510268259613408	26.42937155269715	0.0037481099729539794
130.0	26.089574838077855	20.804819525655233	26.660715298255592	26.4433374354655	0.0015529025458198855
131.0	26.078072960265814	20.645763619375913	26.957810977566908	26.317394527443916	9.579153474480492E-4
132.0	25.822765195807655	20.676642969360888	27.282280106458533	26.216790892199977	0.0015208361729448984
133.0	25.71649281545374	20.69900930366164	27.362945034027515	26.220645734447885	9.071124092257652E-4
134.0	25.763057132672344	20.540550850414867	27.669343522696682	26.026253774736908	7.947194791957612E-4
135.0	25.46798339577946	20.518024883129222	27.98109302127963	26.03226065598446	6.380438272304925E-4
136.0	25.44188560365372	20.413339488055918	28.021455572488158	26.122751789662164	5.675461400459392E-4
137.0	25.4653979562153	20.281064207364587	28.285546888234393	25.96636996311748	0.0016209850682449318
138.0	25.212902650966267	20.19374610186501	28.652420595283317	25.940183265101318	7.473867840913887E-4
139.0	25.117610286618962	20.40269915074719	28.678513452446268	25.798750715602587	0.0024263945849931465
140.0	25.31636902188205	20.127834423535017	29.02950849282999	25.524900899029017	0.0013871627239271699
141.0	25.054358763544894	20.084687569831928	29.154304549165456	25.705064594485773	0.0015845229719549801
142.0	24.984221044185684	20.050026014657078	29.462561408634606	25.501467624941316	0.0017239075813145657
143.0	25.01033281431854	19.817465297629052	29.64569820068078	25.52417684647131	0.002326840900314407
144.0	24.64661867091734	19.829144633352275	30.04503269144059	25.477452516722966	0.001751487566833472
145.0	24.60464457907544	19.808477906047546	30.142460485495043	25.442478607485796	0.0019384218961733147
146.0	24.609738825358924	19.60602456614813	30.457332777262852	25.32530500289976	0.0015988283303330164
147.0	24.356047396547	19.671632438872486	30.663235786025346	25.306964432298834	0.0021199462563339074
148.0	24.288587088332545	19.635168187116005	30.75132423167193	25.322806892163026	0.0021136007164954374
149.0	24.299582125962896	19.457300077077612	31.25752962431178	24.984929258691153	6.58913956563779E-4
150.0	23.99523334059012	19.43089022252017	31.244422502776796	25.32769627085529	0.0017576632576222454
