# Position (bp)	A	C	G	T	N
0.0	25.556881086073258	23.26495980933561	35.08855461570976	16.089383648921	2.208399603724775E-4
1.0	23.338886088831494	19.83225727640199	12.682473051705658	44.14506533459124	0.0013182484696233807
2.0	31.733501640250942	20.64539654554995	13.99576121296132	33.62516612965768	1.7447158010622704E-4
3.0	20.71428447320228	23.59921394739494	10.959387282071955	44.72711429733083	0.0
4.0	39.680475764162004	10.324435400017567	10.47479923723346	39.520116517911035	1.7308067593196374E-4
5.0	44.189821721456376	11.156637456603136	23.71391786803904	20.93962295390145	0.0
6.0	34.731814248530796	14.604241372761825	20.981939922335737	29.68200445637164	0.0
7.0	39.42672710192498	15.857318897607453	20.13815445244748	24.57779954802008	0.0
8.0	17.983504730581107	33.84632321221242	23.421166155554257	24.749005901652215	0.0
9.0	29.43729165860481	20.5176966068764	13.200196121038829	36.844815613479966	0.0
10.0	26.503717817128997	15.550417465137784	29.314858809400107	28.631005908333112	0.0
11.0	26.693139266624804	19.098743529831083	18.988860984221592	35.21925621932252	0.0
12.0	24.175105968224685	21.353649380687692	24.257086151577486	30.21415849951014	0.0
13.0	22.814344061030493	27.58441660833889	19.16114527368901	30.440094056941607	0.0
14.0	31.912671704430394	21.453886409195512	20.915146847483467	25.718295038890627	0.0
15.0	31.989680157329296	19.903338917141042	20.00152399226012	28.10545693326954	0.0
16.0	30.848500437692138	19.628231350373593	19.11860004895514	30.404668162979124	0.0
17.0	30.937617553563086	19.406806635498178	19.38919685338823	30.266378957550504	0.0
18.0	30.54927250202632	19.309914795753627	20.072914538757058	30.067898163462996	0.0
19.0	30.007324474207387	20.119653595455134	19.977554692484926	29.895426204383607	4.103346894894821E-5
20.0	29.747774329089854	20.148867226604956	20.065395625548526	30.037962818756665	0.0
21.0	29.582033900237747	20.21642331396774	20.172441457298095	30.029101328496417	0.0
22.0	29.7630937766985	20.33017095965722	20.014839600069127	29.891895663575152	0.0
23.0	30.04708894767598	20.211188999970094	20.061823439885615	29.67985819970854	4.041275976311657E-5
24.0	29.692304347931103	20.320617951610213	20.056052990284524	29.93102471017416	0.0
25.0	29.845952493798883	20.345474127733766	19.9876819735788	29.820731013919534	1.6039096902609803E-4
26.0	30.032219014210792	20.209393637912918	20.138780997371597	29.6192868362941	3.1951421059421255E-4
27.0	29.908122204032754	20.22536813775901	20.22329944523236	29.643170430427286	3.978254858941028E-5
28.0	29.910740642269555	20.25137799854107	20.197014861502776	29.64082687440887	3.96232777247046E-5
29.0	29.755240739988025	19.826869415293597	19.931050839351062	28.91346272613584	1.5733762792314727
30.0	29.806740816778248	20.189229428297686	20.283545350861914	29.719894683829363	5.897202327900962E-4
31.0	29.884823760647798	20.43386092897106	19.93905637676918	29.74225893361196	0.0
32.0	29.941398548433064	20.350866918875447	20.015499517836158	29.691102808262766	0.0011322065925656972
33.0	29.808844934104783	20.25972904233378	20.18249820929517	29.748305298735477	6.225155307898126E-4
34.0	29.77897799860807	20.404473558200266	20.03132809001398	29.7849877188459	2.3263433178696122E-4
35.0	29.963547178036787	20.22721949839495	20.153826889289626	29.655367786248565	3.864803007125924E-5
36.0	29.824188786012197	20.256103860060286	20.185563513294735	29.733951107444902	1.9273318788402087E-4
37.0	29.872622787077752	20.362501404358206	20.106946686715002	29.65754436617659	3.8475567245287894E-4
38.0	30.037267624889196	20.25642769508251	20.118753811199653	29.58751244463554	3.8424193101550914E-5
39.0	29.84328565034574	20.268417371624054	20.18538863055166	29.70271641788753	1.9192959101339594E-4
40.0	29.795040883679587	20.27295157847588	20.143792744556194	29.78775460741927	4.601858690725184E-4
41.0	29.917392163864033	20.27454979840347	20.101035796984405	29.707022240748092	0.0
42.0	29.71862169493031	20.349131420373247	20.205701520349283	29.72597118540391	5.7417894325045E-4
43.0	29.717729656443048	20.53414987597305	20.026679949256835	29.721019698938157	4.2081938890903726E-4
44.0	29.921856568930977	20.339622049929666	20.148670200461204	29.589430581890774	4.2059878737545975E-4
45.0	29.737445779670285	20.301512991288444	20.20269260708121	29.758348621960064	0.0
46.0	29.71180137413496	20.39664979648457	20.12367902120097	29.767869808179498	0.0
47.0	30.006483157916442	20.28430441977264	20.139406985774468	29.569805436536452	0.0
48.0	29.688745362099766	20.272624555295987	20.185134289160676	29.853495793443575	0.0
49.0	29.806991362892116	20.500097324901052	20.047631951574182	29.64508852749333	1.9083313931964171E-4
50.0	29.924599470463736	20.34150433177149	20.145733142116146	29.588163055648632	0.0
51.0	29.650872646692548	20.33306473274241	20.31055417185554	29.705508448709494	0.0
52.0	29.805939016816684	20.420539214265116	20.142677089420946	29.630844679497255	0.0
53.0	29.809377458872117	20.339771072927356	20.193845415680258	29.65700605252027	0.0
54.0	29.690986322220336	20.28976827312071	20.262988740770695	29.75625666388826	0.0
55.0	29.647007678388587	20.49132534669059	20.14083083711024	29.72083613781058	0.0
56.0	29.886716447164215	20.31477483235117	20.117783168843133	29.680725551641483	0.0
57.0	29.68462934109405	20.448491060608486	20.217675308243702	29.64920429005376	0.0
58.0	29.657869631430483	20.48088442652517	20.17470275975301	29.686543182291338	0.0
59.0	29.958973940579504	20.29007608559315	20.226522102641777	29.524351621655935	7.624952963571406E-5
60.0	29.64072700879294	20.38168800286058	20.29866096989908	29.6789240184474	0.0
61.0	29.709932766984	20.389872197798343	20.18622127271535	29.713973762502306	0.0
62.0	29.87929218397544	20.256367343966765	20.14268553637265	29.721426199653774	2.2873603137648388E-4
63.0	29.501491229708847	20.4475175971968	20.188806493930812	29.862146554921974	3.812424156586935E-5
64.0	29.615344430623885	20.44276801314165	20.157620470832814	29.784114559302527	1.5252609912213603E-4
65.0	29.85741633362824	20.279103999511882	20.24413496445895	29.619001494859514	3.4320754141371E-4
66.0	29.66311997242364	20.367003541610107	20.23690046580867	29.732976020157587	0.0
67.0	29.743140733373707	20.45237525035351	20.043572569340103	29.76091144693268	0.0
68.0	29.745984691128474	20.37800473688044	20.356993457522325	29.519017114468767	0.0
69.0	29.659077389577465	20.475147113105496	20.27548816536459	29.589944144303544	3.4318764890530764E-4
70.0	29.657546075372878	20.479070269256386	20.186813844552063	29.676188573635393	3.812371832824445E-4
71.0	29.99415595035188	20.331765135535825	20.32707617202168	29.347002742090616	0.0
72.0	29.64073420141318	20.44308597010077	20.273615575568353	29.64256425291769	0.0
73.0	29.587420723813125	20.601019858884957	20.018657256963877	29.79290216033804	0.0
74.0	29.947383750186802	20.22794021220337	20.114564812301573	29.710111225308257	0.0
75.0	29.744433907549617	20.30873991575314	20.106530675900494	29.840257369693628	3.813110312137397E-5
76.0	29.5573231385544	20.602948789992688	19.80803204828592	30.03074293129885	9.530918681439336E-4
77.0	29.26721689571698	20.496845395802758	20.190610525513218	30.045327182967043	0.0
78.0	28.7003701637848	20.88750856401691	20.03333723487767	30.37878403732062	0.0
79.0	28.47366410438435	21.29079705763267	19.709888437399208	30.52557414974597	7.62508378060804E-5
80.0	28.82544611299674	20.83292981531711	19.656347535388214	30.68527653629794	0.0
81.0	28.803662711465	20.722902775860636	19.39228335299622	31.081151159678143	0.0
82.0	29.156688803541087	21.187108956740055	19.04657132659567	30.609630913123194	0.0
83.0	29.530282731881215	21.247011616417584	18.856686104268988	30.36601954743221	0.0
84.0	28.968735175634887	21.572149184021182	18.75656848074949	30.70208955861335	4.576009810965035E-4
85.0	28.728903567063348	21.67215509203203	18.740477883902166	30.858120231791425	3.432252110358346E-4
86.0	28.944253658551467	21.83775242270121	18.852684056273322	30.36492854489976	3.813175742406251E-4
87.0	28.54053382291498	22.08008411126597	19.13424560611652	30.244983973723617	1.5248597891423884E-4
88.0	28.38584754460099	22.53724310303023	18.990703901890786	30.08605295543027	1.524950477233252E-4
89.0	28.426609189114387	22.9149170335575	19.012309157358903	29.645745279850438	4.19340118764746E-4
90.0	28.28349520780901	22.880758272447743	19.42291666825504	29.41225803647875	5.718150094578203E-4
91.0	28.259410984774842	23.048363842361002	19.618947848356825	29.07327732450733	0.0
92.0	28.86834460515581	23.03199316828437	19.484457084473856	28.61261274999428	0.002592392091679184
93.0	28.58570545049954	22.917866165997236	19.785275956657117	28.710427961025264	7.244658208464659E-4
94.0	28.82136778467808	23.034659777211115	19.714406852039385	28.429374946620957	1.9063945047034564E-4
95.0	28.859319402693668	22.950358320498264	19.975533610207243	28.21478866660082	0.0
96.0	28.540793650430373	23.031036084798245	20.224834818271493	28.20318287129748	1.525752024100779E-4
97.0	28.424014651601127	22.89674999599537	20.261818803142376	28.417416549261127	0.0
98.0	28.55370214259285	22.735896917519522	20.152464725605455	28.556639291422382	0.0012969228597911955
99.0	28.215416663487293	22.644235538293668	20.701243008553792	28.43883772214295	2.670675223001381E-4
100.0	28.071396518091817	22.711468073350247	21.001918621157035	28.21517862866667	3.815873422899514E-5
101.0	27.886844929255183	22.618344346902234	21.2865268103697	28.208207589364083	7.632410880154358E-5
102.0	27.489028520693026	22.43262421905627	22.112097084184086	27.96605931794177	1.9085812484946065E-4
103.0	27.234431514163894	22.397749751917555	22.52790951357514	27.838649240251094	0.0012599800923145414
104.0	27.198592070005407	22.156832340836385	22.914381479365332	27.730194109792873	0.0
105.0	26.670908326646032	22.143948947227635	23.311475409836067	27.87366731629027	0.0
106.0	26.458206609361625	22.346175417964492	23.445811332267674	27.748927298704345	8.793417018626369E-4
107.0	26.44338205873825	22.043253838014994	23.876519465298163	27.63558232175904	0.001262316189549399
108.0	26.07017756044986	22.009351088357683	24.08728141754416	27.832118263404297	0.001071670244004005
109.0	26.014654978233587	22.06873619966565	24.231203580693553	27.685290318428592	1.1492297861972904E-4
110.0	26.062063872227938	21.81012725210457	24.434006903654826	27.693801972012665	0.0
111.0	26.167495859154457	21.649369010357102	24.64528419478783	27.53781255900417	3.837669644186621E-5
112.0	26.217154657899073	21.51133421915833	24.933361452322757	27.338072842779894	7.682783995070726E-5
113.0	26.435595467449552	21.17245376736236	25.420229396807397	26.971644443794858	7.692458582841433E-5
114.0	26.171721772288663	21.0603198676941	25.87767869734795	26.890279662669286	0.0
115.0	25.880100355509473	21.11317502177022	26.216138321850043	26.790586300870267	0.0
116.0	25.956320687037014	20.837766261530945	26.688340052005273	26.516875358267804	6.976411589680028E-4
117.0	25.660019540000995	20.682103163737743	27.205017548663314	26.45285974759795	0.0
118.0	25.52060953826064	20.586161127378837	27.56339632670695	26.329833007653576	0.0
119.0	25.47153150676671	20.426564354501004	28.06496947825416	26.036934660478128	0.0
120.0	25.187007626484586	20.29498399884314	28.54422480839479	25.97362638399004	1.571822874423927E-4
121.0	25.073462880439113	20.284353609482768	28.925402734357437	25.71678077572069	0.0
122.0	24.980098142889393	20.05889365477308	29.322069476294015	25.636285145095428	0.0026535809480809068
123.0	24.70433801938684	19.836234678068443	29.84619214410012	25.61092871663215	0.002306441812449696
124.0	24.677678012161106	19.749040968576825	30.211136621406855	25.362024631208552	1.1976664666563668E-4
125.0	24.56605927390231	19.57368675463721	30.636499840075416	25.223633887337744	1.2024404731843751E-4
126.0	24.233944616335513	19.495827332571192	31.19836980468802	25.071375368646986	4.8287775828829494E-4
127.0	24.155538194177943	19.412138726922677	31.50311737269752	24.927105105187596	0.0021006010142671206
128.0	24.07019163079199	19.125650042660318	31.99531871960655	24.80815022919782	6.893777433179022E-4
129.0	23.81071206863214	19.097035506752288	32.443829315205114	24.645370078259365	0.003053031151094512
130.0	23.674353321905844	18.98116915885368	32.90099558087128	24.44188835519743	0.0015935831717617062
131.0	23.62372319331495	18.74357546070048	33.3754047511032	24.2564352041373	8.613907440693248E-4
132.0	23.315276549565173	18.631463760454903	33.892204376773364	24.15928504028812	0.001770272918447232
133.0	23.10009044778056	18.60336065773593	34.2257872448383	24.06948075371222	0.0012808959329901359
134.0	22.96110221518843	18.386068114151485	34.808314639453855	23.843685574545965	8.294566602674085E-4
135.0	22.737504765995848	18.255762068167478	35.31977542794064	23.686416620463564	5.411174324727069E-4
136.0	22.5590712179571	18.008059257724568	35.79548516155065	23.636590717609774	7.936451579082354E-4
137.0	22.45886142940682	17.85310213432207	36.27748073283352	23.40929812390093	0.0012575795366657793
138.0	22.1554163255794	17.66194038201213	36.80154231739667	23.380512047356515	5.889276552854995E-4
139.0	21.935159222869803	17.71892141988114	37.15739242103023	23.18590959710708	0.0026173391117426496
140.0	21.96440334404382	17.398220379011402	37.70021795167784	22.936056917371108	0.0011014078958237578
141.0	21.60613423288934	17.309807835522715	38.10810144488916	22.974298723777594	0.0016577629211993023
142.0	21.49340141619402	17.180330581755307	38.636625360296925	22.687979240755542	0.001663400998211204
143.0	21.37597584283463	16.976905017250836	39.073983886664	22.57129504968122	0.0018402035693101974
144.0	21.081985714727438	16.811692416574765	39.600661698772456	22.503641748176552	0.002018421748794959
145.0	20.875895359365497	16.666903690985794	40.06180732336194	22.393497431733763	0.001896194553008765
146.0	20.6562631348625	16.415183598351256	40.67811781636533	22.248359817828646	0.0020756325922748416
147.0	20.47165426198395	16.44527176085444	41.03371246858322	22.046540454137684	0.0028210544407085967
148.0	20.25522982839602	16.29551661777782	41.39590466435735	22.05103986637291	0.0023090230958946007
149.0	20.212951358327643	16.07152812683139	41.88921349350413	21.825824138438136	4.8288289870214245E-4
150.0	19.88741970843505	15.875312649484846	42.10300796605293	22.13284756826217	0.0014121077650040862
