#Position (bp)	Coverage	Std
15197.0	114.85904649096831	152.53234307691147
45590.0	129.1794163129668	98.62069320325877
75983.0	116.97913993353733	93.90245195592594
106376.0	107.83348139374198	86.12337418239787
136769.0	94.75553581416774	82.71007418406127
167162.0	109.68091336820979	92.90876755154964
197555.0	115.90866317902149	127.55744440088172
221485.0	125.18595064979677	110.36289593112976
236681.5	179.46534117282997	188.35040786021926
258341.0	93.69812127792584	84.17048971459722
288734.0	114.47310235909585	101.55692752594406
319127.0	96.35929325831606	78.5674155020142
349520.0	101.26588359161649	84.47415015972507
379913.0	89.26088244003553	80.02805191233402
410306.0	92.01365445990854	76.03379809619693
440699.0	95.7831408548021	85.20119545776708
471092.0	62.008488796762414	58.77467853453075
501485.0	86.23357352021847	76.70769202708509
531878.0	80.73273451123615	64.44359601300829
562271.0	59.82147204948508	55.878352581632114
592664.0	64.04099628203863	56.51774051504539
623057.0	65.00069094857369	59.72480485257128
653450.0	80.28493403086237	70.27840509724076
683843.0	76.15546342907906	62.92121079681637
714236.0	73.61596420228342	76.00197800936823
744629.0	61.69295561477972	61.697575001214595
775022.0	56.85052479189287	51.507133158709834
805415.0	80.96433389267266	76.8811903844866
835808.0	85.27930773533379	77.11541706925243
866201.0	96.09189616030007	79.20669992369515
896594.0	103.84756358371993	83.30357281241065
926987.0	105.0378376599875	84.13796497812206
957380.0	110.19573586023097	99.40355886760968
987773.0	87.7180600796236	76.16788931616531
1018166.0	111.23610699832199	90.95973203732251
1038382.5	131.42798804780875	124.00651529921073
1053579.0	138.2745049869798	223.13534910903627
1078952.0	103.49514690882769	90.17067757315517
1109345.0	144.98447010824862	95.29593297845092
1139738.0	86.58424637251998	86.31138768663033
1170131.0	65.83190208271641	65.3187124946167
1200524.0	60.36334024281907	64.65160930704042
1230917.0	71.6441943868654	67.62323018134072
1261310.0	126.54844865594052	92.91761025373692
1291703.0	136.28641463494884	105.09731691986941
1322096.0	97.55414075609515	103.57041572630798
1348657.5	104.19379674439067	113.53899791487636
1363854.0	110.3565183348558	127.99904981377715
1382882.0	99.75319974994243	96.20779330514931
1413275.0	114.7365182772349	100.60142687750711
1443668.0	86.89987826144178	77.14631303127251
1474061.0	101.94350672852302	79.01032711117485
1504454.0	101.56999967097687	89.76449462406619
1534847.0	88.04099628203863	80.24775081094901
1565240.0	98.47714934359885	80.10062211624412
1595633.0	81.8051525022209	69.2511067768597
1626026.0	71.91679005034054	64.80881759570623
1656419.0	84.21616819662422	66.85163216551142
1686812.0	59.2277498108117	57.78821939569132
1717205.0	78.56835455532524	68.83573446322221
1747598.0	68.4555983285625	61.11434245157666
1777991.0	68.14210508998782	59.96252929034764
1808384.0	53.20442207087158	53.07082302086152
1838777.0	61.90708386799592	56.62641158151688
1869170.0	59.208271641496395	67.80302274285036
1899563.0	99.83969993090514	86.49719122847605
1929956.0	51.92702266969368	49.771897684320585
1960349.0	55.93222123515283	59.89952076408392
1990742.0	55.46560063172441	52.3493672967957
2021135.0	63.68815187707696	74.51754408638061
2051528.0	65.8306846971342	57.4724976035064
2081921.0	52.37222386733787	45.36935503839431
2112314.0	67.21110124041721	64.93277466384257
2142707.0	54.224295067943274	47.5408009995783
2173100.0	60.02592702266969	56.31973729404696
2203493.0	57.83223110584674	51.93958346328186
2233886.0	67.68232816767019	67.31816862726333
2264279.0	53.15329187641891	45.92164184937715
2294672.0	63.514032836508406	53.9354320411667
2325065.0	54.59368933636035	53.02258728081613
2355458.0	74.05744743855493	83.85103900770109
2385851.0	46.514164445760535	44.4749804618199
2416244.0	61.397887671503305	56.89324747511836
2446637.0	70.31474352646991	67.43237715980288
2477030.0	60.44085809232389	56.995364914657834
2507423.0	62.8114039416971	53.889302778045476
2537816.0	67.91902740762676	61.86737778863867
2568209.0	63.72809528509854	69.98019541135058
2598602.0	82.23903530418188	67.82364766006683
2628995.0	80.46471226927252	69.53345638093512
2659388.0	87.21965584180568	80.59218910227209
2689781.0	81.40568551969203	71.49160360749968
2720174.0	65.5776988122265	59.321651769849765
2750567.0	84.07511598065344	74.48163708695385
2780960.0	108.8777021024578	89.57891362110905
2811353.0	85.88704635935906	87.54677435217286
2841746.0	90.75889185009706	87.67276170210481
2872139.0	112.60240844931398	121.39578261992246
2889645.5	320.21991341991344	204.76801835733855
2904842.0	162.73569239126218	138.39656247546267
2932925.0	114.60306649557464	89.5412341481436
2963318.0	86.88849406113249	79.64648514938085
2993711.0	85.9036291251275	82.01242369449955
3024104.0	82.71914585595367	71.67677698734269
3054497.0	92.94311190076662	77.28479683397934
3084890.0	83.8719441976771	76.18788824006285
3115283.0	78.49238311453296	70.45663278881845
3145676.0	99.90283946961472	77.86551164324688
3176069.0	92.62869739742703	80.65654102412266
3206462.0	96.41269371236798	86.90303882380883
3236855.0	86.20442207087159	74.94497943438876
3267248.0	130.03237587602408	96.64853982031768
3297641.0	140.8635870101668	109.89050852574869
3322340.5	121.03730400926024	115.40589464943218
3337537.0	0.0	0.0
3358427.0	0.027802454512552234	0.24152805428523366
3388820.0	0.0563287599118218	0.6223023576958189
3410819.5	0.015581361164192268	0.17527618323275768
3426016.0	122.58896765354143	131.85967664669445
3449606.0	125.95788503931827	111.93419778291049
3479999.0	103.12183726515974	87.58055379902713
3510392.0	113.9260356003027	92.48591064562136
3540785.0	77.08255190339881	71.28536200496833
3571178.0	73.30368834929095	69.36253115190624
3601571.0	86.62919093212253	72.69176581584097
3631964.0	83.5914190767611	66.81366209616579
3662357.0	74.92981936630144	69.46102959915508
3692750.0	82.70891323660054	67.62872241644024
3723143.0	76.00885072220576	66.67281335793538
3753536.0	99.37261869509426	75.79808410622039
3783929.0	75.24291777711973	66.84464152113344
3814322.0	74.81834632974699	73.75983109960106
3844715.0	70.93192511433554	69.26984804460685
3875108.0	110.58098904352975	102.00629817921164
3905501.0	103.53640640937058	94.24083620578277
3935894.0	106.68489454808673	86.9553332876604
3966287.0	91.45224229263317	85.98351340442997
3987990.0	204.78167985860293	184.6876479866345
4003186.5	156.96662830840046	137.81428982878612
4027073.0	114.39157042740105	132.8426358269901
4057466.0	123.9684137794887	101.1614943802757
4087859.0	96.86299476853223	79.75850019220654
4118252.0	72.09317935050834	72.0078842420615
4148645.0	62.83055308788208	62.23609343694572
4179038.0	109.18918829993748	88.61359784644537
4209431.0	121.08492086993715	97.84197523181881
4239824.0	104.93514954101273	90.43731406237455
4259839.0	74.55535955172772	84.25888509679254
4275035.5	92.8467431104259	105.6224728185679
4300610.0	106.99911163754813	97.53243084547408
4331003.0	108.38005461783963	100.71291576866199
4361396.0	108.25739479485408	97.64787584155758
4391789.0	99.60740960089494	80.54696196604601
4422182.0	73.40986411344717	69.28172100249542
4452575.0	81.17059849307407	69.80546667964795
4482968.0	77.39397229625243	67.94650108363761
4513361.0	76.14549402823019	61.03850081637252
4543754.0	82.12871384858356	71.86949396968572
4574147.0	69.36363636363636	62.707164641302064
4604540.0	56.400125028789525	52.84036277701801
4634933.0	78.94567828118316	65.89917660573502
4665326.0	76.98453591287468	64.28205407598671
4695719.0	65.34573750534662	63.17106007954164
4726112.0	88.86072450893298	68.79510801730137
4756505.0	61.97423748889547	58.09786733316347
4786898.0	85.69798966867371	79.62914527040076
4817291.0	80.38117329648274	81.76018528520602
4847684.0	65.73401770144442	69.649125793874
4878077.0	72.84930740631066	66.95583643348417
4908470.0	68.35573980850855	62.906077184725476
4938863.0	60.88592768071595	58.46812662198693
4969256.0	65.50995294969236	56.90845574899395
4999649.0	66.0510643898266	61.083737165248074
5030042.0	74.65393347152305	71.78498518709961
5060435.0	67.63116507090449	60.119910011340316
5090828.0	71.19817063139539	72.05097916652485
5121221.0	87.62395946435035	73.55301040329593
5151614.0	83.99855229822657	78.91993412964187
5182007.0	86.63781133813707	76.18772953225623
5212400.0	74.80173066166552	69.35089548688863
5242793.0	103.86947652419965	84.90215762605082
5273186.0	107.69614713914387	86.53586858924825
5303579.0	93.10976211627677	80.8325094314722
5333972.0	118.9744678050867	105.62486161307275
5352383.0	249.00917716596672	197.93606256933933
5367579.5	113.73727257552996	110.29766575471913
5394758.0	120.61158819465008	102.68425935076624
5425151.0	99.16270193794624	86.80576106447558
5455544.0	76.0497482973053	72.02580107250606
5485937.0	98.88040009212648	84.97399138747471
5516330.0	91.53084591846807	83.1029032062313
5546723.0	102.70891323660054	79.70835180218378
5577116.0	100.57783042147862	103.38939528889891
5607509.0	67.7782055078472	59.74893815101149
5637902.0	73.7357286217221	67.28193039835077
5668295.0	82.70134570460303	69.19420155170695
5698688.0	88.63764682657191	71.8705157862671
5729081.0	87.05471654657322	81.52968312874118
5759474.0	70.98529266607443	73.40749496148366
5789867.0	91.74138781956371	78.90682817927478
5820260.0	102.69190274076267	94.96303086780341
5850653.0	132.35636495245615	107.08222756986022
5881046.0	123.69933866350804	127.78725910013979
5907241.5	184.64887717065187	180.9229840231241
5922438.0	185.24800476474093	143.74757962071422
5941832.0	124.21103543579113	103.64633913758001
5972225.0	81.3051360510644	76.55287568927227
6002618.0	105.99058993847268	89.33622359517717
6033011.0	93.92146217879117	76.42118626401329
6063404.0	82.04402329483763	74.49312591490803
6093797.0	92.2213996643964	70.7377334513444
6124190.0	68.48461816865726	67.49362804446662
6154583.0	71.45796729510084	65.97202984904425
6184976.0	58.060540255979994	52.007585960766555
6215369.0	84.66271838910275	72.84437316141789
6245762.0	83.96719639390649	69.41053375317303
6276155.0	76.13266212614747	67.3458574439096
6306548.0	69.70930806435692	64.74108195389375
6336941.0	61.08567762313691	55.975508566751046
6367334.0	79.59846017175008	70.53006694432612
6397727.0	108.69634455302207	100.3126911298412
6428120.0	75.56924291777712	66.83588434210425
6458513.0	71.44977461915573	64.86682839164729
6488906.0	104.63850228671076	81.60925666170066
6519299.0	80.58934623104004	69.02812550701637
6549692.0	107.65798045602605	88.99179104885377
6580085.0	105.19728226894351	87.89611824051393
6610478.0	105.32642384759649	88.70054394923817
6640871.0	129.43171124930083	117.35783883798419
6660029.5	117.45053003533569	140.77892268800525
6675226.0	87.17650985802662	94.10459568960181
6701657.0	119.0041456914421	99.97759315314121
6732050.0	102.7556016187938	80.20588000214225
6762443.0	100.5098871450663	83.70822631988388
6792836.0	93.46872635146251	77.8594813657807
6823229.0	94.8919159016879	83.64758809735827
6853622.0	73.62277498108116	66.55098788214464
6884015.0	69.42822360411937	58.82708363578435
6914408.0	84.72187674793538	66.42891793804887
6944801.0	64.49912808870464	57.2475255022091
6975194.0	59.958937913335305	55.87013174993424
7005587.0	82.05744743855493	74.95731355244469
7035980.0	92.66475833251077	82.12883513013475
7066373.0	74.33728161089725	70.2466189278829
7096766.0	64.46908827690586	57.89907681567692
7127159.0	77.97394136807817	73.04155235895854
7157552.0	75.4264468792156	67.42783900954551
7187945.0	122.5444016714375	94.04037366848955
7218338.0	82.98127858388445	76.81833371379867
7248731.0	97.322903300102	84.51188872597348
7279124.0	82.42128121606949	71.39610477599976
7309517.0	108.17576415622018	116.0987244927444
7327760.5	175.7269445356088	235.25288434585096
7342957.0	170.847771513231	151.423489497949
7370303.0	95.39769025762511	84.08654431684978
7400696.0	81.86967393807785	73.2161917388122
7431089.0	106.33550488599349	85.00579951222349
7461482.0	68.570131280229	66.8799204944257
7491875.0	75.48678972131741	68.18348670350095
7522268.0	86.75997762642714	76.54591972882191
7552661.0	79.44138452933241	79.01723185243806
7583054.0	88.50992004737932	75.84879636820685
7613447.0	81.4130227354983	70.11381340265369
7643840.0	79.0952521962294	60.49940306480152
7674233.0	77.34261178560853	59.98027346565129
7704626.0	60.722929621952424	55.04983519457758
7735019.0	77.88596058302899	63.4576070870402
7765412.0	61.35017931760603	54.2634035160196
7795805.0	2404.9446912117924	2717.2701156649605
7826198.0	169.03221136445893	474.13200985352444
7856591.0	68.95393676175435	55.5782155609962
7886984.0	80.65959266936466	62.667036816595115
7917377.0	73.158424637252	77.88723988354067
7947770.0	69.59928272957589	59.64846348838766
7978163.0	87.79034646135624	73.98111188408544
8008556.0	51.15125193301089	51.5592940871451
8038949.0	65.8192675945119	61.49517888655133
8069342.0	70.27147698483203	63.2398975165998
8099735.0	64.71003191524365	60.74185889081377
8130128.0	59.69634455302208	65.96434594789842
8160521.0	86.93528115026487	80.6070535880409
8190914.0	77.5805284111473	70.60102749540805
8221307.0	94.39871022932913	73.55061492343064
8251700.0	88.84907709011944	73.78287322367159
8282093.0	79.22827624782022	73.29356923014817
8312486.0	81.6891060441549	84.5341586921299
8342879.0	95.4553022077452	85.28995506719069
8373272.0	73.14845523640312	70.58219334347018
8398726.5	227.61883408071748	205.3993957541616
8413923.0	162.79963551685734	170.65310110061776
8434058.0	118.25150528082125	89.20392024658406
8464451.0	96.60277037475734	90.34035309080642
8494844.0	104.33738031783635	86.35791700762033
8525237.0	98.46744316125424	81.25281860368496
8555630.0	94.41591813904517	75.22602994893062
8586023.0	88.05103148751357	88.44722508019794
8616416.0	104.7330964366795	87.14828008823456
8646809.0	89.60612641068667	73.87241867867313
8677202.0	73.38225907281281	68.40602507172821
8707595.0	66.31270358306189	63.21491612769219
8737988.0	68.82186687724148	59.0211585276833
8768381.0	80.92212022505183	73.61760258161165
8798774.0	84.94643503438292	80.57335972988069
8829167.0	58.61672095548317	60.896769023309986
8859560.0	68.1913269502846	55.64060015860663
8889953.0	68.85894778402921	59.880177352655494
8920346.0	62.50567564899812	59.76458218804406
8950739.0	61.04895864179252	55.449387318609276
8981132.0	58.630309610765636	53.05094988452931
9011525.0	83.38285131444741	62.31719503496311
9041918.0	70.35008061066694	61.76519405397765
9072311.0	89.8624683315237	78.02790861238641
9102704.0	78.90678774717863	70.52375980851444
9133097.0	68.86075741124601	62.14825754464789
9163490.0	81.65705919126114	75.27767415970256
9193883.0	85.9427828776363	78.39995318973098
9224276.0	98.99466982528872	84.92778803820002
9254669.0	89.46500839008982	80.73386075759029
9285062.0	118.60648833613003	96.89031969502298
9315455.0	117.25486131675056	109.35093771302917
9332033.5	156.59623733719246	156.5129604912533
9347230.0	162.3395707408882	150.35014340890135
9376241.0	122.19155726647584	104.6912121100309
9406634.0	114.78258151548054	90.96589108326177
9437027.0	122.73378738525318	100.51059394550664
9467420.0	98.14773138551641	80.06238272843564
9497813.0	67.42184055539104	65.1368755431411
9528206.0	100.96887441187116	76.2600392776546
9558599.0	72.6667982759188	63.16719294955917
9588992.0	84.53782120883098	72.08952591501897
9619385.0	76.08840851511862	74.47020944572581
9649778.0	79.73115520021058	63.153722686046336
9680171.0	82.55861547066759	70.93088958016875
9710564.0	56.470108248609876	53.26393792435882
9740957.0	64.83236271509887	59.9910158991811
9771350.0	79.2852630539927	62.06653682078614
9801743.0	68.89846346198138	62.54537470468903
9832136.0	92.28993518244333	75.9146406959609
9862529.0	94.51775079788109	88.43446383680914
9892922.0	81.64574079557794	81.2750966279686
9923315.0	97.79366959497253	76.28261107148639
9953708.0	69.37561280558023	65.40133346583741
9984101.0	107.25088013687362	79.00355003816334
1.0014494E7	110.85901358865529	93.90164343162655
1.0044887E7	126.5352219261014	108.36843208707153
1.007528E7	102.89369262659164	92.94771343235664
1.01041125E7	140.38193018480493	168.4584993020328
1.0119309E7	158.4991989746876	152.38495642263453
1.0136066E7	134.93041160793604	128.3954609790639
1.0166459E7	101.75612805580232	93.4080665167757
1.0196852E7	101.14319086631791	86.94847711805205
1.0227245E7	88.58862238015332	88.3879760517913
1.0257638E7	70.62060342842102	65.78660156406667
1.0288031E7	93.68723061231205	80.03541109154192
1.0318424E7	101.18181818181819	81.93060794845644
1.0348817E7	89.41779357088804	72.35691521671947
1.037921E7	77.06968709900306	63.949735602099686
1.0409603E7	75.58743789688415	66.65826395570167
1.0439996E7	69.38436482084691	63.92126208485389
1.0470389E7	69.274471095318	66.29919650129258
1.0500782E7	63.695818116013555	56.13058596594611
1.0531175E7	62.17875826670615	55.243026037431925
1.0561568E7	65.67193103675189	60.714592462604685
1.0591961E7	71.47221399664396	58.24831742131024
1.0622354E7	69.75961570098377	58.84452970337111
1.0652747E7	62.06764715559504	51.29191611457215
1.068314E7	73.48211759286679	58.21582704901722
1.0713533E7	70.6500509985852	69.48941121719534
1.0743926E7	72.00964037771855	64.20993052353352
1.0774319E7	60.0359293258316	54.750033334239646
1.0804712E7	67.09837791596749	57.46320508640027
1.0835105E7	79.32132398907643	86.75395974329955
1.0865498E7	63.0996940084888	54.716831914851795
1.0895891E7	72.8914223669924	61.60946374088463
1.0926284E7	76.16727535945778	74.0455632351059
1.0956677E7	80.32530516895338	68.6993095819611
1.098707E7	75.59776922317639	66.51535909169819
1.1017463E7	67.52278485177509	62.388594488668964
1.1047856E7	104.34790905800678	76.33319001417149
1.1078249E7	85.81436514987004	80.98966253033905
1.1108642E7	80.00638304872832	78.73396479611604
1.1139035E7	101.78531240746224	89.36958788594526
1.1169428E7	117.58444378639818	93.83580478754197
1.1196832E7	169.31419209502354	160.0889724207227
1.12120285E7	253.64319170291068	213.58284375750077
1.1230214E7	114.61537196064883	99.56026254980092
1.1260607E7	97.90981475997762	87.45550565300317
1.1291E7	97.20751488829664	83.2975303604078
1.1321393E7	107.93231994209192	86.93183563186996
1.1351786E7	97.82778929358734	83.13140395044277
1.1382179E7	78.78198927384595	70.92470344698806
1.1412572E7	73.8820452077781	67.363536013727
1.1442965E7	73.56529464021321	68.18189931887383
1.1473358E7	67.07399730201033	58.70984543814079
1.1503751E7	76.79169545619057	66.20000598404579
1.1534144E7	58.501760273747244	58.821333414274996
1.1564537E7	80.16016845984272	66.39513055661025
1.159493E7	78.24377323725858	64.64105757552711
1.1625323E7	59.27848517750798	55.07651673822093
1.1655716E7	59.88464449050768	59.8933587668452
1.1686109E7	75.34244727404337	63.80335514320047
1.1716502E7	67.94465830947915	59.21989602004338
1.1746895E7	53.58158128516435	48.41395255326059
1.1777288E7	61.45625637482315	58.91432290615142
1.1807681E7	64.70042443983812	57.15418182526243
1.1838074E7	68.91494752081071	66.22845291504763
1.1868467E7	76.68515776659099	70.81464895507014
1.189886E7	83.71279570953838	76.6814564749355
1.1929253E7	76.3698219984865	66.05074228234753
1.1959646E7	73.42388049879906	64.1584998142165
1.1990039E7	69.9136314282894	72.46066510889587
1.2020432E7	89.50814332247558	89.85746142166009
1.2050825E7	105.54443457375054	100.77745114833274
1.2081218E7	88.27970256309018	77.31553233869195
1.2111611E7	111.76787418155496	90.56514199491768
1.21419565E7	142.34593042445047	247.23772982532049
