# Position (bp)	A	C	G	T	N
0.0	22.66040776398831	25.83549693519538	36.49106417300892	15.012907336219602	1.2379158778391602E-4
1.0	21.497161504926197	22.638434407860007	14.051040188105505	41.81154255140685	0.0018213477014386592
2.0	28.346299938359167	24.20539004453561	15.66767851196054	31.78026435257199	3.6715257269926896E-4
3.0	19.171699839357604	27.528803441779598	12.577584207183165	40.72183121492045	8.129675918599181E-5
4.0	38.1007794874566	12.203004471583156	12.056293314240168	37.639747105629326	1.7562109074206666E-4
5.0	40.90260690689214	12.824475813214445	27.052301814657227	19.22061546523619	0.0
6.0	32.625977304436674	16.71561221795963	23.834654095190242	26.823756382413457	0.0
7.0	38.20232035422703	17.277276327735027	21.84542011938334	22.674983198654605	0.0
8.0	17.206702044432213	35.82941440956923	23.968781337749874	22.99510220824868	0.0
9.0	28.494658908176717	22.47767115229355	14.671190408983941	34.35647953054579	0.0
10.0	25.07665770925537	17.157689383985574	31.740684604617154	26.0249683021419	0.0
11.0	25.428599988015637	21.194103694417887	20.491387963989645	32.88589509654039	1.3257036437229787E-5
12.0	22.340502328552827	23.234136700806083	26.13820381474387	28.28715715589722	0.0
13.0	21.177530453339692	30.0691447958246	20.359850420331842	28.39347433050387	0.0
14.0	30.048395546410493	23.380503343137626	22.526414784705302	24.04468632574658	0.0
15.0	30.120046848062167	21.9225669507167	21.428477768412595	26.52890843280854	0.0
16.0	29.154181150388524	21.385994614127764	20.650310667580655	28.809513567903057	0.0
17.0	29.107289952858416	21.271447411971117	21.00807089213647	28.61289191824899	2.998247850028164E-4
18.0	28.645807271436542	21.24712910268139	21.744866112305616	28.361963565744475	2.3394783197294835E-4
19.0	28.385525906049867	21.946526181944613	21.570174132476907	28.097760820639778	1.2958888832301743E-5
20.0	28.24905807318135	22.023846513504537	21.570334088649062	28.15676132466505	0.0
21.0	27.94196409595194	22.236924983287114	21.800483546661482	28.020112140576316	5.152335231539505E-4
22.0	28.150921066470037	22.16101940319418	21.514485972727375	28.172854430905602	7.191267028053517E-4
23.0	28.238343826179175	22.197432096919435	21.7258877270189	27.838310746126727	2.560375576372547E-5
24.0	27.91189395829518	22.25080192986408	21.662807236288387	28.17397363506017	5.232404921778737E-4
25.0	28.1360164502996	22.327643614155754	21.45493308638379	28.080821700860742	5.851483001123866E-4
26.0	28.387398694408155	21.977948691485683	21.71772798568203	27.91672176683317	2.028615909597775E-4
27.0	28.176732118513893	22.201338353549154	21.73993037811849	27.881860148675624	1.3900114284212353E-4
28.0	28.33744563370165	22.023619501836777	21.72509835582285	27.91382391546657	1.2593172158360148E-5
29.0	27.953583334034015	21.612573416272287	21.584876621257056	27.244585540114485	1.6043810883221554
30.0	27.956059100517315	22.19873822644845	21.854714943728165	27.988997366692075	0.0014903626139908229
31.0	28.11561419776788	22.403855991166978	21.398497196031645	28.081182131746363	8.504832871279104E-4
32.0	28.408771343529715	22.101524459755325	21.505645279671683	27.982997011046944	0.0010619059963333012
33.0	28.024756542075725	22.050024477758935	21.7499894239609	28.17468047570837	5.490804960742616E-4
34.0	28.181423537519862	22.1162314275769	21.55395964010616	28.148148517547366	2.3687724971051106E-4
35.0	28.28205668692253	21.8199913415305	21.828642331788412	28.069197451124083	1.1218863446861169E-4
36.0	28.104198168270965	22.148093616377096	21.879027344537473	27.868443554912275	2.37315902188877E-4
37.0	28.12834441956213	22.247899056879174	21.570092510620288	28.053413112865766	2.50900072648116E-4
38.0	28.230802664340192	22.197557078360088	21.75595637991387	27.81501520596657	6.686714192803203E-4
39.0	28.082436782175495	22.16766889672749	21.66772419641178	28.08201774897651	1.5237570872164274E-4
40.0	28.132323570127944	21.944254640665132	21.68289835077945	28.23948833870712	0.0010350997203569484
41.0	28.200963591346138	22.067254942346256	21.757753228149294	27.97402823815831	0.0
42.0	27.846073347868465	22.26239684789013	21.84851426682853	28.042523990404483	4.915470083866974E-4
43.0	28.021096923410887	22.400638524594857	21.595181861861924	27.982484040789362	5.98649342969332E-4
44.0	28.176949021688547	22.181807515948154	21.757435641057	27.883362616463625	4.452048426763934E-4
45.0	27.878833711829216	22.238048328810134	21.835789131966234	28.047328827394413	0.0
46.0	28.07406178939131	22.173264668143215	21.622614810634488	28.130058731830985	0.0
47.0	28.192718116835213	22.09897043019609	21.821133704555923	27.886937659067527	2.400893452483451E-4
48.0	27.84725616950133	22.157991956810204	21.864351907405336	28.130399966283136	0.0
49.0	28.027237949998664	22.284409446011505	21.676146009154944	28.011585352842495	6.21241992393297E-4
50.0	28.168373454241973	22.08709785973063	21.815153947805843	27.929211710448005	1.63027773547358E-4
51.0	27.807249411720985	22.332279003275563	21.854223750405758	28.00624783459769	0.0
52.0	28.106962861597694	22.16460149936873	21.684977650377384	28.043457988656193	0.0
53.0	28.03437927813895	22.044794974363775	21.899682433474098	28.021143314023178	0.0
54.0	27.94727217058211	22.042854638901925	21.936371169839955	28.073502020676017	0.0
55.0	27.981922574993845	22.30729003562883	21.791329500382812	27.919457888994515	0.0
56.0	28.234375876721103	22.033644541776663	21.798821462958134	27.9327383418569	4.197766871979444E-4
57.0	27.94174524231544	22.31062158383548	21.889382463702855	27.8582226022411	2.810790512345273E-5
58.0	27.976133682542354	22.231305621312966	21.770287047330093	28.02216073363252	1.1291518206726244E-4
59.0	28.107581293027057	22.049848281738072	21.95347873513836	27.88852481041063	5.668796858806285E-4
60.0	27.72204173027034	22.1908228341926	22.077662702007906	28.009415833399835	5.690012931976891E-5
61.0	28.011796778940873	22.141615880055326	21.841871256136542	28.00471608486726	0.0
62.0	28.256136460075577	22.064017645817945	21.69376136643385	27.985798106786586	2.8642088604014676E-4
63.0	27.824819401148343	22.264029373812907	21.838687048933757	28.071746032110806	7.181439941905024E-4
64.0	27.983041261855927	22.157050219933904	21.699266829375848	28.160555279285028	8.640954929211137E-5
65.0	28.191560469233035	21.91687221862432	21.947492073629707	27.942761515360885	0.0013137231520462755
66.0	27.90135931004989	22.070168616019938	22.00111515622893	28.02735691770124	0.0
67.0	28.107842527502335	22.290965072784545	21.643965578606277	27.957023854518187	2.0296658865500856E-4
68.0	28.14360021250954	22.118667231732125	22.06675983081731	27.670972724941027	0.0
69.0	27.883548245235673	22.189952745518404	22.033160330209654	27.893018635137885	3.2004389838489843E-4
70.0	28.030121605164872	22.181988218225044	21.866132349770716	27.921495621165242	2.622056741307882E-4
71.0	28.256734457782407	21.993569854038252	22.04613346782462	27.703562220354723	0.0
72.0	27.751164950850978	22.20488799815599	22.12569425903053	27.9182527919625	0.0
73.0	28.032851899866706	22.129019299943398	21.575357423265835	28.262712947577924	5.842934613909836E-5
74.0	28.23634063691572	21.89037553347639	21.86822102830808	28.005062801299808	0.0
75.0	27.99085768208009	22.02920344112941	21.84991765804182	28.128939598990936	0.0010816197577434839
76.0	27.806040984597267	22.27470024753629	21.422214895175244	28.49651772836016	5.261443310359826E-4
77.0	27.179618438120485	22.21379754567258	22.027178785709975	28.579405230496956	0.0
78.0	26.622557223505318	22.658342929166615	21.596326179199796	29.122525468560635	2.481995676363532E-4
79.0	26.09939523087511	23.21710683515439	21.160734265397632	29.522603205926966	1.604626459006608E-4
80.0	26.809669600045225	22.589564795727163	20.885270686205427	29.715407493666106	8.742435607590531E-5
81.0	27.038472988415936	22.33557378609162	20.52614409612034	30.099736377951196	7.275142090800175E-5
82.0	27.479422699629087	22.95347704154042	19.91627883734585	29.650559947193816	2.61474290830881E-4
83.0	28.082628556315846	23.185883077579795	19.640282428925882	29.090973943646453	2.319935320203273E-4
84.0	27.25811058884885	23.811633080743107	19.376389726177457	29.55320095379026	6.656504403277663E-4
85.0	26.925219805404954	23.79582510534283	19.344680811734047	29.933609972887705	6.643046304632196E-4
86.0	27.079646680615205	24.13221645162833	19.62571747471948	29.161900788681976	5.186043550088825E-4
87.0	26.644919941918054	24.392879588012452	20.116089175843864	28.84586703510521	2.4425912042003373E-4
88.0	26.335921005675093	25.00728136527784	20.000753565791666	28.655628599225775	4.1546402962573713E-4
89.0	26.349793400645087	25.760756033395204	19.863713258888826	28.025137516312164	5.997907587096045E-4
90.0	26.26031203199896	25.611450204831833	20.59012458397536	27.537117053836873	9.961253569686368E-4
91.0	26.37065586156433	25.637954117635214	20.969881660991003	27.021238978955825	2.693808536282269E-4
92.0	26.896859941752716	26.20248168740623	20.761408525284615	26.13621392639661	0.003035919159827023
93.0	26.659736027292453	25.732114991991047	21.226852538671267	26.380537099708825	7.593423364148102E-4
94.0	26.71154078218266	25.86042864010487	21.131847416061223	26.296015170702603	1.6799094864768688E-4
95.0	27.351059717146764	25.495185485689408	21.466292546651886	25.68704416665714	4.1808385480003466E-4
96.0	27.110896907913016	25.05152183464484	22.47324506330301	25.364322320875004	1.3873264125167918E-5
97.0	27.117480915556214	24.622436277599693	22.502998071706557	25.756836190332848	2.4854480468865963E-4
98.0	27.202561725757167	24.302358719104145	22.351947635441054	26.14212884093287	0.0010030787647675866
99.0	26.903848966641924	23.919351729964035	23.495086440105695	25.68154882734807	1.6403594027451416E-4
100.0	26.48214299793618	23.885393610950327	23.966222574091177	25.666145660153493	9.515686881701252E-5
101.0	25.899834422655598	23.803124983530775	24.73433369814492	25.56259879000028	1.0810566842613147E-4
102.0	25.265328937507757	23.341600128501078	26.347743683328652	25.045219808290575	1.0744237194077991E-4
103.0	24.750986450956137	22.976515907143142	27.257358691225868	25.014151265111757	9.876855630935539E-4
104.0	24.355907002878553	22.502761360243337	28.22052467635346	24.920607991370574	1.989691540773356E-4
105.0	23.62449111315919	22.57580948948306	29.058751983572716	24.740472819665175	4.745941198579539E-4
106.0	23.185159213018906	23.014406778106476	29.33270545912515	24.467099627337266	6.289224122004659E-4
107.0	22.906438583838177	22.467387994760514	30.247737417195342	24.37667787441848	0.0017581297874850854
108.0	22.671994656476695	22.095973717321403	30.631022466615924	24.60037487508479	6.342845011934905E-4
109.0	22.683431363416705	22.11008532193992	30.923323474572477	24.28198903716772	0.001170802903179489
110.0	22.519625318383607	21.5519028091404	31.337615825402594	24.590843261224986	1.2785848418396942E-5
111.0	23.083540568034806	21.138536609657223	31.66589006584423	24.111308663003346	7.240934603943744E-4
112.0	23.738173243407893	20.57980277033258	32.01647059684711	23.665465044091256	8.834532116237706E-5
113.0	23.922581393125387	20.04344530040193	32.98363542785704	23.05028769054841	5.0188067234946155E-5
114.0	23.369075918770303	19.66659072491399	34.280694207542815	22.683489263734717	1.4988503817571922E-4
115.0	22.913607620023903	19.453642012641208	35.21640973583299	22.41627830797098	6.23235309221938E-5
116.0	22.677535581038853	19.080806178187984	36.232069239465616	22.008978173372665	6.10827934881753E-4
117.0	22.267532348918394	18.792642266491754	37.16857222069307	21.771253163896777	0.0
118.0	22.102291242801343	18.523180658339015	37.95191189205237	21.42256624539621	4.9961411055136284E-5
119.0	21.861739605025672	18.149888687234572	38.95924283562784	21.029128872111915	0.0
120.0	21.413501805949085	17.93355204124392	39.875060299506224	20.777685533113992	2.0032018677854218E-4
121.0	21.17162928639162	17.702297010510502	40.630238675679095	20.495835027418778	0.0
122.0	21.01355485006332	17.366572591710494	41.42601604729092	20.190696901568728	0.0031596093665423805
123.0	20.637817021388397	17.203696536587437	42.15509113764927	20.000591146743844	0.0028041576310476332
124.0	20.394386468676228	16.903204252226658	42.84398709366371	19.8583461405578	7.604487560199024E-5
125.0	20.061032178522492	16.72893055977995	43.608927141835544	19.600754083985812	3.5603587620937756E-4
126.0	19.703264556785523	16.523453242072385	44.355228315881824	19.417773228876428	2.8065638384199964E-4
127.0	19.508694043087072	16.34128949993832	44.99661902590067	19.151823396955024	0.0015740341189171261
128.0	19.31132230364202	16.10963007046393	45.691797744861546	18.88649249423263	7.573867998777399E-4
129.0	19.060140839811133	15.920821707203073	46.355303124923545	18.660824308194282	0.002910019867967506
130.0	18.89137789303682	15.641141710292402	47.07797872773215	18.38833932050402	0.0011623484346072457
131.0	18.694676609110672	15.358410010393165	47.784512384679985	18.160263550850527	0.0021374449656499637
132.0	18.313853173819496	15.215182571277117	48.54053414961178	17.929065887806754	0.0013642174848506896
133.0	18.05405536419564	15.034204363006044	49.13916706769502	17.771661036632555	9.121684707404371E-4
134.0	17.852972171260657	14.74050249170358	49.86802708231961	17.53781862196356	6.796327526002161E-4
135.0	17.45983497506275	14.560259006573473	50.61127386406087	17.36809474187819	5.374124247131069E-4
136.0	17.27151473136186	14.31919578453846	51.13511951777778	17.27381505867872	3.549076431727008E-4
137.0	17.06450901113108	14.110065951308812	51.80730101577722	17.017240874784783	8.831469981042657E-4
138.0	16.749219659776024	13.923170140668079	52.471389067055796	16.855837851533078	3.8328096702052307E-4
139.0	16.52213875686473	13.833426669765808	52.92636881875832	16.71609124513098	0.0019745094801633355
140.0	16.43670644057816	13.586369744580857	53.58901909471945	16.387280249426883	6.244706946532287E-4
141.0	16.154491544774235	13.356016839845882	54.11585613607013	16.37246315917363	0.0011723201361170251
142.0	15.919418956936019	13.160890937684744	54.815663136928364	16.10303854555441	9.88422896469113E-4
143.0	15.779220153089513	12.896337004774605	55.376895472400975	15.946248321281201	0.001299048453703788
144.0	15.43676285228707	12.71745425331973	56.006797566550674	15.837615717009399	0.001369610833138298
145.0	15.162633304000439	12.597840639449906	56.51450093330303	15.722911323825455	0.0021137994211690146
146.0	14.868427945074986	12.326415233931378	57.28374234039922	15.519213872632593	0.002200607961826607
147.0	14.683588791605834	12.270025278671906	57.57309586833429	15.471015630753767	0.0022744306341979056
148.0	14.51008831434093	12.049495686137107	58.11288699485433	15.324758571706	0.0027704329616335776
149.0	14.313130756381778	11.826041477611	58.730757694767966	15.129331514660555	7.385565786995632E-4
150.0	14.019303533522349	11.69333394332642	58.79237030537161	15.49348097364239	0.0015112441372314089
