# Position (bp)	A	C	G	T	N
0.0	23.77713093773383	24.92841487187133	37.09767764607198	14.196637205873952	1.393384489122544E-4
1.0	21.813970258993272	21.675383285545916	14.2655305649158	42.243385716094984	0.0017301744500294474
2.0	29.287573650581166	22.985853315942613	15.24345408340675	32.48287843032693	2.4051974254766755E-4
3.0	19.314011781289494	26.346338974385127	12.100444510455013	42.23913628973225	6.844413811890184E-5
4.0	38.79382434792099	11.403095329040708	11.211632380224817	38.59131152460984	1.364182036450944E-4
5.0	42.090014401325085	12.270466132407877	25.863365558394726	19.776153907872317	0.0
6.0	33.311256280351	15.935576131429194	22.771926530188903	27.981241058030903	0.0
7.0	38.99528475797085	16.65214098617599	21.11795134173018	23.234622914122983	0.0
8.0	17.10262484639849	35.24170400218066	23.573818182308273	24.081852969112578	0.0
9.0	29.187812057248696	21.14982544448577	14.308579745378418	35.35378275288711	0.0
10.0	25.640241430898143	16.626278556693986	30.985206361244565	26.748273651163306	0.0
11.0	26.156172896617214	20.36319231677472	19.5129111999495	33.967723586658565	0.0
12.0	23.01280076468208	22.4430526668121	25.650354448128343	28.893792120377476	0.0
13.0	21.79850818386778	29.263300798444753	19.66147377034427	29.276717247343193	0.0
14.0	30.875879225106463	22.61170128050737	21.918386983875866	24.594032510510306	0.0
15.0	30.996456025499448	20.878714199172357	20.964548700350104	27.160281074978087	0.0
16.0	29.952140322559938	20.45982285237885	20.04975220990193	29.538284615159284	0.0
17.0	29.990317120060165	20.372995953927735	20.30359815293569	29.332859087683055	2.2968539335428283E-4
18.0	29.516497326194465	20.328772267130002	21.015205480213776	29.139295962748257	2.2896371350359293E-4
19.0	29.140625560469392	21.043387749272327	20.892831404938196	28.92312267619201	3.2609128077567987E-5
20.0	28.96562396072647	21.100743254291928	20.889011845320667	29.044620939660938	0.0
21.0	28.709278056495418	21.264340994827517	21.147700903563695	28.878193909695483	4.8613541788200516E-4
22.0	28.908376064289154	21.300386638282394	20.770103849873074	29.02032572991021	8.077176451735155E-4
23.0	28.9984813029551	21.27335419461547	20.949612434311923	28.778455438400975	9.662971653672654E-5
24.0	28.715583868863952	21.31066684520363	20.958024225154382	29.0152112853345	5.137754435246794E-4
25.0	28.917298619386965	21.423813406136336	20.75429723048341	28.90395054875935	6.401952339385419E-4
26.0	29.16161582963967	21.12468247133268	20.976978393851375	28.736468037814028	2.552673622489565E-4
27.0	28.918941955641724	21.23425998722734	21.09063117801067	28.756071465828047	9.541329221656527E-5
28.0	29.011498829069502	21.26240507982234	20.92719690524402	28.7988674876916	3.16981725369569E-5
29.0	28.68917485661858	20.826947398219172	20.75314383890351	28.147211561883623	1.5835223443751167
30.0	28.75444247683861	21.262213364319184	21.11220049031519	28.86941032649546	0.0017333420315588006
31.0	28.967659145486525	21.382426807713557	20.8202642648195	28.828549228842416	0.0011005531380071623
32.0	29.16731508719792	21.20589276212086	20.856216303049166	28.769320840152208	0.00125500747984458
33.0	28.85658158654933	21.136310834767897	21.12813868482867	28.878217431790727	7.51462063377058E-4
34.0	28.953308876375704	21.379047428582144	20.870919760763456	28.796411451855835	3.124824228637139E-4
35.0	28.99487455355945	21.103634118136767	21.096519776310117	28.804784332471918	1.8721952175397233E-4
36.0	28.878001374159744	21.261613380810353	21.139853969796555	28.720250579869838	2.8069536350517395E-4
37.0	28.908846124078423	21.36001168431381	20.925157975418003	28.805609718952308	3.7449723745871166E-4
38.0	28.942571473207312	21.282330885799094	21.11801281049836	28.656334947664426	7.498828308076863E-4
39.0	28.872877445190966	21.199940556733125	21.092504673335785	28.834333179510846	3.4414522928675903E-4
40.0	28.884241461527132	21.080385872238566	21.02684124283696	29.00709019873235	0.0014412246649935928
41.0	28.994780308299706	21.23595974465332	21.014302463517534	28.754957483529438	0.0
42.0	28.727020118236112	21.3402166153908	21.142842241257966	28.789324063461425	5.969616536968893E-4
43.0	28.73964483262752	21.45306213383631	20.941494995723566	28.865074285325885	7.237524867191419E-4
44.0	29.00527560040329	21.30505476204959	21.021624004974615	28.667509846642307	5.357859301984393E-4
45.0	28.710895327327023	21.276351261766916	21.15822437164197	28.854529039264094	0.0
46.0	28.81956358325841	21.34046938154003	20.957788044315265	28.8821789908863	0.0
47.0	28.960295977514022	21.25282278606133	21.086877181243775	28.699750606376266	2.534488046087131E-4
48.0	28.686086792315102	21.226873340728154	21.16711178394436	28.919928083012387	0.0
49.0	28.788974177024595	21.45468198801049	21.00440768407104	28.75133209724882	6.04053645050448E-4
50.0	28.929991165374382	21.199852989791452	21.121984714250498	28.747980042790928	1.9108779273853646E-4
51.0	28.672934006020245	21.369441186518152	21.25081616502753	28.706808642434073	0.0
52.0	28.87055136299549	21.36316797831013	21.019568285208507	28.74671237348587	0.0
53.0	28.85709121677279	21.23591857364728	21.141037391055384	28.765952818524543	0.0
54.0	28.742829373117345	21.24872941312902	21.24731987458951	28.761121339164124	0.0
55.0	28.760567310822882	21.44236675685602	21.116402006084975	28.68066392623612	0.0
56.0	28.951957449118463	21.192376739373923	21.147182969882707	28.70809739369748	3.854479274304339E-4
57.0	28.69848074548426	21.445699348238428	21.249910339763247	28.605909566514065	0.0
58.0	28.737856760501597	21.371779436706998	21.10815655945896	28.78207841113832	1.288321941346567E-4
59.0	28.907891422834798	21.27049382544851	21.25365985643398	28.56737441359256	5.804816901562882E-4
60.0	28.56796527852876	21.38469459728613	21.352833224922886	28.694410056185127	9.684307709193153E-5
61.0	28.75018336606458	21.330142279141633	21.19223807409734	28.727436280696452	0.0
62.0	28.930064416310863	21.26773162608657	21.03439309667233	28.76748745340506	3.2340752517565877E-4
63.0	28.568552413561164	21.454056869224477	21.208704881371666	28.76807083745625	6.14998386438444E-4
64.0	28.808104589475814	21.363305508414044	21.014686879766092	28.813741054945496	1.6196739855414943E-4
65.0	28.956476609698957	21.170742017351266	21.226141847553542	28.645472530728426	0.0011669946678068636
66.0	28.60801458435717	21.259879555786952	21.290858339375006	28.841247520480866	0.0
67.0	28.798198453183282	21.465360211989452	20.995823309232215	28.74035836188552	2.59663709529788E-4
68.0	28.83838462567696	21.395376479436948	21.2942142340313	28.47202466085479	0.0
69.0	28.668612164353718	21.45744659764818	21.310380749775877	28.563040591278792	5.19896943428389E-4
70.0	28.773368731095534	21.404746845111607	21.155970089584333	28.66562180862716	2.925255813620901E-4
71.0	29.008329003777277	21.24790051753096	21.32726306816076	28.416507410531	0.0
72.0	28.612551422729393	21.377642930714245	21.365121624166317	28.64468402239005	0.0
73.0	28.756131096413572	21.37767228628947	20.94397822974888	28.922088276078323	1.3011146974892064E-4
74.0	28.99783437049539	21.19659081704123	21.156576932548628	28.648997879914756	0.0
75.0	28.62659869013961	21.294666532188533	21.20470716844362	28.872986488201168	0.001041121027065893
76.0	28.616144208836946	21.46894842680293	20.8986927519814	29.015303660821502	9.109515572228861E-4
77.0	28.25616269916139	21.47638038605919	21.28914102805988	28.978315886719535	0.0
78.0	27.80905445415903	21.77935431452797	21.040770120711095	29.370495857742206	3.2525285970445573E-4
79.0	27.56853440693689	22.161964611271213	20.784041874180417	29.485068927026152	3.9018058532940507E-4
80.0	27.981093719424866	21.70591443741106	20.666823124665605	29.646006192876307	1.6252562216433422E-4
81.0	27.99107496844522	21.55877378957672	20.52529777186184	29.924690984106267	1.6248600995454293E-4
82.0	28.346480988516586	21.970355415417835	20.088889581782443	29.59381930288846	4.54711394677798E-4
83.0	28.69852257109116	22.100861449408594	19.941752022805783	29.258539346924096	3.246097703645562E-4
84.0	28.053873984988652	22.509108379579455	19.781444306285504	29.65498940667313	5.839224732620277E-4
85.0	27.917955554719804	22.523867866995506	19.763504915255172	29.793958390948966	7.132720805530582E-4
86.0	28.125130608977216	22.67802752824151	19.90900381434912	29.28754645629698	2.9159213517693E-4
87.0	27.722209703487287	22.826661279293837	20.29433704233232	29.15653296657757	2.590083089865523E-4
88.0	27.59432665227324	23.258053600739643	20.07737383161244	29.069760671008847	4.8524436582766836E-4
89.0	27.59977580866938	23.665373105961436	19.988842150038817	28.745588738199736	4.2019713063540915E-4
90.0	27.40913891986129	23.59690174800595	20.602852647034414	28.390105665673076	0.0010010194252663117
91.0	27.522160977131428	23.650816743985594	20.68623462909336	28.140400544399213	3.8710539041030267E-4
92.0	28.146561320294232	23.774716935053338	20.527335424752874	27.547971143694184	0.0034151762053719436
93.0	27.87748546159009	23.512423205599532	20.8468925415721	27.762233532198145	9.652590401335404E-4
94.0	27.621492250733287	23.9571977397209	20.41271588528187	28.008272824568113	3.2129969582557797E-4
95.0	27.993999007962607	23.707800712136546	20.449638060355145	27.848209295505868	3.529240398380656E-4
96.0	27.585492028754484	23.51442930816542	21.264793385252034	27.635221193852423	6.408397564168086E-5
97.0	27.548631484104558	23.346343963783113	21.299401387281534	27.8053671970213	2.559678094882788E-4
98.0	27.771538912997705	23.02914261597606	21.192765160361542	28.00524341529977	0.0013098953649192768
99.0	27.38707833047456	22.98896563342318	21.897653250837212	27.726175161316668	1.2762394837866536E-4
100.0	27.271172127134225	22.947438772223848	22.082042241519094	27.699283147385316	6.371173751783531E-5
101.0	26.963389329241632	22.864361638695215	22.52488810093574	27.647074723929304	2.862071981110325E-4
102.0	26.514329757917388	22.647877559066742	23.45536983793966	27.38226412111527	1.587239609373983E-4
103.0	26.23317547199947	22.623523535958665	23.862023025106545	27.28010541553954	0.001172551395779829
104.0	26.11375247133254	22.32148675365757	24.364096480822457	27.20037959667853	2.8469750889679714E-4
105.0	25.613008727699626	22.39338082874151	24.8988725445155	27.094295846314687	4.4205272868098097E-4
106.0	25.38165688867592	22.55257574658979	25.051149242297665	27.013672373734664	9.457487019599065E-4
107.0	25.272146004029505	22.275069773561302	25.5948969220944	26.85574695874775	0.002140341567038488
108.0	25.013640352310812	22.083290379842953	25.992979932967415	26.9092721709155	8.171639633206527E-4
109.0	24.952192372745728	22.150166471586864	26.08328913965099	26.81287714993112	0.001474866085297468
110.0	24.92469089030049	21.8686749513738	26.295844704515346	26.91075811744931	3.133636105253823E-5
111.0	25.08457838473121	21.666960797934323	26.623448144657512	26.62429298978801	7.196828889447946E-4
112.0	25.468118685783757	21.31144160276614	26.88868356842249	26.331662405242817	9.373778479491891E-5
113.0	25.614095749411675	21.06626239262121	27.42050294795294	25.89907649635957	6.241365460970089E-5
114.0	25.2313536288518	20.910444712306894	28.149124188550907	25.708952721931226	1.247483591692383E-4
115.0	24.893403213362355	20.88588816720291	28.534182259836278	25.686463963001316	6.239659713917841E-5
116.0	24.930473908461455	20.573380528695115	29.113974674099865	25.381452272810357	7.186159332149595E-4
117.0	24.548171744510665	20.472623593426885	29.661639848412847	25.317564813649607	0.0
118.0	24.549811229374193	20.256957662431194	30.03316189857202	25.1600692096226	0.0
119.0	24.45538444902205	20.081359516834745	30.71870297552267	24.744553058620536	0.0
120.0	24.03388152744116	19.93898149376252	31.265084894422674	24.76189456034887	1.575240247766388E-4
121.0	23.97590060832772	19.792301295456003	31.718506067643414	24.513292028572863	0.0
122.0	23.888744360899874	19.58628167790341	32.19568505263371	24.326246955274097	0.003041953288906028
123.0	23.627265053595075	19.505109932296776	32.62789932423947	24.23670535346679	0.003020336401889141
124.0	23.526297036916297	19.324461700453362	33.04141516568841	24.10769850568307	1.275912588504474E-4
125.0	23.353596547115092	19.21246422844643	33.50428586651238	23.92926936271835	3.8399520773980744E-4
126.0	23.060771813588595	19.08405718944807	33.9312930541913	23.923428542079954	4.4940069207706577E-4
127.0	22.97533487892839	19.099368882019576	34.28306929417826	23.63990855229263	0.00231839258114374
128.0	22.912104451946394	18.812054194912026	34.70681028034123	23.568320497764272	7.105750360778325E-4
129.0	22.688106094257407	18.835864871861414	35.16060292963175	23.31218614964767	0.0032399546017561204
130.0	22.62717218357096	18.598655612059193	35.58802998159299	23.185037282001687	0.0011049407751744507
131.0	22.54176262821359	18.352965721150007	36.07974873151466	23.02389299900412	0.0016299201176150357
132.0	22.272309176823118	18.27441758110964	36.629633347579016	22.82220115707187	0.0014387374163611257
133.0	22.021393871786994	18.292701726604122	36.90251005553957	22.78237755824636	0.0010167878229490324
134.0	21.92400110420853	18.03094218665533	37.439447027109374	22.605083241727236	5.264402995313694E-4
135.0	21.58084222831007	17.937111252141445	37.99340677691455	22.48817770878072	4.6203385322042545E-4
136.0	21.54069303646839	17.754930187264033	38.244112539811894	22.459767725602948	4.965108527342191E-4
137.0	21.36890352001296	17.65212067932917	38.6396684359467	22.338510591113053	7.96773598110053E-4
138.0	21.12660816318649	17.489184580277815	39.17469208431799	22.20928211715212	2.3305506558502482E-4
139.0	20.9992881212411	17.485605490949258	39.44926895527451	22.06373385083669	0.0021035816984385416
140.0	21.011407460393368	17.27936891935879	39.94342483681143	21.765229482042894	5.693013935158581E-4
141.0	20.773400836354096	17.137903714155115	40.239675131077064	21.847542542318973	0.0014777760947550032
142.0	20.635186350341066	16.976722880073723	40.79666572805502	21.590380892202024	0.001044149328174113
143.0	20.568227074642927	16.780496966458262	41.12966452855542	21.520192703623596	0.0014187267197923524
144.0	20.25864858098327	16.717298042806807	41.623937444079345	21.39872691478582	0.0013890173447612196
145.0	20.08914555366334	16.610545787162444	41.914244124806494	21.383312289419283	0.002752244948441278
146.0	19.908115237670028	16.44805409476809	42.46343865771904	21.17865383370085	0.0017381761419987664
147.0	19.707143484785338	16.477256214747314	42.63548981683048	21.17785390134017	0.0022565822967015947
148.0	19.61507919894415	16.262190062366724	42.98547659034458	21.134474515571778	0.002779632772762619
149.0	19.496702969314924	16.0649500701779	43.523500869749746	20.914154853127556	6.9123762987059E-4
150.0	19.219351617129448	16.018567976156714	43.54058178034738	21.22028071188841	0.0012179144780453516
