#Coverage	Number of genomic locations
0.0	17998.0
1.0	3589.0
2.0	6976.0
3.0	13453.0
4.0	27182.0
5.0	43146.0
6.0	66954.0
7.0	103985.0
8.0	146307.0
9.0	195360.0
10.0	255454.0
11.0	313726.0
12.0	373629.0
13.0	424509.0
14.0	471961.0
15.0	507292.0
16.0	544577.0
17.0	565081.0
18.0	575808.0
19.0	571615.0
20.0	565583.0
21.0	551030.0
22.0	529965.0
23.0	497083.0
24.0	466313.0
25.0	435686.0
26.0	400959.0
27.0	367863.0
28.0	334374.0
29.0	304329.0
30.0	273343.0
31.0	246692.0
32.0	222768.0
33.0	199671.0
34.0	175772.0
35.0	157287.0
36.0	139042.0
37.0	122616.0
38.0	108424.0
39.0	93590.0
40.0	82075.0
41.0	71908.0
42.0	63271.0
43.0	54251.0
44.0	47947.0
45.0	41724.0
46.0	36844.0
47.0	31038.0
48.0	27261.0
49.0	23673.0
50.0	21055.0
51.0	18052.0
52.0	16141.0
53.0	13863.0
54.0	12456.0
55.0	10427.0
56.0	9426.0
57.0	8241.0
58.0	7391.0
59.0	6729.0
60.0	5602.0
61.0	5163.0
62.0	4613.0
63.0	4035.0
64.0	3652.0
65.0	3458.0
66.0	2910.0
67.0	2882.0
68.0	2659.0
69.0	2418.0
70.0	2413.0
71.0	2134.0
72.0	1971.0
73.0	1750.0
74.0	1504.0
75.0	1421.0
76.0	1241.0
77.0	1177.0
78.0	1020.0
79.0	992.0
80.0	952.0
81.0	823.0
82.0	898.0
83.0	805.0
84.0	774.0
85.0	734.0
86.0	621.0
87.0	640.0
88.0	597.0
89.0	576.0
90.0	575.0
91.0	471.0
92.0	461.0
93.0	485.0
94.0	474.0
95.0	435.0
96.0	405.0
97.0	408.0
98.0	378.0
99.0	396.0
100.0	388.0
101.0	440.0
102.0	297.0
103.0	249.0
104.0	306.0
105.0	338.0
106.0	322.0
107.0	340.0
108.0	345.0
109.0	284.0
110.0	300.0
111.0	331.0
112.0	317.0
113.0	285.0
114.0	338.0
115.0	243.0
116.0	278.0
117.0	243.0
118.0	244.0
119.0	277.0
120.0	268.0
121.0	249.0
122.0	273.0
123.0	300.0
124.0	286.0
125.0	230.0
126.0	212.0
127.0	255.0
128.0	274.0
129.0	251.0
130.0	230.0
131.0	256.0
132.0	316.0
133.0	264.0
134.0	229.0
135.0	244.0
136.0	262.0
137.0	248.0
138.0	223.0
139.0	203.0
140.0	246.0
141.0	251.0
142.0	207.0
143.0	229.0
144.0	191.0
145.0	275.0
146.0	185.0
147.0	266.0
148.0	271.0
149.0	248.0
150.0	246.0
151.0	230.0
152.0	225.0
153.0	231.0
154.0	227.0
155.0	235.0
156.0	197.0
157.0	239.0
158.0	217.0
159.0	206.0
160.0	236.0
161.0	194.0
162.0	196.0
163.0	217.0
164.0	247.0
165.0	192.0
166.0	209.0
167.0	185.0
168.0	193.0
169.0	246.0
170.0	182.0
171.0	211.0
172.0	209.0
173.0	193.0
174.0	172.0
175.0	222.0
176.0	234.0
177.0	174.0
178.0	212.0
179.0	163.0
180.0	178.0
181.0	202.0
182.0	193.0
183.0	160.0
184.0	170.0
185.0	183.0
186.0	191.0
187.0	166.0
188.0	180.0
189.0	162.0
190.0	174.0
191.0	206.0
192.0	178.0
193.0	141.0
194.0	180.0
195.0	148.0
196.0	185.0
197.0	137.0
198.0	129.0
199.0	153.0
200.0	142.0
201.0	136.0
202.0	138.0
203.0	148.0
204.0	133.0
205.0	131.0
206.0	150.0
207.0	191.0
208.0	116.0
209.0	140.0
210.0	141.0
211.0	123.0
212.0	138.0
213.0	139.0
214.0	95.0
215.0	152.0
216.0	130.0
217.0	144.0
218.0	124.0
219.0	114.0
220.0	115.0
221.0	149.0
222.0	109.0
223.0	123.0
224.0	127.0
225.0	124.0
226.0	121.0
227.0	147.0
228.0	117.0
229.0	133.0
230.0	109.0
231.0	108.0
232.0	116.0
233.0	106.0
234.0	104.0
235.0	107.0
236.0	116.0
237.0	107.0
238.0	101.0
239.0	107.0
240.0	106.0
241.0	134.0
242.0	104.0
243.0	114.0
244.0	118.0
245.0	115.0
246.0	98.0
247.0	96.0
248.0	84.0
249.0	90.0
250.0	100.0
251.0	132.0
252.0	119.0
253.0	127.0
254.0	122.0
255.0	111.0
256.0	121.0
257.0	110.0
258.0	72.0
259.0	99.0
260.0	87.0
261.0	118.0
262.0	92.0
263.0	84.0
264.0	92.0
265.0	84.0
266.0	82.0
267.0	91.0
268.0	75.0
269.0	77.0
270.0	115.0
271.0	100.0
272.0	86.0
273.0	78.0
274.0	97.0
275.0	86.0
276.0	78.0
277.0	106.0
278.0	81.0
279.0	70.0
280.0	66.0
281.0	71.0
282.0	79.0
283.0	66.0
284.0	84.0
285.0	60.0
286.0	60.0
287.0	67.0
288.0	64.0
289.0	72.0
290.0	77.0
291.0	70.0
292.0	74.0
293.0	62.0
294.0	77.0
295.0	82.0
296.0	81.0
297.0	73.0
298.0	81.0
299.0	99.0
300.0	64.0
301.0	83.0
302.0	75.0
303.0	91.0
304.0	92.0
305.0	86.0
306.0	84.0
307.0	82.0
308.0	61.0
309.0	103.0
310.0	83.0
311.0	94.0
312.0	88.0
313.0	77.0
314.0	60.0
315.0	78.0
316.0	67.0
317.0	67.0
318.0	92.0
319.0	72.0
320.0	83.0
321.0	72.0
322.0	64.0
323.0	53.0
324.0	64.0
325.0	53.0
326.0	54.0
327.0	72.0
328.0	65.0
329.0	50.0
330.0	79.0
331.0	63.0
332.0	73.0
333.0	65.0
334.0	66.0
335.0	69.0
336.0	52.0
337.0	73.0
338.0	66.0
339.0	62.0
340.0	57.0
341.0	78.0
342.0	70.0
343.0	79.0
344.0	71.0
345.0	64.0
346.0	65.0
347.0	68.0
348.0	82.0
349.0	91.0
350.0	100.0
351.0	86.0
352.0	110.0
353.0	70.0
354.0	89.0
355.0	82.0
356.0	74.0
357.0	81.0
358.0	83.0
359.0	72.0
360.0	71.0
361.0	73.0
362.0	83.0
363.0	77.0
364.0	80.0
365.0	100.0
366.0	87.0
367.0	71.0
368.0	67.0
369.0	61.0
370.0	90.0
371.0	59.0
372.0	59.0
373.0	53.0
374.0	77.0
375.0	58.0
376.0	70.0
377.0	63.0
378.0	60.0
379.0	76.0
380.0	67.0
381.0	67.0
382.0	68.0
383.0	62.0
384.0	70.0
385.0	71.0
386.0	79.0
387.0	85.0
388.0	56.0
389.0	68.0
390.0	68.0
391.0	90.0
392.0	83.0
393.0	70.0
394.0	88.0
395.0	75.0
396.0	51.0
397.0	61.0
398.0	62.0
399.0	55.0
400.0	65.0
401.0	76.0
402.0	91.0
403.0	80.0
404.0	80.0
405.0	95.0
406.0	121.0
407.0	83.0
408.0	74.0
409.0	90.0
410.0	67.0
411.0	75.0
412.0	73.0
413.0	66.0
414.0	77.0
415.0	78.0
416.0	87.0
417.0	76.0
418.0	77.0
419.0	75.0
420.0	82.0
421.0	65.0
422.0	64.0
423.0	75.0
424.0	68.0
425.0	83.0
426.0	60.0
427.0	67.0
428.0	61.0
429.0	53.0
430.0	70.0
431.0	57.0
432.0	84.0
433.0	60.0
434.0	50.0
435.0	74.0
436.0	62.0
437.0	67.0
438.0	59.0
439.0	84.0
440.0	72.0
441.0	69.0
442.0	61.0
443.0	53.0
444.0	64.0
445.0	41.0
446.0	66.0
447.0	82.0
448.0	67.0
449.0	82.0
450.0	77.0
451.0	67.0
452.0	91.0
453.0	71.0
454.0	112.0
455.0	100.0
456.0	82.0
457.0	86.0
458.0	83.0
459.0	74.0
460.0	66.0
461.0	84.0
462.0	102.0
463.0	83.0
464.0	83.0
465.0	91.0
466.0	70.0
467.0	64.0
468.0	91.0
469.0	67.0
470.0	80.0
471.0	77.0
472.0	92.0
473.0	98.0
474.0	73.0
475.0	82.0
476.0	84.0
477.0	62.0
478.0	86.0
479.0	78.0
480.0	71.0
481.0	91.0
482.0	64.0
483.0	83.0
484.0	85.0
485.0	65.0
486.0	89.0
487.0	91.0
488.0	73.0
489.0	67.0
490.0	81.0
491.0	78.0
492.0	100.0
493.0	77.0
494.0	59.0
495.0	92.0
496.0	107.0
497.0	105.0
498.0	83.0
499.0	98.0
500.0	100.0
501.0	124.0
502.0	96.0
503.0	98.0
504.0	106.0
505.0	93.0
506.0	91.0
507.0	95.0
508.0	121.0
509.0	126.0
510.0	111.0
511.0	98.0
512.0	132.0
513.0	108.0
514.0	115.0
515.0	120.0
516.0	83.0
517.0	78.0
518.0	100.0
519.0	116.0
520.0	100.0
521.0	100.0
522.0	130.0
523.0	126.0
524.0	133.0
525.0	104.0
526.0	102.0
527.0	92.0
528.0	94.0
529.0	99.0
530.0	90.0
531.0	109.0
532.0	96.0
533.0	83.0
534.0	85.0
535.0	116.0
536.0	102.0
537.0	90.0
538.0	87.0
539.0	86.0
540.0	94.0
541.0	105.0
542.0	108.0
543.0	98.0
544.0	93.0
545.0	85.0
546.0	90.0
547.0	70.0
548.0	77.0
549.0	68.0
550.0	87.0
551.0	88.0
552.0	93.0
553.0	90.0
554.0	82.0
555.0	75.0
556.0	98.0
557.0	94.0
558.0	80.0
559.0	65.0
560.0	81.0
561.0	77.0
562.0	90.0
563.0	81.0
564.0	85.0
565.0	69.0
566.0	66.0
567.0	74.0
568.0	76.0
569.0	70.0
570.0	63.0
571.0	67.0
572.0	75.0
573.0	68.0
574.0	84.0
575.0	51.0
576.0	63.0
577.0	58.0
578.0	69.0
579.0	76.0
580.0	64.0
581.0	65.0
582.0	46.0
583.0	55.0
584.0	63.0
585.0	49.0
586.0	55.0
587.0	46.0
588.0	54.0
589.0	48.0
590.0	56.0
591.0	53.0
592.0	57.0
593.0	56.0
594.0	50.0
595.0	39.0
596.0	47.0
597.0	53.0
598.0	33.0
599.0	53.0
600.0	50.0
601.0	54.0
602.0	56.0
603.0	62.0
604.0	57.0
605.0	42.0
606.0	51.0
607.0	43.0
608.0	65.0
609.0	52.0
610.0	54.0
611.0	45.0
612.0	62.0
613.0	47.0
614.0	73.0
615.0	57.0
616.0	55.0
617.0	61.0
618.0	52.0
619.0	58.0
620.0	39.0
621.0	63.0
622.0	57.0
623.0	44.0
624.0	55.0
625.0	40.0
626.0	60.0
627.0	40.0
628.0	67.0
629.0	53.0
630.0	53.0
631.0	54.0
632.0	44.0
633.0	44.0
634.0	44.0
635.0	39.0
636.0	52.0
637.0	52.0
638.0	56.0
639.0	42.0
640.0	50.0
641.0	39.0
642.0	43.0
643.0	49.0
644.0	62.0
645.0	57.0
646.0	47.0
647.0	50.0
648.0	32.0
649.0	47.0
650.0	39.0
651.0	38.0
652.0	42.0
653.0	41.0
654.0	43.0
655.0	46.0
656.0	61.0
657.0	50.0
658.0	47.0
659.0	47.0
660.0	46.0
661.0	45.0
662.0	50.0
663.0	48.0
664.0	44.0
665.0	34.0
666.0	38.0
667.0	47.0
668.0	34.0
669.0	47.0
670.0	43.0
671.0	37.0
672.0	39.0
673.0	32.0
674.0	32.0
675.0	27.0
676.0	27.0
677.0	32.0
678.0	26.0
679.0	22.0
680.0	36.0
681.0	43.0
682.0	21.0
683.0	31.0
684.0	30.0
685.0	30.0
686.0	23.0
687.0	26.0
688.0	21.0
689.0	26.0
690.0	24.0
691.0	29.0
692.0	27.0
693.0	25.0
694.0	28.0
695.0	28.0
696.0	30.0
697.0	31.0
698.0	24.0
699.0	31.0
700.0	29.0
701.0	30.0
702.0	32.0
703.0	24.0
704.0	33.0
705.0	24.0
706.0	25.0
707.0	29.0
708.0	36.0
709.0	30.0
710.0	31.0
711.0	22.0
712.0	23.0
713.0	26.0
714.0	30.0
715.0	29.0
716.0	21.0
717.0	30.0
718.0	29.0
719.0	36.0
720.0	28.0
721.0	35.0
722.0	23.0
723.0	34.0
724.0	27.0
725.0	34.0
726.0	21.0
727.0	29.0
728.0	21.0
729.0	25.0
730.0	27.0
731.0	23.0
732.0	24.0
733.0	24.0
734.0	27.0
735.0	18.0
736.0	33.0
737.0	25.0
738.0	40.0
739.0	27.0
740.0	34.0
741.0	16.0
742.0	17.0
743.0	23.0
744.0	24.0
745.0	22.0
746.0	24.0
747.0	16.0
748.0	18.0
749.0	18.0
750.0	18.0
751.0	23.0
752.0	22.0
753.0	12.0
754.0	14.0
755.0	28.0
756.0	27.0
757.0	17.0
758.0	15.0
759.0	11.0
760.0	16.0
761.0	20.0
762.0	16.0
763.0	17.0
764.0	22.0
765.0	17.0
766.0	24.0
767.0	21.0
768.0	30.0
769.0	14.0
770.0	14.0
771.0	20.0
772.0	14.0
773.0	19.0
774.0	22.0
775.0	23.0
776.0	18.0
777.0	20.0
778.0	22.0
779.0	21.0
780.0	21.0
781.0	20.0
782.0	21.0
783.0	22.0
784.0	21.0
785.0	14.0
786.0	12.0
787.0	13.0
788.0	25.0
789.0	10.0
790.0	10.0
791.0	12.0
792.0	20.0
793.0	17.0
794.0	11.0
795.0	17.0
796.0	16.0
797.0	17.0
798.0	16.0
799.0	10.0
800.0	19.0
801.0	12.0
802.0	17.0
803.0	15.0
804.0	12.0
805.0	12.0
806.0	14.0
807.0	10.0
808.0	8.0
809.0	9.0
810.0	13.0
811.0	10.0
812.0	11.0
813.0	11.0
814.0	13.0
815.0	11.0
816.0	11.0
817.0	11.0
818.0	7.0
819.0	12.0
820.0	10.0
821.0	8.0
822.0	23.0
823.0	12.0
824.0	15.0
825.0	13.0
826.0	10.0
827.0	18.0
828.0	14.0
829.0	4.0
830.0	12.0
831.0	14.0
832.0	13.0
833.0	13.0
834.0	11.0
835.0	16.0
836.0	21.0
837.0	10.0
838.0	11.0
839.0	10.0
840.0	17.0
841.0	5.0
842.0	16.0
843.0	13.0
844.0	6.0
845.0	6.0
846.0	13.0
847.0	18.0
848.0	8.0
849.0	10.0
850.0	14.0
851.0	17.0
852.0	7.0
853.0	8.0
854.0	9.0
855.0	12.0
856.0	13.0
857.0	8.0
858.0	5.0
859.0	10.0
860.0	15.0
861.0	10.0
862.0	11.0
863.0	19.0
864.0	10.0
865.0	5.0
866.0	7.0
867.0	9.0
868.0	9.0
869.0	17.0
870.0	12.0
871.0	7.0
872.0	19.0
873.0	10.0
874.0	11.0
875.0	7.0
876.0	10.0
877.0	9.0
878.0	3.0
879.0	6.0
880.0	7.0
881.0	9.0
882.0	10.0
883.0	10.0
884.0	8.0
885.0	10.0
886.0	15.0
887.0	8.0
888.0	10.0
889.0	6.0
890.0	12.0
891.0	16.0
892.0	12.0
893.0	13.0
894.0	12.0
895.0	11.0
896.0	13.0
897.0	9.0
898.0	13.0
899.0	9.0
900.0	3.0
901.0	9.0
902.0	11.0
903.0	11.0
904.0	15.0
905.0	8.0
906.0	18.0
907.0	17.0
908.0	18.0
909.0	9.0
910.0	11.0
911.0	17.0
912.0	14.0
913.0	16.0
914.0	18.0
915.0	17.0
916.0	20.0
917.0	18.0
918.0	11.0
919.0	14.0
920.0	17.0
921.0	10.0
922.0	10.0
923.0	15.0
924.0	9.0
925.0	16.0
926.0	12.0
927.0	17.0
928.0	3.0
929.0	13.0
930.0	10.0
931.0	13.0
932.0	15.0
933.0	17.0
934.0	14.0
935.0	14.0
936.0	16.0
937.0	10.0
938.0	10.0
939.0	7.0
940.0	13.0
941.0	10.0
942.0	19.0
943.0	7.0
944.0	14.0
945.0	6.0
946.0	9.0
947.0	11.0
948.0	13.0
949.0	4.0
950.0	11.0
951.0	5.0
952.0	7.0
953.0	9.0
954.0	14.0
955.0	9.0
956.0	5.0
957.0	6.0
958.0	8.0
959.0	14.0
960.0	9.0
961.0	9.0
962.0	19.0
963.0	8.0
964.0	9.0
965.0	18.0
966.0	6.0
967.0	8.0
968.0	6.0
969.0	11.0
970.0	2.0
971.0	8.0
972.0	5.0
973.0	12.0
974.0	13.0
975.0	8.0
976.0	6.0
977.0	12.0
978.0	11.0
979.0	7.0
980.0	12.0
981.0	16.0
982.0	11.0
983.0	10.0
984.0	9.0
985.0	8.0
986.0	4.0
987.0	8.0
988.0	11.0
989.0	13.0
990.0	7.0
991.0	5.0
992.0	5.0
993.0	12.0
994.0	12.0
995.0	3.0
996.0	7.0
997.0	7.0
998.0	7.0
999.0	5.0
1000.0	7.0
1001.0	9.0
1002.0	6.0
1003.0	13.0
1004.0	4.0
1005.0	6.0
1006.0	7.0
1007.0	13.0
1008.0	11.0
1009.0	11.0
1010.0	13.0
1011.0	16.0
1012.0	6.0
1013.0	11.0
1014.0	15.0
1015.0	4.0
1016.0	9.0
1017.0	6.0
1018.0	9.0
1019.0	8.0
1020.0	10.0
1021.0	3.0
1022.0	5.0
1023.0	4.0
1024.0	3.0
1025.0	7.0
1026.0	1.0
1027.0	2.0
1028.0	13.0
1029.0	3.0
1030.0	7.0
1031.0	8.0
1032.0	7.0
1033.0	7.0
1034.0	7.0
1035.0	9.0
1036.0	6.0
1037.0	7.0
1038.0	9.0
1039.0	2.0
1040.0	7.0
1041.0	13.0
1042.0	7.0
1043.0	4.0
1044.0	5.0
1045.0	6.0
1046.0	5.0
1047.0	3.0
1048.0	3.0
1049.0	6.0
1050.0	7.0
1051.0	11.0
1052.0	2.0
1053.0	5.0
1054.0	3.0
1055.0	2.0
1056.0	7.0
1057.0	3.0
1058.0	3.0
1059.0	2.0
1060.0	2.0
1061.0	7.0
1062.0	9.0
1063.0	4.0
1064.0	9.0
1065.0	2.0
1066.0	6.0
1067.0	3.0
1068.0	9.0
1069.0	7.0
1070.0	2.0
1071.0	6.0
1072.0	4.0
1073.0	5.0
1074.0	4.0
1075.0	5.0
1076.0	3.0
1077.0	7.0
1078.0	6.0
1079.0	8.0
1080.0	2.0
1081.0	5.0
1082.0	4.0
1083.0	9.0
1084.0	2.0
1085.0	2.0
1086.0	4.0
1087.0	2.0
1088.0	2.0
1089.0	3.0
1090.0	5.0
1091.0	3.0
1092.0	3.0
1093.0	5.0
1094.0	2.0
1095.0	6.0
1096.0	9.0
1097.0	3.0
1098.0	6.0
1099.0	5.0
1100.0	3.0
1101.0	5.0
1102.0	5.0
1103.0	8.0
1104.0	6.0
1105.0	6.0
1107.0	2.0
1109.0	9.0
1110.0	4.0
1111.0	3.0
1112.0	2.0
1113.0	4.0
1114.0	3.0
1115.0	1.0
1117.0	3.0
1118.0	2.0
1119.0	1.0
1120.0	5.0
1121.0	2.0
1123.0	5.0
1124.0	6.0
1125.0	2.0
1126.0	2.0
1127.0	3.0
1128.0	1.0
1129.0	3.0
1130.0	1.0
1131.0	3.0
1132.0	3.0
1133.0	1.0
1134.0	3.0
1135.0	3.0
1138.0	4.0
1139.0	2.0
1140.0	3.0
1141.0	1.0
1142.0	3.0
1143.0	2.0
1144.0	4.0
1145.0	2.0
1147.0	3.0
1148.0	7.0
1149.0	6.0
1150.0	1.0
1151.0	1.0
1152.0	6.0
1153.0	2.0
1154.0	2.0
1156.0	1.0
1157.0	1.0
1158.0	1.0
1159.0	4.0
1160.0	2.0
1161.0	2.0
1162.0	1.0
1163.0	4.0
1165.0	1.0
1166.0	3.0
1167.0	2.0
1168.0	3.0
1169.0	2.0
1170.0	1.0
1171.0	2.0
1172.0	1.0
1173.0	4.0
1174.0	2.0
1175.0	1.0
1176.0	2.0
1177.0	3.0
1178.0	3.0
1179.0	3.0
1180.0	2.0
1181.0	1.0
1182.0	2.0
1185.0	1.0
1187.0	1.0
1188.0	2.0
1189.0	2.0
1192.0	1.0
1195.0	5.0
1196.0	1.0
1198.0	4.0
1199.0	3.0
1200.0	2.0
1201.0	2.0
1203.0	1.0
1204.0	2.0
1205.0	1.0
1206.0	1.0
1207.0	1.0
1208.0	2.0
1209.0	1.0
1211.0	4.0
1212.0	5.0
1213.0	2.0
1214.0	5.0
1215.0	2.0
1216.0	1.0
1217.0	5.0
1218.0	4.0
1219.0	6.0
1220.0	2.0
1221.0	2.0
1222.0	3.0
1223.0	6.0
1224.0	2.0
1226.0	1.0
1227.0	3.0
1228.0	3.0
1229.0	2.0
1230.0	3.0
1231.0	1.0
1232.0	1.0
1233.0	2.0
1234.0	6.0
1235.0	4.0
1236.0	1.0
1237.0	1.0
1238.0	1.0
1240.0	2.0
1241.0	1.0
1242.0	2.0
1243.0	1.0
1244.0	1.0
1246.0	2.0
1247.0	1.0
1249.0	1.0
1251.0	2.0
1252.0	2.0
1254.0	2.0
1255.0	2.0
1258.0	2.0
1260.0	1.0
1262.0	4.0
1263.0	5.0
1264.0	3.0
1265.0	3.0
1266.0	1.0
1267.0	2.0
1268.0	2.0
1269.0	2.0
1270.0	1.0
1271.0	3.0
1272.0	3.0
1273.0	3.0
1274.0	1.0
1275.0	3.0
1276.0	1.0
1277.0	6.0
1278.0	3.0
1279.0	8.0
1280.0	8.0
1281.0	5.0
1283.0	3.0
1284.0	4.0
1285.0	6.0
1286.0	4.0
1287.0	2.0
1288.0	6.0
1289.0	3.0
1290.0	2.0
1291.0	1.0
1294.0	4.0
1295.0	3.0
1296.0	4.0
1297.0	2.0
1298.0	2.0
1299.0	3.0
1300.0	2.0
1301.0	1.0
1302.0	2.0
1303.0	6.0
1304.0	2.0
1305.0	1.0
1306.0	2.0
1307.0	1.0
1308.0	2.0
1309.0	1.0
1312.0	2.0
1313.0	3.0
1314.0	3.0
1315.0	1.0
1316.0	1.0
1317.0	3.0
1318.0	2.0
1319.0	4.0
1320.0	1.0
1321.0	1.0
1322.0	1.0
1323.0	2.0
1324.0	1.0
1325.0	5.0
1326.0	1.0
1327.0	3.0
1328.0	1.0
1329.0	1.0
1330.0	3.0
1331.0	1.0
1333.0	2.0
1338.0	1.0
1339.0	1.0
1340.0	3.0
1343.0	1.0
1344.0	2.0
1347.0	1.0
1348.0	3.0
1350.0	2.0
1352.0	1.0
1355.0	3.0
1356.0	2.0
1358.0	1.0
1359.0	1.0
1360.0	3.0
1361.0	2.0
1362.0	2.0
1363.0	2.0
1364.0	1.0
1365.0	4.0
1366.0	1.0
1367.0	2.0
1369.0	1.0
1370.0	1.0
1373.0	1.0
1380.0	3.0
1382.0	1.0
1383.0	1.0
1384.0	2.0
1386.0	3.0
1387.0	2.0
1388.0	1.0
1389.0	1.0
1391.0	2.0
1392.0	1.0
1395.0	1.0
1397.0	4.0
1398.0	1.0
1400.0	1.0
1401.0	1.0
1403.0	1.0
1404.0	1.0
1406.0	1.0
1408.0	1.0
1412.0	1.0
1415.0	4.0
1417.0	3.0
1418.0	1.0
1419.0	1.0
1422.0	2.0
1424.0	2.0
1429.0	1.0
1430.0	1.0
1431.0	2.0
1437.0	2.0
1439.0	2.0
1443.0	2.0
1446.0	1.0
1449.0	1.0
1454.0	1.0
1456.0	1.0
1461.0	1.0
1463.0	1.0
1465.0	1.0
1467.0	2.0
1469.0	1.0
1471.0	1.0
1475.0	1.0
1483.0	1.0
1486.0	1.0
1488.0	1.0
1490.0	1.0
1492.0	1.0
1494.0	2.0
1500.0	1.0
1501.0	1.0
1502.0	2.0
1504.0	1.0
1505.0	1.0
1506.0	1.0
1507.0	1.0
1508.0	3.0
1509.0	2.0
1510.0	2.0
1511.0	4.0
1513.0	2.0
1515.0	1.0
1519.0	1.0
1520.0	3.0
1522.0	1.0
1523.0	1.0
1525.0	2.0
1526.0	4.0
1527.0	1.0
1528.0	2.0
1529.0	5.0
1530.0	2.0
1531.0	3.0
1533.0	1.0
1534.0	1.0
1536.0	1.0
1537.0	1.0
1538.0	2.0
1539.0	1.0
1540.0	1.0
1541.0	1.0
1547.0	2.0
1550.0	1.0
1552.0	1.0
1554.0	1.0
1556.0	1.0
1557.0	1.0
1558.0	1.0
1559.0	1.0
1560.0	1.0
1561.0	1.0
1562.0	1.0
1563.0	1.0
1564.0	1.0
1566.0	1.0
1567.0	1.0
1568.0	1.0
1572.0	1.0
1573.0	1.0
1574.0	2.0
1575.0	2.0
1577.0	1.0
1578.0	2.0
1579.0	4.0
1580.0	1.0
1581.0	3.0
1585.0	2.0
1586.0	1.0
1589.0	1.0
1591.0	1.0
1593.0	2.0
1594.0	2.0
1595.0	1.0
1598.0	1.0
1600.0	1.0
1605.0	1.0
1607.0	1.0
1610.0	1.0
1611.0	4.0
1612.0	1.0
1613.0	1.0
1617.0	1.0
1618.0	1.0
1620.0	1.0
1621.0	1.0
1622.0	1.0
1623.0	1.0
1627.0	1.0
1630.0	1.0
1631.0	1.0
1632.0	1.0
1635.0	3.0
1636.0	1.0
1638.0	3.0
1641.0	1.0
1642.0	1.0
1646.0	2.0
1647.0	2.0
1648.0	1.0
1649.0	1.0
1650.0	1.0
1653.0	1.0
1658.0	1.0
1659.0	1.0
1660.0	1.0
1663.0	2.0
1665.0	1.0
1667.0	1.0
1668.0	3.0
1673.0	1.0
1676.0	1.0
1677.0	1.0
1678.0	1.0
1680.0	1.0
1681.0	2.0
1682.0	1.0
1683.0	3.0
1685.0	3.0
1687.0	2.0
1690.0	1.0
1692.0	2.0
1693.0	1.0
1694.0	1.0
1696.0	2.0
1699.0	2.0
1700.0	1.0
1702.0	1.0
1713.0	1.0
