# Position (bp)	A	C	G	T	N
0.0	28.299116303980927	21.60747002966807	33.630998784938484	16.462086634268676	3.2824714383953966E-4
1.0	23.350957943645508	18.495501153145817	12.273520310930342	45.87844243141259	0.0015781608657463992
2.0	33.66536719213458	18.968759074826046	13.155462687019154	34.21014066014171	2.703858785026463E-4
3.0	21.758176231684654	21.412478023201462	10.277674591882562	46.55150941046379	1.6174276753736392E-4
4.0	40.6647237218506	9.430828296732843	9.713343944249672	40.19105026563138	5.377153549996774E-5
5.0	45.392085391216376	10.479928633233074	21.90987639022773	22.21810958532282	0.0
6.0	35.14432066429099	13.636550992801766	19.56477634726676	31.654351995640482	0.0
7.0	40.66764279636051	15.032486315576927	19.082605465008633	25.21726542305393	0.0
8.0	18.687638968777705	31.358126438331844	22.511622600914453	27.442611991975994	0.0
9.0	30.386800001702515	18.889632555427394	13.503630606051578	37.21993683681852	0.0
10.0	27.934196392398242	15.053515078046473	27.393709237132036	29.618579292423252	0.0
11.0	27.78821195127406	18.06782542520729	17.893948049828243	36.24996157845256	5.2995237847926985E-5
12.0	25.706597662103686	20.20340618343372	23.129347057370445	30.96064909709215	0.0
13.0	24.084898448751357	25.758466827436788	18.259163685662035	31.89747103814982	0.0
14.0	32.94598069384142	20.21851157104919	20.14116047717405	26.694347257935334	0.0
15.0	32.6270112325041	18.785334950348314	19.299312207656698	29.28834160949088	0.0
16.0	31.851393442364806	18.38234290639313	18.27788853090957	31.488375120332492	0.0
17.0	31.84141607978546	18.237035570161446	18.463196353347282	31.457985277807904	3.6671889791541263E-4
18.0	31.584071902441423	18.333491078343144	18.98017589701569	31.10199966638238	2.614558173657908E-4
19.0	31.049324976093338	18.86355664312887	18.96790034784715	31.119218032930647	0.0
20.0	30.76587224469232	18.940094542866536	19.204456112801218	31.089577099639932	0.0
21.0	30.640205691248866	19.051195029128152	19.191609261514746	31.116469965395694	5.200527125429434E-4
22.0	30.69724152501242	19.15759607114178	19.08097897545917	31.063300982162644	8.824462239866533E-4
23.0	30.98815363794815	19.03308940107065	19.133397995071615	30.845099904458134	2.590614514487753E-4
24.0	30.664080883303598	19.19545936441445	19.072634654668633	31.067152793938924	6.723036743981589E-4
25.0	30.822160703141417	19.265824888798498	19.060327299175274	30.850757956256526	9.291526282888778E-4
26.0	31.082631035484848	19.07663548319947	19.162168456676003	30.678049765763316	5.152588763646631E-4
27.0	30.85968298640202	19.06448123855327	19.32637053426548	30.749002357106527	4.628836727042127E-4
28.0	30.976737977523477	19.11023149075115	19.186419619983468	30.726610911741904	0.0
29.0	30.587721024430042	18.76837172691158	19.02496095047167	30.09222248186913	1.5267238163175783
30.0	30.702807999001454	19.166695654487008	19.391879863559446	30.73728645354821	0.001330029403880821
31.0	30.750963556202894	19.418459934089537	19.019963628211066	30.809948976334844	6.639051616583534E-4
32.0	30.916203726363534	19.32291411743592	19.122697534791904	30.6365531137324	0.0016315076762436168
33.0	30.71034596496372	19.103559415899078	19.344729083697786	30.840652919282984	7.126161564334987E-4
34.0	30.67886271819498	19.294153517798613	19.25141652056813	30.775465609675535	1.016337627359809E-4
35.0	30.91493389305688	19.01142227722044	19.273374115221266	30.799965296328256	3.0441817315610104E-4
36.0	30.966791402830935	19.098059243091633	19.254663420081204	30.68013128202634	3.5465196988903447E-4
37.0	30.868704124065022	19.26746258325094	19.209878892085733	30.653245989634936	7.084109633680692E-4
38.0	30.971883669319887	19.194066918999837	19.2259581391094	30.60753532420129	5.559483695803247E-4
39.0	30.837998528879453	19.184037988633904	19.28914687629209	30.68841272958492	4.0387660963760657E-4
40.0	30.745111565282418	19.217144479423368	19.1840145146561	30.85277134424454	9.580963935738961E-4
41.0	30.990726888999703	19.090771718270698	19.171262926192885	30.747238466536714	0.0
42.0	30.72050517629596	19.147338893291572	19.361686604525957	30.76961394769614	8.553781903719637E-4
43.0	30.73661553556959	19.305155936776792	19.179590187172387	30.77788434278545	7.539976957830417E-4
44.0	30.967589009822376	19.16426158394471	19.131669302339365	30.735877473108857	6.026307846905666E-4
45.0	30.819050505070777	19.099421729833544	19.286509136628492	30.795018628467187	0.0
46.0	30.832119861751963	19.23326975661227	19.090560486023563	30.8440498956122	0.0
47.0	31.055174251348255	19.149267575386045	19.13674664038272	30.65871136540295	1.0016748002660448E-4
48.0	30.80121708929492	19.093889030682462	19.26879557203697	30.836098307985647	0.0
49.0	30.806315710517435	19.21951219512195	19.087297320948608	30.88617469465315	7.000787588603718E-4
50.0	30.985492546411606	19.07269216067873	19.191909602600198	30.749905690309458	0.0
51.0	30.776724139652767	19.14308796302769	19.26671513224512	30.813472765074422	0.0
52.0	30.810293531392556	19.293510936016432	19.076521929161498	30.819673603429514	0.0
53.0	30.894529469780302	19.130850152527042	19.207537498516615	30.767082879176044	0.0
54.0	30.796267807673388	19.066015033022715	19.184022716479067	30.95369444282483	0.0
55.0	30.838849700492638	19.156518742367894	19.16767432085436	30.836957236285112	0.0
56.0	30.94029974801179	19.04379856670819	19.04653594602087	30.96896757499548	3.981642636623846E-4
57.0	30.87607804825637	19.12625985775583	19.145410789983416	30.852251304004387	0.0
58.0	30.67044635936943	19.27598534590204	19.12062486235061	30.932346848121085	5.96584256837477E-4
59.0	30.929707536720034	19.057993232690013	19.15211340536624	30.859788274335955	3.9755088775597934E-4
60.0	30.86751064408908	19.166810707069505	19.172224639451972	30.793255332971743	1.9867641770524765E-4
61.0	30.81809028860341	19.16115759100649	19.131568443273235	30.889183677116865	0.0
62.0	30.992682965562697	19.041113157957422	19.030294428254948	30.935611685022113	2.9776320282041307E-4
63.0	30.682572455607886	19.220939127466906	19.106988539458058	30.98885496773963	6.449097275206793E-4
64.0	30.79738550423658	19.217317439277835	18.9808306344878	31.004020126916405	4.4629508138190803E-4
65.0	31.027071504162464	19.09047875148394	19.113279981759014	30.768029701080827	0.0011400615137538508
66.0	30.850948912343295	19.12090580248749	19.147812298696795	30.880332986472425	0.0
67.0	30.860396381971682	19.298479409558706	18.92598577796625	30.91498980955712	1.4862094623984052E-4
68.0	30.94349042572002	19.130085492691194	19.239644517615872	30.68677956397291	0.0
69.0	30.808492473957454	19.14040293395821	19.234639405602096	30.816069026853683	3.961596285607323E-4
70.0	30.783630583560377	19.16069533927025	19.079449309359237	30.976026727517848	1.980402922876674E-4
71.0	31.08656169389989	19.099588494477864	19.10127154364815	30.7125782679741	0.0
72.0	30.88220591074001	19.15709343245611	19.172882463286793	30.78781819351709	0.0
73.0	30.740089317882184	19.27282733063849	18.955354915848776	31.031480990256593	2.4744537395924476E-4
74.0	30.987662202374324	19.117573554919804	19.019637244698746	30.87512699800713	0.0
75.0	30.826633096202343	19.046784875872415	19.140410050553637	30.985330736372884	8.412409987213136E-4
76.0	30.83886031234813	19.25610706024762	18.890688050739005	31.013899185131443	4.4539153379977376E-4
77.0	30.94283876076413	19.08076808868653	19.079679303177276	30.89671384737207	0.0
78.0	30.623171426464307	19.197182282950703	19.059681967412722	31.119419865479355	5.444576929149721E-4
79.0	30.47522635130118	19.530367458875595	18.986035275656036	31.00782638397299	5.445301941992683E-4
80.0	30.806453768931547	19.256546177103864	18.90780620077897	31.028797782797966	3.9607038764894104E-4
81.0	30.545613364417672	19.279141073915103	18.973563125045807	31.20128628954786	3.961470735625308E-4
82.0	30.60581957648793	19.470699058399816	18.823782288882857	31.099005703486082	6.933727433193536E-4
83.0	30.895731037953816	19.430028969655176	18.747002968299824	30.926593033808498	6.439902826820115E-4
84.0	30.604144101112183	19.429103445952173	18.819053074184147	31.146906590744	7.927880074958105E-4
85.0	30.591416876580553	19.589798036574084	18.704987474560024	31.112608017669448	0.0011895946158947683
86.0	30.822457499577265	19.46740770603587	18.73623629952391	30.973303441836293	5.950530266628385E-4
87.0	30.401444555508977	19.532751774069933	18.92337952570758	31.141878467838552	5.456768749581441E-4
88.0	30.414899767501296	19.753903720227388	18.746293543880718	31.08415857552982	7.443928607762032E-4
89.0	30.539547057702084	19.79999086489578	18.783760167768175	30.87600684735638	6.950622775800711E-4
90.0	30.469721254649606	19.733199956490274	18.97461088349079	30.82117652084121	0.0012913845281206432
91.0	30.428216994018765	19.923814672681857	18.915646067178447	30.731676290869736	6.459752511974146E-4
92.0	30.696769844323736	19.842335153881567	18.90178485315802	30.555282125318545	0.003828023318130612
93.0	30.418855824494624	19.887966189885418	19.022268473242114	30.670511559051793	3.9795332604415493E-4
94.0	30.246834009789747	20.054099923105444	18.988426000811252	30.710341446662802	2.9861963075682657E-4
95.0	30.632105371147638	19.89688185387562	18.944087315262838	30.526278045486325	6.474142275750653E-4
96.0	30.42180652633027	19.88506514669343	19.067205793386364	30.62592253358994	0.0
97.0	30.347122569399083	19.955384343833735	19.165934540435806	30.531508685294085	4.9861037289075354E-5
98.0	30.531567760669777	19.879456757107363	19.06998094059653	30.518545498089072	4.4904353726562423E-4
99.0	30.33256611630078	19.868291635670097	19.21773819093219	30.581304202385528	9.98547113949204E-5
100.0	30.249477496761056	20.00296788834744	19.2636938818031	30.48351098193635	3.4975115205531266E-4
101.0	30.195781551111516	19.939176411408273	19.346491442995138	30.51810056793351	4.500265515665424E-4
102.0	30.173817489634303	19.8244811646012	19.47605555994792	30.525395587910037	2.5019790654407637E-4
103.0	30.060276200816503	19.94388043317134	19.522107283224024	30.473335443367617	4.006394205151422E-4
104.0	30.261739954187988	19.835197056803885	19.570399627088232	30.332112013873925	5.513480459724025E-4
105.0	29.93026162051305	19.850429462195237	19.826950891157257	30.39175601149246	6.020146419994512E-4
106.0	29.906817530174962	19.995741836804893	19.695009061150337	30.40122643134289	0.001205140526917567
107.0	30.057530944369997	19.79901866664522	19.8806959203594	30.261296843789864	0.0014576248355145768
108.0	29.76858923658699	19.783471896024647	20.08615640980746	30.360776192574974	0.0010062650059269008
109.0	29.83340988943687	19.947347532475902	19.94362045901428	30.274312606775617	0.001309512297327789
110.0	29.8687462626063	19.851270638228357	20.048060488046897	30.23187219096733	5.042015111927693E-5
111.0	29.708321491975724	19.786870706508818	20.14678067349099	30.3574213889496	6.057390748648066E-4
112.0	29.750184698383247	19.819677780910826	20.12454381267996	30.30529050958562	3.0319844034722284E-4
113.0	30.00925841605197	19.654099505205963	20.29788827166115	30.038703214643476	5.05924374424511E-5
114.0	29.811115636581743	19.75241285260677	20.432297270735944	30.00376897404879	4.052660267516104E-4
115.0	29.63535658228092	19.99983766118469	20.30975260579164	30.054799496343826	2.5365439892531706E-4
116.0	29.825014265831772	19.720943562184544	20.51617158429239	29.93710838830908	7.62199382211994E-4
117.0	29.58086818888541	19.683596324485535	20.702632965120273	30.03285162820405	5.089330473129607E-5
118.0	29.607645629088296	19.683783827871395	20.696326036246187	30.012040601601882	2.0390519224181526E-4
119.0	29.642644151430485	19.626182540071564	20.812705259546103	29.918468048951848	0.0
120.0	29.52029709021594	19.631491112814803	21.001303682275903	29.84649895587785	4.091588155056871E-4
121.0	29.38767208001308	19.786082557418073	21.0171632985463	29.80908206402255	0.0
122.0	29.586070959264127	19.586738255584756	21.053712220762154	29.769423455978977	0.0040551084099868595
123.0	29.383907703146413	19.573535877650617	21.219431295462552	29.82009107294835	0.003034050792067243
124.0	29.289277810061943	19.621852808928566	21.32655984042005	29.7622580233023	5.1517287140873E-5
125.0	29.40284811237203	19.620616402864627	21.36559102047726	29.610273518706997	6.709455790879682E-4
126.0	29.221706930277364	19.539463784984513	21.592088369839544	29.646120427329787	6.204875687900957E-4
127.0	29.13124606941453	19.65427424944596	21.594209205055602	29.61887178339534	0.001398692688567086
128.0	29.267050842285062	19.510640605836958	21.636685709362478	29.58489622016242	7.266223530834479E-4
129.0	29.064498448821507	19.534968856828776	21.768135476174876	29.629069178504608	0.0033280396702328693
130.0	29.09932845419439	19.56833737844479	21.78364149633179	29.54707775209536	0.0016149189336742374
131.0	29.099223271278884	19.370308536083204	22.007887843775393	29.520962490208042	0.001617858654473927
132.0	28.946791895833147	19.421483498183314	22.139063772027566	29.491928825801406	7.320081545708419E-4
133.0	28.818312773368955	19.539980618632306	22.12891228621566	29.512218118959694	5.762028233938346E-4
134.0	28.908301756080153	19.44147624095981	22.3665095676453	29.28308263968342	6.297956313176374E-4
135.0	28.760226623770674	19.407263361263404	22.480535365529168	29.351606548825394	3.6810061136252967E-4
136.0	28.758293209644016	19.454198406924018	22.462065793542873	29.32523185161497	2.107382741272933E-4
137.0	28.910896524638762	19.258253171332456	22.62513638933421	29.204710954907455	0.0010029597871191458
138.0	28.640831383126415	19.22901379027673	22.823740959634023	29.305779223354882	6.346436079489111E-4
139.0	28.60596959405934	19.39553740282546	22.77960382514385	29.217564462003704	0.0013247159676493764
140.0	28.664147689837748	19.245857199815884	23.03494058354114	29.05452361978775	5.309070174758663E-4
141.0	28.64641323365675	19.271384972866983	22.992446589102215	29.088318891293973	0.001436313080077646
142.0	28.506896584807368	19.23443058269452	23.2279897193502	29.029723699541503	9.59413606403766E-4
143.0	28.510307169568666	19.189953353635413	23.31709380437581	28.981203662065408	0.0014420103547025025
144.0	28.38220576193356	19.14545055580234	23.413220442394046	29.0576782073033	0.0014450325667524767
145.0	28.27010940365115	19.13939083849674	23.512318972327563	29.07678635691044	0.0013944286141042166
146.0	28.435021874292826	19.028619068019132	23.62472002033968	28.91083276042879	8.062769195706522E-4
147.0	28.140594664412117	19.16809057857973	23.850538015080264	28.839591271271793	0.0011854706560987347
148.0	28.05949118697107	19.224634987595195	23.86454992608985	28.849757090619892	0.001566808723990975
149.0	28.188178586072148	19.007098677820956	24.05562135454562	28.748503208924305	5.981726369733769E-4
150.0	28.075090265339643	18.82816890935851	24.045461802070143	29.050076214344916	0.0012028088867894406
