# Position (bp)	A	C	G	T	N
0.0	24.901244461037574	24.112520344130775	36.02889665075099	14.956926870435657	4.1167364500813765E-4
1.0	22.527666705275365	20.73587517756591	13.431960918781646	43.30273370735332	0.0017634910237601493
2.0	30.295033678639644	22.061882872226207	14.621994489179055	33.02086487452476	2.240854303294588E-4
3.0	19.61184782851152	25.379174009056232	11.614716936940956	43.39417757801522	8.364747607682184E-5
4.0	39.2221429470885	10.987880623033133	10.878047771389951	38.91172040507233	2.0825341608491076E-4
5.0	43.03753812182445	11.762762565924103	24.990714136168517	20.208985176082933	0.0
6.0	33.90670613779324	15.294606939793306	21.93452328062205	28.864163641791396	0.0
7.0	39.590918604371886	16.085447739429686	20.45486579311244	23.868767863085985	0.0
8.0	17.545170128133975	34.25109971030354	23.364531729399136	24.839198432163347	0.0
9.0	29.537113658527147	20.72908256783242	14.115457146617322	35.61834662702311	0.0
10.0	26.477955330371756	16.25326336201929	29.969109622223044	27.299671685385906	0.0
11.0	26.675336373817217	19.715022262617737	18.9858336173643	34.62372659449575	8.115170499732199E-5
12.0	23.667049902973517	21.986447962767276	24.772527846176466	29.573974288082745	0.0
13.0	22.374731949018177	28.463177056595097	19.30825154552734	29.853839448859382	0.0
14.0	31.522185750646003	22.022866175301637	21.306115633524122	25.148832440528235	0.0
15.0	31.586280833151477	20.302464865761287	20.3404582751712	27.770796025916038	0.0
16.0	30.539106757429852	19.87259505229952	19.44403785488959	30.14426033538104	0.0
17.0	30.59071299994204	19.683242888144317	19.81407366490011	29.911824873622443	1.455733910897968E-4
18.0	30.149633169301204	19.73033592303676	20.464050064083292	29.655901728402878	7.911517587303596E-5
19.0	29.74618477040304	20.464413722410967	20.31009263338178	29.479295735621935	1.3138182277301572E-5
20.0	29.533817316097327	20.49775474477549	20.351531074787825	29.61689686433936	0.0
21.0	29.265607196964954	20.653855263542304	20.590781653665886	29.48940373788089	3.5214794596015876E-4
22.0	29.50188190020328	20.71797852130806	20.25378686768686	29.52572891955978	6.237912420229446E-4
23.0	29.653694284159688	20.61986239552572	20.370092690212275	29.356169346683043	1.8128341927462288E-4
24.0	29.289805808644648	20.677892403499456	20.370680272942685	29.661234435370297	3.8707954291067044E-4
25.0	29.433512941743032	20.789695920429786	20.286301281633467	29.489924200905847	5.656552878677611E-4
26.0	29.719310789065595	20.553659952093227	20.41974591043424	29.30691189865006	3.714497568733255E-4
27.0	29.446929067537862	20.655527869856655	20.520611666065804	29.37690587323211	2.5523307565427407E-5
28.0	29.595413762856325	20.642860475846643	20.450402582447488	29.31128503564546	3.814320408254342E-5
29.0	29.24768931082522	20.227508164650427	20.2536912884301	28.700022471631147	1.571088764463104
30.0	29.349009950370625	20.66544729192493	20.575787136867536	29.408543485238337	0.0012121355985790741
31.0	29.49159573750386	20.80854210992149	20.282979920997015	29.416189973689168	6.922578884674367E-4
32.0	29.64881073082784	20.70359320509397	20.363963347179865	29.282302606614614	0.0013301102837100138
33.0	29.37740678742203	20.608718606984596	20.5674576067619	29.445578767474622	8.382313568588595E-4
34.0	29.409362979950586	20.805649094207375	20.38152542808435	29.40313815835597	3.2433940172353956E-4
35.0	29.546980274908176	20.52099781484779	20.608844317733375	29.32296609406157	2.114984490943139E-4
36.0	29.347067171292203	20.670130329875505	20.61127031505251	29.37112257169856	4.096120812228485E-4
37.0	29.459846606377333	20.759071213582768	20.44988541194585	29.330366689206816	8.300788872284559E-4
38.0	29.569043640835606	20.626074274057586	20.611627966517716	29.192586224233658	6.678943554392759E-4
39.0	29.39580120671559	20.636313576124632	20.54526097320944	29.421994421252833	6.298226975009747E-4
40.0	29.45210242691296	20.557527592904414	20.49740470349403	29.4919788470018	9.864296867987102E-4
41.0	29.570326509892634	20.615901082128147	20.515162980385128	29.29860942759409	0.0
42.0	29.29009174530746	20.747707719709314	20.570052078306674	29.391595203814052	5.532528624995743E-4
43.0	29.319314517629085	20.86144358720337	20.470583728664312	29.34815478173175	5.033847714811164E-4
44.0	29.55531199332523	20.689093630493424	20.53762615443061	29.21772297000841	2.4525174232969043E-4
45.0	29.25504617180758	20.68884510587658	20.6167280665848	29.43938065573104	0.0
46.0	29.357468953151848	20.704065009815213	20.463740596938777	29.474725440094158	0.0
47.0	29.524081429322546	20.65500431795499	20.55089919304473	29.269966172556384	4.888712134785704E-5
48.0	29.292330044930647	20.620238327798397	20.614182457511234	29.47324916975972	0.0
49.0	29.37234057993729	20.837217482641922	20.492733129151993	29.297269726101767	4.390821670314911E-4
50.0	29.554808645393738	20.607141703966484	20.58099375605037	29.25699497206398	6.09225254336313E-5
51.0	29.26134717639435	20.703950228859412	20.660495909938305	29.37420668480793	0.0
52.0	29.49501982875235	20.705602492006967	20.45269044041573	29.346687238824952	0.0
53.0	29.45694514269247	20.632437353889323	20.586233516115698	29.32438398730251	0.0
54.0	29.30831614956753	20.594832840510175	20.671223566265766	29.425627443656527	0.0
55.0	29.31021998162928	20.826032127770723	20.55651166460452	29.307236225995474	0.0
56.0	29.502553294484972	20.56916777980279	20.574621853893113	29.35340254836158	2.5452345754845674E-4
57.0	29.320912887958244	20.77735299119253	20.657127782706077	29.244606338143146	0.0
58.0	29.33666821791651	20.7805227570773	20.501455128837453	29.38135389616874	0.0
59.0	29.5031126520221	20.627893542317505	20.654612467928825	29.214042664161127	3.3867357044676367E-4
60.0	29.19940061444634	20.741123774180515	20.732312124817437	29.326812954550867	3.505320048412096E-4
61.0	29.272464677086653	20.7107321450229	20.61484168773003	29.401961490160417	0.0
62.0	29.468515401130563	20.6348131321765	20.48828919144185	29.408044245232084	3.3803001899728705E-4
63.0	29.151782746263855	20.799862737122645	20.577329399654694	29.470542476743077	4.826402157305236E-4
64.0	29.32670727333378	20.783388041301965	20.444334511269183	29.445099835912274	4.7033818280139695E-4
65.0	29.53160044000422	20.555502313035877	20.639500926721215	29.272419872519322	9.764477193616926E-4
66.0	29.279980238106713	20.643177326842434	20.706053887309007	29.370788547741846	0.0
67.0	29.44213433736761	20.80023918733165	20.41639025889836	29.341175985909917	6.023049245775704E-5
68.0	29.472859388026194	20.708031462231244	20.754947599275013	29.064161550467542	0.0
69.0	29.256877415800357	20.781698334741197	20.735814381771824	29.225272751264907	3.371164217114534E-4
70.0	29.37645433220821	20.757478747836146	20.58524898022957	29.2804207086434	3.9723108268220543E-4
71.0	29.565341817489944	20.61306351359759	20.70660762223825	29.114987046674212	0.0
72.0	29.22689351477717	20.70306276716125	20.79888103325374	29.271162684807837	0.0
73.0	29.295356779131343	20.800561130297364	20.432024610809098	29.472057479762192	0.0
74.0	29.541951853932787	20.5871900035973	20.572475964864367	29.298382177605546	0.0
75.0	29.278608949415176	20.62459447522613	20.59494973447865	29.50110090990345	7.459309766005062E-4
76.0	29.33861274356525	20.74200168988931	20.390801641091137	29.52774174795384	8.421775004580843E-4
77.0	29.04988559607824	20.77130789585574	20.661752515526764	29.51705399253926	0.0
78.0	28.75859321293359	20.966699528775884	20.50451219261263	29.76976187785957	4.3318781832536084E-4
79.0	28.583162420297082	21.29598495371568	20.355688461619	29.7649956783332	1.6848603503498611E-4
80.0	28.87998006649317	20.9332877526897	20.374872707225414	29.811859473591714	0.0
81.0	28.8084321461667	20.905829420409745	20.22461291041453	30.061125523009025	0.0
82.0	29.010281073817097	21.185261626716823	19.972882433548715	29.83157486591736	0.0
83.0	29.33359046115216	21.15160178304732	19.828830926453936	29.685952738670245	2.4090676342124702E-5
84.0	28.840749080133154	21.362972945064396	19.841699883327497	29.95408407384768	4.940176272718937E-4
85.0	28.836655191256106	21.376448956924598	19.73719184219215	30.04933032245948	3.7368716766704327E-4
86.0	28.97080192762006	21.446986167074474	19.83896781949287	29.74283404625946	4.1003955313889494E-4
87.0	28.572302481359518	21.672344036035287	20.0067785763204	29.748466313926514	1.0859235828335269E-4
88.0	28.58163477185917	21.933957708595905	19.808256916175328	29.676017808940202	1.3279442939440912E-4
89.0	28.614694869236228	22.094413919402857	19.88633144779614	29.403955798972074	6.03964592696546E-4
90.0	28.495181392020818	22.04631447649195	20.152278527446455	29.3057058821041	5.19721936677321E-4
91.0	28.49346899336613	22.154273676856892	20.18804741787666	29.16418572231493	2.4189585391715864E-5
92.0	28.855572303410455	22.215179624172972	20.145882234474218	28.77957760064911	0.00378823729324757
93.0	28.481504227776366	22.25229658295972	20.09548088087344	29.16977364861878	9.446597716999552E-4
94.0	28.588170406394976	22.31207545619466	20.002758334174608	29.09649891526933	4.968879664278251E-4
95.0	28.772005614847373	22.26043936399022	20.048010486481846	28.919010896170683	5.336385098775275E-4
96.0	28.54914834713994	22.237456800744983	20.34040381775085	28.872966758300716	2.427606351006631E-5
97.0	28.560463898345294	22.23181529881502	20.3172008074706	28.89044710580443	7.288956465614167E-5
98.0	28.708988566214593	22.012651190751807	20.318230146516655	28.958829034071787	0.001301062445160826
99.0	28.39088544636607	22.02908153757977	20.65738048050859	28.922372594070378	2.7994147519176904E-4
100.0	28.361606866009904	22.13638572718103	20.684471322768573	28.81736551568358	1.705683569137995E-4
101.0	28.21151815092968	22.02639647396574	20.949731571617082	28.812256237514607	9.756597289129443E-5
102.0	27.986759492808588	21.9656835294639	21.3590589053386	28.68833936600707	1.5870638183998562E-4
103.0	27.87157748653823	22.02382509072076	21.440003069853088	28.663372277613462	0.0012220752744597754
104.0	27.957207342490143	21.88667709027447	21.616920057550452	28.539171043036465	2.4466648471635757E-5
105.0	27.49983466863921	21.891072351452834	21.884961214487436	28.724058284815722	7.348060479436453E-5
106.0	27.469763144324023	21.996293329194103	21.852474698097353	28.68013240632233	0.0013364220621948759
107.0	27.48622048524859	21.836702300242	22.212802430257224	28.462433382695174	0.0018414015570155005
108.0	27.234543938074335	21.775998888740695	22.3621635874499	28.625400511253034	0.0018930744820320803
109.0	27.18775771338191	21.904678779331547	22.37302081970198	28.533274702352777	0.001267985231788316
110.0	27.257166274533397	21.676331506556128	22.524530315411255	28.54188560294744	8.630055178107078E-5
111.0	27.23763264637852	21.678483316773438	22.61297020836083	28.47035819630929	5.556321779188562E-4
112.0	27.378272253574877	21.53720270592114	22.709475051991763	28.37467901625081	3.7097226141475466E-4
113.0	27.531341366516404	21.329927993663294	23.098235668249398	28.040259636506416	2.353350644910972E-4
114.0	27.26129250184529	21.321817998609145	23.420831742851767	27.996057756693798	0.0
115.0	26.984190355512403	21.47124939150144	23.50454872105232	28.04001153193383	0.0
116.0	27.14120581827088	21.19845046641769	23.825045322348302	27.834799557183477	4.988357796447816E-4
117.0	26.886603023347405	21.136629944043722	24.120668753870046	27.856098278738827	0.0
118.0	26.871045559693286	21.124932309051314	24.263609659587754	27.740161590227064	2.5088144058130234E-4
119.0	26.87345712409189	20.984961914084614	24.64521088801709	27.496219089008058	1.5098479834721974E-4
120.0	26.5439882024307	20.9562604411366	24.980928912173034	27.51821661221751	6.058320421537935E-4
121.0	26.50672965923665	20.93809918923994	25.170686828273368	27.384484323250042	0.0
122.0	26.539235929031996	20.795231756297675	25.41369574981489	27.248671936302767	0.0031646285526768306
123.0	26.315008655766093	20.749002172775242	25.678317774725063	27.25472469867461	0.0029466980589934054
124.0	26.279632494522996	20.701586233819143	25.868948619319376	27.14975583156123	7.682077725469942E-5
125.0	26.1927186077326	20.655104531983103	26.165603992196644	26.98528781521865	0.00128505286900261
126.0	25.968788594457564	20.557194342213734	26.42543486313122	27.047627817621102	9.543825763789796E-4
127.0	25.935216450821596	20.628852619600117	26.5415785217331	26.89177666015352	0.002575747691664104
128.0	25.885626541004402	20.395692195699652	26.841771833729155	26.876013128600874	8.963009659136743E-4
129.0	25.68851306417761	20.49463925264641	27.08992489256538	26.723363690846426	0.003559099764173789
130.0	25.69595425501307	20.350979521702477	27.317423751486153	26.63387616515726	0.0017663066410382113
131.0	25.660192517301606	20.205728243312453	27.677001667782896	26.4560663961444	0.0010111754586402974
132.0	25.398874405240473	20.184589632402368	28.00541708953355	26.40972176457408	0.0013971082495288056
133.0	25.291193954076185	20.186810706931908	28.152695238909075	26.36845350989677	8.465901860620037E-4
134.0	25.295280974298436	20.03628978081684	28.483070168031748	26.18478819056662	5.708862863554991E-4
135.0	25.015753278540746	20.009468623160124	28.829345856184858	26.14511244622932	3.197958849465015E-4
136.0	24.926246132427295	19.912400773815456	28.940149667624464	26.22045448618373	7.489399490587096E-4
137.0	24.907755392630015	19.76913110002659	29.287053781938297	26.034381879587315	0.0016778458177813804
138.0	24.64725590798533	19.663011253972513	29.642479193136616	26.04632416570486	9.294792006802172E-4
139.0	24.583224791962184	19.807801000712015	29.772527477132638	25.83412156786777	0.0023251623253948417
140.0	24.7455274218497	19.544579389813933	30.102215045999415	25.6066198891629	0.0010582531740472364
141.0	24.4284899214166	19.493926160742614	30.326452689959815	25.749401875598295	0.0017293522826769283
142.0	24.310522070482428	19.424118272671887	30.702025322199166	25.56213166548632	0.0012026691602007255
143.0	24.314578777952452	19.220393584908095	30.980549549535958	25.48244801259085	0.0020300750126433895
144.0	23.98625000894931	19.200711208332713	31.341176230860185	25.469893704258713	0.001968847599079846
145.0	23.91780693560471	19.13971281378558	31.519503114586055	25.421097590823837	0.0018795451998143118
146.0	23.81504861278552	18.975245644327156	31.900522544784497	25.30764328223495	0.0015399158678757734
147.0	23.60409036076532	19.006355271501953	32.175482321080146	25.21216389132206	0.0019081553305294128
148.0	23.549853679660703	18.933286821154613	32.30944996364721	25.205199554311125	0.0022099812263493544
149.0	23.473474178734534	18.767661452484052	32.769411569088035	24.98887506393844	5.777357549385839E-4
150.0	23.185010846137715	18.716419125334895	32.76892104008909	25.32818837239016	0.0014606160481430396
