#Position (bp)	Coverage	Std
15197.0	126.15990524133846	179.0395025880801
45590.0	112.76195176520909	80.30428673941604
75983.0	91.55749679202448	67.57509023830673
106376.0	87.65436120159247	65.87455812341953
136769.0	75.067614253282	61.6255465855828
167162.0	119.9454150626789	88.80979124784166
197555.0	105.91757970585333	115.38006260089678
221485.0	117.91378027136886	104.94428753664815
236681.5	144.4357109701377	120.52837155236067
258341.0	103.83775869443622	85.39226281314923
288734.0	108.27022669693679	86.27580003054777
319127.0	95.6903234297371	76.48587322730175
349520.0	85.14700753462968	64.08291666739791
379913.0	72.10986082321587	60.015283919611406
410306.0	78.5638798407528	62.31255813076146
440699.0	86.55595038331195	75.27238400306638
471092.0	58.92073832790445	52.447361794668694
501485.0	84.36755173888724	69.2749734452695
531878.0	77.71319053729478	62.9752471141397
562271.0	62.665416378771425	56.36702029148473
592664.0	67.46119172177804	56.6983714658938
623057.0	68.03938406870003	61.17858477189709
653450.0	88.30648504589873	72.09281654926599
683843.0	72.09577863323791	56.65094772896976
714236.0	67.20465238706281	64.6476663511511
744629.0	69.86529793044451	60.641599416338444
775022.0	63.45349258052841	50.59520472232803
805415.0	83.5324910341197	74.62494317528636
835808.0	77.73201066034942	64.76166947192178
866201.0	88.53505741453624	70.04902913255624
896594.0	90.66051393412957	66.17285874556569
926987.0	96.69025762511104	77.64227777524214
957380.0	102.37192774652058	81.84731972555585
987773.0	107.12933899253117	87.13031506906091
1018166.0	130.6898298950416	98.65750783828292
1038382.5	129.752390438247	104.05551115818152
1053579.0	125.96187294256374	113.93424673028882
1078952.0	100.59589379133354	79.69993965086007
1109345.0	120.60467870891324	79.16756369985687
1139738.0	75.46744316125424	71.532502801151
1170131.0	57.84953772250189	53.15238465461744
1200524.0	60.933932155430526	64.16819615732614
1230917.0	72.46412002763795	65.08890603987724
1261310.0	94.82018885927681	67.52936678617024
1291703.0	111.19432106077058	81.13116042953561
1322096.0	108.75899055703616	112.91071166751759
1348657.5	105.12622085349759	96.54099653680048
1363854.0	112.59767714994128	91.89669034553707
1382882.0	118.55644391800743	108.01754495191152
1413275.0	113.6698252887178	91.5232059084173
1443668.0	89.06735103477774	75.23499962752294
1474061.0	101.49669331754022	71.44775406927621
1504454.0	91.89523903530419	78.00983738216229
1534847.0	83.52206100088836	70.11709751221636
1565240.0	87.20448787549765	62.35861987810795
1595633.0	75.04593162899351	60.32447523497043
1626026.0	74.81910308294673	63.59305902316748
1656419.0	83.82173526798934	63.88558867304378
1686812.0	57.35373276741355	54.47114571157627
1717205.0	74.28200572500246	62.094052627425036
1747598.0	73.08469055374593	67.03846624859324
1777991.0	64.6530780113842	55.2919188959793
1808384.0	50.755371302602576	48.76752043373502
1838777.0	65.07044385220281	57.375607932422895
1869170.0	64.08643437633665	62.6204180005816
1899563.0	129.32757542855262	116.98025849337002
1929956.0	61.10482676932188	55.30227176880507
1960349.0	62.81298325272267	62.62346144907712
1990742.0	62.68880992333761	56.310955120951064
2021135.0	74.505544039746	72.68482217396713
2051528.0	75.9971704010792	60.68518413680256
2081921.0	63.12098180502089	51.98398423094888
2112314.0	79.04915605567071	79.1287193520918
2142707.0	61.26868028822426	51.909234734063865
2173100.0	68.17119073470865	59.32738206005576
2203493.0	54.973513638008754	45.41900910756528
2233886.0	69.94692856907841	64.3317844340396
2264279.0	55.02408449313987	46.71053714379554
2294672.0	62.78409502188004	50.91363733571009
2325065.0	60.14213799230086	54.07318638416685
2355458.0	75.49198828677656	74.66514440507277
2385851.0	50.056953903859444	43.556387799861774
2416244.0	64.36416280064489	55.61986374414969
2446637.0	74.03553449807521	69.24496729253558
2477030.0	65.43398150890008	58.17095524022585
2507423.0	66.98674036784786	54.737345100392744
2537816.0	72.93231994209192	61.14264355200137
2568209.0	69.74898825387424	72.16887004318394
2598602.0	76.52735827328661	62.30500671490599
2628995.0	69.80942980291515	57.38219540205259
2659388.0	76.92198861579969	62.406046382367016
2689781.0	71.67334583621229	58.248663963663624
2720174.0	58.25857927812325	50.7113955841154
2750567.0	82.51844174645477	68.53090193089332
2780960.0	83.7377356628171	60.039447872974755
2811353.0	86.26736419570295	78.65462600812829
2841746.0	85.45484157536275	75.53678056620394
2872139.0	109.25920442207087	106.98901513730281
2889645.5	229.23419913419914	107.03518760333624
2904842.0	151.67919916191363	114.38038512888046
2932925.0	107.11446714704044	81.70514947860404
2963318.0	86.59451189418616	71.2891692933772
2993711.0	74.4674102589412	63.479700108495386
3024104.0	72.3060573158293	58.92001602809269
3054497.0	84.59253775540421	68.22851332061329
3084890.0	83.66558089033659	68.48506114119375
3115283.0	82.5173559701247	70.86690402720774
3145676.0	88.87197709999013	67.78193841724833
3176069.0	77.92791103214556	63.456011923860174
3206462.0	87.16280064488534	73.38920485377841
3236855.0	86.1813246471227	70.06092783936538
3267248.0	119.76228078833942	82.82304487925111
3297641.0	140.50297765932945	95.85995351546633
3322340.5	116.51741555298327	101.86310200478303
3337537.0	35.48186528497409	123.4514992998109
3358427.0	74.29612081729346	284.3813776251641
3388820.0	77.43486987135195	402.49532444176253
3410819.5	66.39284139350286	255.7786213616592
3426016.0	103.9778399952344	94.5533684692947
3449606.0	123.0092784522752	102.55278045921733
3479999.0	102.16507090448458	82.35205055719157
3510392.0	105.5927351692824	77.75593963245646
3540785.0	71.9032342973711	69.25943719837582
3571178.0	70.43213897937025	64.6457297742672
3601571.0	76.92212022505183	54.2558728018568
3631964.0	83.658934623104	61.5917388610145
3662357.0	74.87513572204126	62.4744009036422
3692750.0	76.85552594347382	61.957851873763666
3723143.0	69.79343927878129	57.49605580724009
3753536.0	85.18625999407759	66.20223704116127
3783929.0	70.66087585957293	60.72684344415476
3814322.0	70.27582009015234	64.3042721517864
3844715.0	66.8374296713059	61.06126839772028
3875108.0	99.61609581153554	89.49391759856357
3905501.0	86.99045832922054	78.02216879038444
3935894.0	110.93544566183003	87.3454035667164
3966287.0	99.62168920475109	89.52466060834551
3987990.0	160.677245831092	117.39507169672747
4003186.5	132.61973532796318	94.75817595459326
4027073.0	124.99654525713157	107.28757367901305
4057466.0	122.8103839699931	89.88298435658801
4087859.0	84.47033856480111	66.5351795329893
4118252.0	67.15148224920212	57.52967444927869
4148645.0	69.79916428124898	66.20571170448392
4179038.0	93.38548349949001	67.58785774184253
4209431.0	93.9055374592834	72.39056867388621
4239824.0	102.14993584048959	83.40981447443515
4259839.0	72.88679049496731	78.27971188321031
4275035.5	98.79644440161881	105.56140261710188
4300610.0	127.95406837100649	110.02707003831706
4331003.0	109.99802586121804	95.59289347639923
4361396.0	98.28019609778568	81.220252673086
4391789.0	100.21435856940742	70.82032250576816
4422182.0	72.5339058335801	66.08965175348894
4452575.0	73.82848024216102	57.569538832629526
4482968.0	79.4042378179186	61.19572821672918
4513361.0	80.86773270160893	60.50414357812797
4543754.0	71.31938275260751	58.86486741176661
4574147.0	64.46533741322015	52.80783081787962
4604540.0	59.38327904451683	55.106449631341754
4634933.0	73.87842595334452	56.78629079014023
4665326.0	72.2128121606949	57.602105001256604
4695719.0	62.44559602540058	56.861002966956065
4726112.0	88.00565919784161	64.02758264570953
4756505.0	64.34172342315665	54.952039521598515
4786898.0	82.75681900437601	69.17885952613527
4817291.0	86.22969104728062	86.4133765194741
4847684.0	70.52897048662521	62.143997978218906
4878077.0	77.54706675879315	66.0005221975236
4908470.0	70.764880071069	59.348874868130835
4938863.0	67.57848846773928	58.655335866605704
4969256.0	76.08080808080808	61.91854750015277
4999649.0	68.20264534596782	57.40148296948757
5030042.0	71.76386009936499	66.00522602640912
5060435.0	64.67995920113184	51.94781637341945
5090828.0	75.75530549797651	70.5745227958201
5121221.0	87.46260652123844	70.86770375050874
5151614.0	78.52393643273122	67.87641353878604
5182007.0	73.1598394367124	58.69730072354086
5212400.0	74.73352416674892	63.823352521228394
5242793.0	98.6951600697529	77.56327243744009
5273186.0	107.03658737209226	85.09974792963236
5303579.0	99.56644622116934	80.04684000390397
5333972.0	132.96008949429145	111.46341204710822
5352383.0	172.33613314667912	93.4291200142416
5367579.5	117.70756134201302	106.73125776332948
5394758.0	108.2681209489027	80.21002335458837
5425151.0	93.6908169644326	74.11450705023219
5455544.0	75.73457704076597	65.685067421174
5485937.0	84.75899055703616	77.23932612224836
5516330.0	85.19991445398611	70.75724765664042
5546723.0	87.74928437469154	61.55509919759432
5577116.0	97.11186786431087	91.06004173765487
5607509.0	79.67545158424637	61.89761341209039
5637902.0	75.39538709571283	61.81777871514714
5668295.0	82.39311683611358	63.11669435191093
5698688.0	90.97538906985162	67.63319260161039
5729081.0	80.41920837034843	74.66660739841409
5759474.0	67.28855328529596	65.33399809096984
5789867.0	87.01793176060276	65.6038409617578
5820260.0	91.20300727141118	74.18751834903145
5850653.0	109.08038035073865	80.62485017637277
5881046.0	128.78521370052314	124.7288991868763
5907241.5	148.2691153741249	107.63266688602617
5922438.0	154.63990470518166	108.48739919089354
5941832.0	133.11621096963117	98.99999484862762
5972225.0	94.29164610272102	82.77880527309725
6002618.0	101.14226960155298	78.03815165804434
6033011.0	88.34866581120653	68.1597461504587
6063404.0	69.63379725594709	60.06636071819736
6093797.0	93.64277958740499	68.22494419128239
6124190.0	64.3132300200704	60.92105672239441
6154583.0	65.72056065541408	58.26281000019264
6184976.0	60.53147106241569	54.057404131781844
6215369.0	74.67995920113184	56.90853755887415
6245762.0	78.76547231270358	59.19853868575534
6276155.0	68.98555588457869	58.084256083646075
6306548.0	66.70588622380153	53.91961709577577
6336941.0	63.628039351166386	56.25156888835963
6367334.0	82.49935840489586	64.60651140630115
6397727.0	102.15796400486954	85.04088406538924
6428120.0	75.47339847991314	59.47660123247142
6458513.0	67.39772315993814	55.95795062673718
6488906.0	83.93337281610897	57.98242750283493
6519299.0	78.97621162767743	66.31994057458587
6549692.0	88.1461191721778	70.481772737526
6580085.0	94.06893034580331	67.63496507459433
6610478.0	114.24548415753627	87.6495353981195
6640871.0	143.39410390550455	127.80039864771622
6660029.5	111.93992932862191	115.41703950709152
6675226.0	92.8576705683386	94.35598258013427
6701657.0	130.05705261079854	98.4174020661365
6732050.0	98.54680354028888	73.6211726150645
6762443.0	92.53584707004903	75.30179641646147
6792836.0	89.11104530648504	68.78771579078646
6823229.0	81.45612476557102	66.83337659452768
6853622.0	72.28295989208041	61.36755390481243
6884015.0	69.3483367880762	59.45973765554524
6914408.0	82.97835027802455	61.787526922538085
6944801.0	65.11976441943868	52.1665994166081
6975194.0	63.40091468430231	59.12831249799813
7005587.0	74.23923271806008	58.25122130905338
7035980.0	76.4628697397427	62.46638210139248
7066373.0	75.46665350574145	66.9599827653967
7096766.0	71.03800217155266	58.83555510628662
7127159.0	74.40163853518902	63.72197021209392
7157552.0	77.92162669035633	67.8600899448568
7187945.0	90.56641331885632	68.51312814582035
7218338.0	76.45441384529333	62.05273112815635
7248731.0	98.37781726055341	83.03216489608491
7279124.0	86.49564044352319	71.04960376277617
7309517.0	112.6949626558747	106.40693843866252
7327760.5	121.6437479488021	101.08124512578902
7342957.0	137.78192518210625	94.74317575766742
7370303.0	95.33356364952456	75.57398714276987
7400696.0	81.0863685717106	66.94289874829148
7431089.0	83.62152469318593	62.95091229887265
7461482.0	60.691277596815056	57.9439936447246
7491875.0	74.0299740071727	63.412217548247014
7522268.0	82.91004507616886	62.38798299198055
7552661.0	75.62902642055737	77.20900347423408
7583054.0	80.44882045207778	65.35608434314723
7613447.0	79.19573586023097	67.00518977057351
7643840.0	84.79903267199684	58.01585476238447
7674233.0	78.4163458691146	57.13909394614869
7704626.0	62.516303096107656	60.03906207157889
7735019.0	79.07521468759253	60.42554757923222
7765412.0	61.97976507748495	52.667126776433086
7795805.0	1945.1376961800415	2236.8804159650267
7826198.0	130.95271937617215	324.0025969874388
7856591.0	64.19790741289113	47.99403848468499
7886984.0	82.39084657651433	58.787700097519526
7917377.0	75.37439541999802	76.22810278022692
7947770.0	69.43983812061988	55.99512113825156
7978163.0	86.5175533840029	73.86091838515893
8008556.0	50.57766590991347	51.343941310360485
8038949.0	62.05550620208601	53.16439720955261
8069342.0	60.32500904813608	55.072039396099036
8099735.0	57.24390484651071	45.94396792537261
8130128.0	49.621458888559864	55.02105644079025
8160521.0	67.11647418813543	54.91693940194955
8190914.0	71.6275458164709	60.628994747668294
8221307.0	81.94738920146087	59.627562320348424
8251700.0	77.11183496199783	63.14244516074093
8282093.0	78.61938604283881	69.02574674008261
8312486.0	79.34836969038923	75.18765849349532
8342879.0	84.21820814003225	76.39528300635043
8373272.0	72.6079689402165	66.61701635489855
8398726.5	174.04245466952622	125.59729551029702
8413923.0	129.09152576693327	113.42687453670821
8434058.0	127.76530780113842	91.13987719515659
8464451.0	96.90540585003126	88.40409258080776
8494844.0	99.41680650149705	79.3447764993204
8525237.0	92.72424571447372	65.29394696107393
8555630.0	90.95749021156188	68.901542778871
8586023.0	87.08824400355346	80.63313870007096
8616416.0	97.8946467936696	78.6418806282049
8646809.0	78.99519626229724	62.68788952769098
8677202.0	70.4082848024216	62.872592226570276
8707595.0	68.08837561280558	60.757800986208856
8737988.0	74.47593195801664	61.005450752789415
8768381.0	76.5583193498503	71.06353999540259
8798774.0	84.94956075412101	77.7952019251124
8829167.0	57.26545586154707	54.07140594991941
8859560.0	80.6142203796927	58.584898565081545
8889953.0	73.79620307307604	62.259661282079215
8920346.0	62.335899713749875	54.815145363497244
8950739.0	59.69298851709275	53.5334339086032
8981132.0	63.70953838054815	56.31608530564718
9011525.0	86.52679893396505	59.64928757861955
9041918.0	73.87924851117033	58.99578779590395
9072311.0	90.03296811765867	71.49989479305103
9102704.0	80.83535682558484	63.20160102085012
9133097.0	69.31290099694009	58.71734004908071
9163490.0	74.44901786595598	62.05088165310425
9193883.0	80.21962293949265	68.4845072025724
9224276.0	89.5366367255618	73.44265346160451
9254669.0	83.75642417661962	69.1699845078702
9285062.0	119.67239166913434	85.05333939686989
9315455.0	121.93751850755108	102.91188952957555
9332033.5	143.10347322720693	122.81230310722424
9347230.0	151.97944189076694	116.12892964276672
9376241.0	123.80758727338532	91.46571273682524
9406634.0	112.07031224295068	80.96940481953374
9437027.0	115.69417300036193	91.11743339220415
9467420.0	93.95390385944133	69.89939233305903
9497813.0	67.20800842299214	58.921000799449814
9528206.0	83.27983417234232	57.95686888544934
9558599.0	74.88036718981344	62.51252182660346
9588992.0	78.28045931628994	60.99977831352084
9619385.0	69.40019083341559	61.61709959733161
9649778.0	77.16191228243345	57.58482247109967
9680171.0	76.45296614351989	63.2799657221031
9710564.0	54.95821406244859	46.98434674311619
9740957.0	65.03033593261607	48.534824856328015
9771350.0	77.73240548810581	56.934658383443065
9801743.0	70.26288948113053	57.318608900877216
9832136.0	88.39334715230481	68.83365042565732
9862529.0	87.62303819958544	75.39780941596003
9892922.0	73.6593294508604	64.4895180399495
9923315.0	97.27292468660546	70.11312310300546
9953708.0	66.41167374066397	56.76824406336207
9984101.0	91.62254466488994	65.91800560770531
1.0014494E7	104.82459776922317	77.31223291012512
1.0044887E7	119.71842200506696	102.5627825809307
1.007528E7	117.77586944362189	92.05513490835135
1.01041125E7	150.26536374303313	128.7230118498662
1.0119309E7	141.61006087792373	118.5880175689179
1.0136066E7	136.51284835323924	130.8022632067726
1.0166459E7	116.9186654821834	95.11486353435903
1.0196852E7	100.24002237357286	81.20671898213789
1.0227245E7	93.74711282203138	92.04174910580288
1.0257638E7	71.26213272793078	62.36321457949749
1.0288031E7	80.7752772019873	64.7923643043545
1.0318424E7	90.16378771427631	66.92288957017871
1.0348817E7	76.0330010199717	57.06362296394897
1.037921E7	72.67199684137795	59.98499055510604
1.0409603E7	75.0768927055572	63.603864797264364
1.0439996E7	73.75856282696674	61.48837816605394
1.0470389E7	71.13792649623268	68.35511448343735
1.0500782E7	64.61622742078768	53.68483762240392
1.0531175E7	65.80215839173493	53.957882018738886
1.0561568E7	64.55736518277234	53.613146949956864
1.0591961E7	69.21300957457309	60.54921727241547
1.0622354E7	75.74615865495345	59.08131946514376
1.0652747E7	65.75744414832363	53.44016604904703
1.068314E7	77.38818148915868	57.22478407313242
1.0713533E7	69.9551870496496	69.5606680507292
1.0743926E7	73.29592340341526	61.574579566149424
1.0774319E7	62.454183529102096	54.270661276777176
1.0804712E7	64.77705392689106	53.68513915805657
1.0835105E7	73.66268548678973	69.37071918436924
1.0865498E7	62.655052150166156	49.36617647197701
1.0895891E7	70.3682097851479	60.62961638763639
1.0926284E7	73.30447800480374	62.020725258549014
1.0956677E7	73.41572072516698	59.188870102078994
1.098707E7	68.63021090382654	55.27170201523895
1.1017463E7	62.11351297996249	54.55126448290731
1.1047856E7	96.59632152140296	65.00012553485773
1.1078249E7	88.06294212483138	78.24674868723756
1.1108642E7	68.62478202217616	63.30617478986696
1.1139035E7	103.4812292304149	85.01533090176224
1.1169428E7	114.7994933043793	89.48024094491713
1.1196832E7	153.1148883882859	113.78881765600296
1.12120285E7	185.415356306457	136.8463202147082
1.1230214E7	123.4511565163031	103.8285050971095
1.1260607E7	109.88888888888889	91.2381432079476
1.1291E7	84.73839370907776	65.71231153052246
1.1321393E7	103.79353798572039	79.25667420485509
1.1351786E7	90.38462803935117	70.78270128013818
1.1382179E7	80.75553581416774	65.72754413666385
1.1412572E7	68.59632152140296	61.386987128070245
1.1442965E7	71.8929358733919	61.42667153109527
1.1473358E7	68.31424999177442	57.240454354537704
1.1503751E7	71.49198828677656	57.18784667673254
1.1534144E7	57.809660119106375	53.58300710437143
1.1564537E7	81.26808804658968	63.06991309189985
1.159493E7	79.99312341657618	60.908498271709746
1.1625323E7	54.472444312835194	47.481128939502455
1.1655716E7	58.115717434935675	59.17362433215078
1.1686109E7	67.009081038397	52.55089424579726
1.1716502E7	60.964564208863884	47.62137904807769
1.1746895E7	51.900108577633006	44.23784099451829
1.1777288E7	61.70088507222058	56.13767705602542
1.1807681E7	62.581910308294674	49.71889724041171
1.1838074E7	63.96087914980423	59.009032387703186
1.1868467E7	65.79695982627578	61.818948848595795
1.189886E7	75.76228078833942	63.94266337112639
1.1929253E7	76.26749580495509	60.91837327020964
1.1959646E7	77.9834501365446	63.53016729928894
1.1990039E7	64.3359326160629	58.05683699204947
1.2020432E7	91.52107393149738	84.38627688892325
1.2050825E7	101.44237159872338	100.07782202018267
1.2081218E7	83.4027243115191	69.2614716082967
1.2111611E7	108.412726614681	81.69852466427984
1.21419565E7	114.30866723876163	138.8917919221914
