# Position (bp)	A	C	G	T	N
0.0	24.28574413952907	24.48447474641301	36.614761428140554	14.614723375666191	2.963102511806404E-4
1.0	22.18587710248156	21.31324805190296	13.827613872534188	42.67146292043431	0.0017980526469815036
2.0	30.1207692491136	22.320855870028623	14.715031805876839	32.842758422268496	5.846527124424098E-4
3.0	19.839989216198372	25.20584959966668	11.61432284925195	43.33977706328284	6.127160015379171E-5
4.0	39.23806164508225	10.89876486177525	10.886590300536215	38.97640011649743	1.830761088576646E-4
5.0	43.06681867765636	11.652487315785203	25.026511247486027	20.25418275907241	0.0
6.0	33.73125144033333	15.356868039272156	22.157467157371766	28.754413363022746	0.0
7.0	39.03427510815774	16.417015399984884	20.877397389127847	23.671312102729527	0.0
8.0	17.19884426431591	34.79472462582907	23.61913037203625	24.387300737818773	0.0
9.0	29.44233789304212	20.76019515200053	14.050950030463474	35.746516924493875	0.0
10.0	25.93973181594172	16.331587132647304	30.331265551843263	27.397400570096774	1.4929470939859464E-5
11.0	26.351328227646004	19.830640373418483	19.331444615890522	34.48651238503648	7.43980085141081E-5
12.0	23.39239123938554	22.114021814780063	25.2791506742579	29.2144362715765	0.0
13.0	22.05559915868138	28.646928492351716	19.629018693177365	29.668453655789534	0.0
14.0	31.14294902684315	22.21567478086164	21.688410964954212	24.952965227340997	0.0
15.0	31.21241413980061	20.505010077708764	20.801277684335155	27.481298098155477	0.0
16.0	30.22386651062705	20.12466195562821	19.893675332835247	29.757796200909493	0.0
17.0	30.25998063911907	20.02252838871562	20.081926451402527	29.63522910327154	3.3541749123466597E-4
18.0	29.78353066760312	20.044256675929446	20.737496922178426	29.434468636453094	2.4709783591715304E-4
19.0	29.405916724956143	20.775688564386645	20.592620001471968	29.225760221328095	1.4487857147410468E-5
20.0	29.234700721876372	20.79405679041903	20.707011706755104	29.264230780949486	0.0
21.0	29.00298896752152	20.916784639600188	20.90549954190276	29.174179869199385	5.469817761505869E-4
22.0	29.16170677055951	20.961420139263552	20.584979808392088	29.291003657217896	8.896245669537189E-4
23.0	29.327017564135833	20.929176742460285	20.679290385683213	29.064343662827635	1.7164489303519377E-4
24.0	29.02826867468316	20.906844288365093	20.715783655881534	29.34854726757914	5.561134910708849E-4
25.0	29.193550702707988	21.10972581517069	20.56230569471296	29.1335080502499	9.097371584558861E-4
26.0	29.448665806963596	20.814034888829056	20.72509813368855	29.011705187977384	4.959825414145423E-4
27.0	29.17169875264542	20.877144678693572	20.86626703816399	29.084875403691136	1.4126805882571492E-5
28.0	29.296303556631837	20.929439677971573	20.74046597459396	29.033776708255242	1.40825473863637E-5
29.0	28.95852464431775	20.485508846622373	20.53658282513227	28.44734964939637	1.572034034531232
30.0	29.059822120488622	20.873783825551758	20.947680981540127	29.11700527680847	0.0017077956110212729
31.0	29.176727107248475	21.099935299565804	20.572378986806555	29.149939591989433	0.0010190143897395023
32.0	29.34422295094382	21.000156472824123	20.622575297674235	29.03140259232593	0.0016426862318949526
33.0	29.075203316935067	20.862084907606686	20.912967939941083	29.149327330477593	4.165050395721438E-4
34.0	29.124531242687024	21.070213690469103	20.675766579697953	29.129377710733433	1.1077641248926506E-4
35.0	29.18212548096007	20.77703313966481	20.921725155333977	29.11889523585379	2.2098818735268028E-4
36.0	29.090786077022777	20.92652104979299	20.921794660861615	29.060374589059084	5.236232635343523E-4
37.0	29.13071584539624	21.036918287693755	20.77391263333346	29.05750440004362	9.488335329321556E-4
38.0	29.27311206167892	20.903382204058687	20.851767186490232	28.9707504378905	9.881098816614904E-4
39.0	29.12210307548709	20.884348765424487	20.839815995140984	29.15291027338546	8.218905619841097E-4
40.0	29.130639645192748	20.76429426599496	20.8200815697891	29.283781263451164	0.0012032555720304335
41.0	29.334524624080753	20.862178934654672	20.778305405290677	29.024991035973898	0.0
42.0	28.977629792496607	20.99765249899576	20.903741557962345	29.120104081446897	8.720690983950113E-4
43.0	28.99746494143926	21.110800492183625	20.817149973846792	29.073659537622188	9.250549081304844E-4
44.0	29.342183007050853	20.938778060451792	20.7863921665039	28.932293612125676	3.531538677819085E-4
45.0	29.034799621588448	20.899113988003403	20.925467165338045	29.140619225070104	0.0
46.0	29.058962516172464	20.954709507751613	20.761432188860557	29.224895787215367	0.0
47.0	29.315920646968163	20.88255119423922	20.805272277669612	28.995998915877152	2.5696524585623257E-4
48.0	29.048998641316643	20.78568070117192	20.926006393470324	29.23931426404111	0.0
49.0	29.111469045219756	21.100714833985574	20.751917937759934	29.035034824380705	8.633586540238585E-4
50.0	29.29683415985919	20.84464619268166	20.825083344201584	29.033220734679272	2.1556857829289086E-4
51.0	28.991140801163105	20.9179849245325	20.970170684306296	29.120703589998097	0.0
52.0	29.238998252979393	20.998187652622352	20.708733611012427	29.05408048338583	0.0
53.0	29.17641182564048	20.87315371224597	20.90257213118386	29.047862330929686	0.0
54.0	29.028062219556205	20.818661145291816	20.94964446044532	29.203632174706662	0.0
55.0	29.10276582282043	21.019468200260118	20.875204717198816	29.002561259720633	0.0
56.0	29.244825677252393	20.82202766377462	20.872929116179687	29.059735572176105	4.819706171968455E-4
57.0	29.036170863653627	21.025701459320032	20.990200617211702	28.947860178047293	6.68817673480269E-5
58.0	29.032032150164543	21.020606540455876	20.81599927507361	29.131362034305962	0.0
59.0	29.24854234637197	20.879705532667053	20.948520164904057	28.922617658932353	6.142971245686399E-4
60.0	28.952862025194676	20.968605595593807	21.018322976435215	29.059849131900638	3.6027087566238136E-4
61.0	29.042453080496937	20.94109399420228	20.91698792536612	29.09946499993467	0.0
62.0	29.22211448920805	20.854266100781874	20.763648675134863	29.159664279825968	3.0645504923999817E-4
63.0	28.92711847615233	21.01148201451111	20.89201196511453	29.168748382120928	6.391621010962695E-4
64.0	29.15489677585062	20.93245748400036	20.732290600633732	29.179676427258684	6.787122566117885E-4
65.0	29.29187836130427	20.804814939304485	20.878317543220025	29.02369893673948	0.0012902194317421381
66.0	28.97331110621567	20.919047619680704	20.989948739274926	29.1176925348287	0.0
67.0	29.183427486282376	21.09129713129187	20.682924495580725	29.04212497292355	2.2591392148029434E-4
68.0	29.19178981492625	21.008903125671665	21.05349712895385	28.745809930448235	0.0
69.0	29.0473887467562	21.01234150833103	20.983552003433495	28.956199849094126	5.178923851493959E-4
70.0	29.136799478218368	20.956255385718684	20.826460478134333	29.079966912056083	5.177458725365419E-4
71.0	29.356246622148934	20.823993918009933	20.961616462995742	28.858142996845395	0.0
72.0	28.92592963643879	20.94393088243392	21.12318698751152	29.006952493615767	0.0
73.0	29.073027260407702	21.072783667265565	20.680049429771806	29.174139642554923	0.0
74.0	29.269858730563662	20.84082702496827	20.830532526701024	29.058781717767047	0.0
75.0	29.029453323174927	20.871215653852843	20.86346816571718	29.23484135625086	0.001021501004188552
76.0	29.103543025254407	20.99765291226201	20.66747927658967	29.230489004029263	8.357818646479129E-4
77.0	28.978948758041074	20.99882116229285	20.907499384709073	29.114730694957004	0.0
78.0	28.73750156419129	21.095423564424046	20.86444741484131	29.30210992983798	5.175267053732409E-4
79.0	28.59662127322402	21.41663110799065	20.67877143723634	29.307976181548995	0.0
80.0	28.905798951331864	21.031521774194513	20.767303707934097	29.295375566539526	0.0
81.0	28.733069377558074	21.06057159611181	20.685883996230416	29.520475030099696	0.0
82.0	28.87024497806588	21.3207894291151	20.434458321848776	29.374467420939197	3.985003104981586E-5
83.0	29.186984296529072	21.2029613785748	20.38255325815827	29.22730173858006	1.9932815779986362E-4
84.0	28.75847118120009	21.351039155046827	20.388996667296368	29.50064217259999	8.508238567287072E-4
85.0	28.77872486906482	21.415589639255227	20.266275652334915	29.538931002853865	4.788364911713192E-4
86.0	28.947366670015818	21.39336163032174	20.359525680548337	29.299027393605165	7.186255089432279E-4
87.0	28.541341073057115	21.559983813584047	20.577560508979957	29.320834977252336	2.7962712654765296E-4
88.0	28.610987530999953	21.816799513620662	20.329427935340753	29.242518540014572	2.6648002405781654E-4
89.0	28.685634303607788	21.787756646479338	20.358964082392465	29.166724998063398	9.199694570140272E-4
90.0	28.569087846289843	21.73454976066181	20.605620694831295	29.089874409993826	8.672882232266458E-4
91.0	28.503742027010748	21.84213808444218	20.54397265648264	29.1100804649979	6.676706653017698E-5
92.0	28.772399912866025	21.924270954584756	20.545456003357064	28.7546791077588	0.0031940214333538693
93.0	28.495664776995227	21.850516396056303	20.57609833139658	29.077024976619864	6.955189320253296E-4
94.0	28.542178213262286	22.122936109453367	20.4106455774931	28.923784945476527	4.551543147156477E-4
95.0	28.702718541900385	21.90602212922771	20.540112223141808	28.850369992830466	7.771128996319835E-4
96.0	28.491940414767313	21.953516480141495	20.682278837012092	28.87223744504127	2.6823037824372676E-5
97.0	28.521490471427708	21.95066220053298	20.673249515012788	28.85435615849852	2.416545280017184E-4
98.0	28.695429301190234	21.773618440098737	20.619391930051016	28.91018943351656	0.0013708951434561127
99.0	28.275391868321105	21.825194832490276	20.92324476509833	28.97581869070575	3.498433845356038E-4
100.0	28.37010938109168	21.940437324987425	20.833329965440026	28.85593472645566	1.8860202520854668E-4
101.0	28.273261520611303	21.840802468794433	20.98511685135101	28.900657299387184	1.6185985607151832E-4
102.0	28.109893134467928	21.768039846910117	21.249276963765062	28.87262799210052	1.6206275637146352E-4
103.0	28.042694664586836	21.96654827322043	21.148125685022045	28.841306127858164	0.0013252493125269192
104.0	28.20809484945233	21.846335469785995	21.269451272778436	28.676077783289195	4.062469404527297E-5
105.0	27.851089468529644	21.839735747027518	21.484806511832012	28.824015689409997	3.525832008208137E-4
106.0	27.882329502327813	21.870561203127764	21.40908590271726	28.836543085536853	0.0014803062903103361
107.0	27.96603357171022	21.761179790815746	21.6616161705465	28.608858197057895	0.0023122698696410255
108.0	27.714820347554443	21.70282739646151	21.77157263242075	28.80866794865769	0.0021116749056047258
109.0	27.66229971777522	21.894043366353035	21.684800460489964	28.757055107728096	0.0018013476536832714
110.0	27.756214093595034	21.77550999483939	21.75039729871053	28.717728237429125	1.503754259213058E-4
111.0	27.61493532309556	21.76205653561102	21.86257816618143	28.75966305258993	7.6692252206306E-4
112.0	27.771845408133235	21.733555944684856	21.84610099254497	28.64799001514275	5.07639494188008E-4
113.0	27.95122814296502	21.508665552841332	22.157233039012343	28.382543324327326	3.2994085397766384E-4
114.0	27.722087826705096	21.575210364190422	22.30157986675557	28.401121942348915	0.0
115.0	27.461790388490737	21.804947952410004	22.219845661973597	28.51341599712567	0.0
116.0	27.70640418720143	21.527571570741806	22.4157972747309	28.3497147663526	5.122009732649089E-4
117.0	27.465158588589038	21.515178769209758	22.62286444896357	28.396798193237633	0.0
118.0	27.502274712957526	21.51607078789822	22.554422629281493	28.42698136614153	2.505037212327789E-4
119.0	27.579270744180768	21.38515819400705	22.81401809386824	28.221427372289103	1.25595654836905E-4
120.0	27.214335622696336	21.4437358687379	23.038318084363066	28.30310664212875	5.037820739504505E-4
121.0	27.230958134751415	21.514296985971	23.110367221762747	28.144377657514834	0.0
122.0	27.305821330354497	21.392704525761797	23.230854888015603	28.06801488573502	0.002604370133083314
123.0	27.165572331671413	21.32841135604099	23.365759730213885	28.138886750979538	0.0013698310941773
124.0	27.16849762365157	21.29038198649979	23.484980486319174	28.056139903529463	0.0
125.0	27.04884511784703	21.336019352524815	23.672014832691715	27.941657094040607	0.0014636028958306927
126.0	26.83686305533877	21.287320440315447	23.83144285627742	28.043290320971288	0.0010833270970753732
127.0	26.83070893162105	21.388840592474985	23.84162481083375	27.936352062555546	0.002473602514667176
128.0	26.8496733788603	21.178773634904648	24.01504108170025	27.955550895538465	9.610089963351133E-4
129.0	26.69963192867647	21.36166245068161	24.145406878530707	27.789399315657853	0.003899426453363723
130.0	26.71563246235074	21.25478135361945	24.228166577242956	27.79954308021444	0.0018765265724101803
131.0	26.755140445703702	21.044712007885362	24.444535844306387	27.754713795010126	8.979070944218825E-4
132.0	26.524849796944356	21.117321845009336	24.751705449446774	27.604539147238956	0.001583761360581778
133.0	26.420909925800668	21.218399685126606	24.714660563565065	27.644936515109546	0.0010933103981107595
134.0	26.46021640636713	21.080291223438294	24.984967107548623	27.47361838905608	9.06873589866419E-4
135.0	26.182269508958527	21.07810216964169	25.223706324946683	27.515599124370915	3.2287208219031725E-4
136.0	26.21573242577494	21.044054396957844	25.19907323963241	27.540433116457034	7.068211777761285E-4
137.0	26.22822332211525	20.901281916609157	25.386047235909327	27.482748487597835	0.001699037768427653
138.0	25.997217037706072	20.817029345621414	25.690148411314535	27.494537913970092	0.0010672913878923796
139.0	25.930641125269105	21.055739192188856	25.663214958969917	27.348396907963963	0.0020078156081636297
140.0	26.160562967070568	20.811244657493894	25.958211421252493	27.069070670680468	9.102835025739386E-4
141.0	25.909982411444034	20.748880762288554	26.048657378942785	27.290592713072943	0.0018867342516837606
142.0	25.783197160083393	20.851313837080447	26.261099528558816	27.102886872898708	0.0015026013786367648
143.0	25.898501483498315	20.619171499703178	26.344779875750135	27.135375836913344	0.0021713041350225476
144.0	25.512195985666185	20.628822808435576	26.72524932765788	27.131961262560967	0.001770615679392046
145.0	25.56420726951553	20.667927844047394	26.719255383862954	27.04628561490751	0.002323887666611734
146.0	25.564850411697705	20.462555244055654	26.995886605634777	26.975366132651597	0.0013416059602674249
147.0	25.260276941092858	20.51236336512719	27.24332477450827	26.98225969509607	0.0017752241756149698
148.0	25.255849553900784	20.58286015821728	27.172091603813552	26.986862965382347	0.0023357186860414533
149.0	25.29267611779292	20.36983044921675	27.5815799501395	26.75512381590603	7.896669448049129E-4
150.0	24.976200336607484	20.401492141514748	27.57923690878286	27.041216498565472	0.0018541145294335229
