#Position (bp)	Coverage	Std
15197.0	16.254828414437537	16.631691660972905
45590.0	14.397690257625111	10.38570791828396
75983.0	12.678215378541111	9.80404359867617
106376.0	12.993255025828315	10.487301036914008
136769.0	11.770670878162734	9.485292971017135
167162.0	18.008422992136346	11.422590338122665
197555.0	13.781133813707104	12.830100914946499
221485.0	15.420449991412378	11.466240295493455
236681.5	18.299860745783693	15.141840592577335
258341.0	16.572006712071857	11.976586355679053
288734.0	16.902707860362582	12.013430337432585
319127.0	16.258283157305957	11.76921245706945
349520.0	14.373507057546146	9.625869067885686
379913.0	12.875464745171586	10.270219693955097
410306.0	13.163294179580825	9.242687349307095
440699.0	13.909025104464844	12.278213055753012
471092.0	10.696147139143882	9.629549672458763
501485.0	13.214786299476852	10.229241594960383
531878.0	10.431349323857468	8.10101801889453
562271.0	10.405422301187773	8.447228776580074
592664.0	10.420754779060967	8.140246515432885
623057.0	9.62415687822854	7.983509226542911
653450.0	11.236106998321983	8.631813779681627
683843.0	11.238936597242786	8.304823405554952
714236.0	8.742144572763465	8.60121599882488
744629.0	11.470503076366269	8.993898208308241
775022.0	10.571118349619978	7.945720342005768
805415.0	12.60217813312276	9.669040447279395
835808.0	12.215773368867831	9.29072157158768
866201.0	13.764287829434409	10.315456690222927
896594.0	13.306715362089955	9.397072498363478
926987.0	14.340933767643865	9.939967205541862
957380.0	14.923041489816734	12.020903551696543
987773.0	16.295824696476163	11.940090253955187
1018166.0	18.41256210311585	12.975711855139194
1038382.5	18.671713147410358	14.161578259670806
1053579.0	18.760821500515895	15.641432154466386
1078952.0	15.105188694765243	10.942667867627087
1109345.0	14.406508077517849	10.271738117517309
1139738.0	11.846247491198632	10.982747153498215
1170131.0	11.394235514756687	9.348516564234414
1200524.0	10.575099529496924	9.811132251662851
1230917.0	12.776823610699832	10.669780107752485
1261310.0	12.52847695192972	10.162639515928317
1291703.0	15.11930378705623	10.871138563658041
1322096.0	16.538084427335242	12.958111141632427
1348657.5	17.442234931808184	13.895225752903515
1363854.0	16.977423985384313	12.221032992205732
1382882.0	16.977823841016022	12.866798462769925
1413275.0	13.728161089724608	11.174850082770167
1443668.0	14.664100286250124	11.297617723329349
1474061.0	14.990853156976936	11.077205036666115
1504454.0	14.030105616424835	10.44334723468261
1534847.0	14.200506695620701	10.625469500795177
1565240.0	13.602803277070379	10.104784475625976
1595633.0	12.513967031882341	9.381794251093705
1626026.0	13.664857039449874	10.192974033097046
1656419.0	11.841048925739479	9.537610387861172
1686812.0	10.218109433093147	8.217270934134692
1717205.0	10.00088836245188	8.060014910530699
1747598.0	10.630638633895963	9.992101971044757
1777991.0	9.696838087717566	8.636116172790247
1808384.0	8.95808245319646	8.710712807755094
1838777.0	9.478761556937453	8.23231037417
1869170.0	10.247622807883394	9.90446086436079
1899563.0	12.54058500312572	10.614571792594562
1929956.0	8.898562168920476	8.385096366877844
1960349.0	8.389398874740895	7.348375201556643
1990742.0	9.124337840950218	7.315728907513469
2021135.0	10.913763037541539	10.225992418134378
2051528.0	9.326489652222552	7.295804944111082
2081921.0	9.29654854736288	7.7412545927448795
2112314.0	9.502648636199124	8.467408257506115
2142707.0	9.27799164281249	7.544387126846787
2173100.0	9.451321027868259	8.050248536353102
2203493.0	8.02487414865265	6.513975419117422
2233886.0	10.226532425229493	9.382534207022891
2264279.0	8.094791563846938	6.925103788499667
2294672.0	8.698055473299773	7.489494061967583
2325065.0	9.342710492547626	7.347833404691395
2355458.0	12.522192610140493	11.685645265352715
2385851.0	9.10782087980785	7.090987549836876
2416244.0	10.122857236863751	8.051844397623052
2446637.0	12.512486427795874	11.488805977306507
2477030.0	10.957259895370644	9.586655211712676
2507423.0	11.023064521435858	8.277026234957793
2537816.0	10.777284243082288	8.994701167733785
2568209.0	12.572631856019479	10.403220321497184
2598602.0	10.612476557101964	8.873751217229655
2628995.0	12.122988846115883	8.538791854878168
2659388.0	12.931365775013983	10.220439083203141
2689781.0	13.188201230546508	9.436188548789138
2720174.0	11.727634652716086	9.733386945927258
2750567.0	14.026815385121575	10.175662413357678
2780960.0	13.5023196130688	9.552372491782425
2811353.0	14.132102786825914	10.528959145439888
2841746.0	14.848978383180338	11.82177167459567
2872139.0	17.081531931694798	14.721125820454194
2889645.5	21.435930735930736	12.944746046811819
2904842.0	18.344042214720833	12.567549990717247
2932925.0	15.442009673280031	11.640344263908396
2963318.0	13.79649919389333	10.506850455375595
2993711.0	12.932879281413483	10.13976944950878
3024104.0	11.415292995097555	8.346387958398184
3054497.0	12.159905241338466	9.635170388038864
3084890.0	12.650083900898233	10.087621584678882
3115283.0	11.896127397756063	9.984464621311666
3145676.0	12.739282071529628	9.98234878193957
3176069.0	11.548514460566578	9.11803983030999
3206462.0	14.651597407297732	11.357823933816071
3236855.0	13.643799559109006	10.098112126648084
3267248.0	15.703517257263186	11.829873566415424
3297641.0	18.323166518606257	12.016238642619223
3322340.5	18.64805850783963	14.497320925126246
3337537.0	0.03653288838148766	0.2703068196753003
3358427.0	0.04537228967196394	0.30894920311855567
3388820.0	0.051689533774224326	0.35568159020445633
3410819.5	0.0655593120682052	0.498122301087895
3426016.0	14.756776076726037	11.865461731647885
3449606.0	16.50396472872043	12.850824269322704
3479999.0	15.522390024018689	11.546942696296707
3510392.0	15.08722403184944	10.580188136738634
3540785.0	11.97904122659823	10.839472304472977
3571178.0	11.579705853321489	9.900789408014514
3601571.0	11.142335406179054	8.031315178241451
3631964.0	11.53124074622446	8.747211202056235
3662357.0	11.286546244200967	8.960079558614783
3692750.0	10.862172210706413	8.876138735084686
3723143.0	11.7978810910407	9.404445171529556
3753536.0	11.815911558582568	9.974967847008005
3783929.0	12.344256901260158	9.483832505820292
3814322.0	12.481591155858256	10.218587837537962
3844715.0	12.607409600894943	11.021823990904014
3875108.0	15.162208403250748	12.130458668423618
3905501.0	14.050570855131117	11.06109147175095
3935894.0	18.026091534234858	11.517801751242718
3966287.0	15.843944329286348	11.95619561683975
3987990.0	19.406823945285485	13.758360249463422
4003186.5	16.895857307249713	13.573537088427212
4027073.0	16.868292040930477	13.641082437359707
4057466.0	15.414898167341164	11.04760087434376
4087859.0	13.31385516401803	10.126037562914817
4118252.0	11.97084855065311	9.995644430320773
4148645.0	11.797288849406113	10.268175554141715
4179038.0	14.598887901819499	11.205713967980572
4209431.0	13.485276214917908	11.015738479945245
4239824.0	15.248708584213471	11.171198531763167
4259839.0	15.06952371069835	11.777449287314468
4275035.5	15.957698978608596	14.130916124526545
4300610.0	17.885631559898663	13.110674172266688
4331003.0	16.42453854505972	12.402101749001408
4361396.0	13.98295660184911	10.66211437999136
4391789.0	15.779093870299082	11.045352080677274
4422182.0	12.689007337215806	10.788033501578415
4452575.0	12.669331754022307	9.84124970564016
4482968.0	12.530977527720198	9.594748108269735
4513361.0	14.094265126838417	9.91571926289977
4543754.0	11.388313098410817	8.90987347973771
4574147.0	11.103872602243937	8.368668546029905
4604540.0	10.687230612312046	8.953057586879625
4634933.0	11.536472213996644	8.676332658215236
4665326.0	10.928174250649821	9.267148329809073
4695719.0	9.506004672128451	7.827918856557458
4726112.0	10.949560754121014	8.952133281543983
4756505.0	8.60043431053203	7.372288650750762
4786898.0	10.657454019017537	9.047195265797852
4817291.0	13.332313361629323	11.97701766139342
4847684.0	10.81212779258382	10.008476978226161
4878077.0	10.235514756687396	8.048456135714828
4908470.0	10.171750074030204	7.805704946434284
4938863.0	9.35916164906393	7.5813815863256115
4969256.0	11.16451156516303	8.429161777366081
4999649.0	11.215477248050538	8.621317462903809
5030042.0	10.160661994538216	8.168611868197416
5060435.0	10.753298456881518	9.131089600307808
5090828.0	13.268186753528774	11.000191429973762
5121221.0	13.563781133813707	10.347833080348606
5151614.0	12.109630507024644	9.14012407975592
5182007.0	11.796038561510874	9.7084366732295
5212400.0	12.727371434211825	10.739211714366082
5242793.0	14.141447043727174	9.360505169044481
5273186.0	15.3846609416642	11.059880743644259
5303579.0	15.491757970585333	11.709857022561364
5333972.0	18.10226038890534	12.533853739114544
5352383.0	17.74832788925183	11.169065171216438
5367579.5	15.789726256050743	12.846221744920937
5394758.0	14.635475273911757	10.498053491082777
5425151.0	14.60421807653078	11.296563413173486
5455544.0	14.221926101404929	10.735004354651664
5485937.0	12.344585924390485	10.24642255321399
5516330.0	12.92297568519067	10.7273867694295
5546723.0	12.03421840555391	8.711326585022757
5577116.0	14.183594906721943	15.239970598602886
5607509.0	11.542723653472839	8.708890106501068
5637902.0	11.271509887145067	8.538938278072061
5668295.0	12.182739446583096	8.373078646695937
5698688.0	12.861941894515184	9.71441818666592
5729081.0	12.398841838581252	10.07074799225699
5759474.0	12.244102260388905	10.04982487550385
5789867.0	15.134767874181556	9.837833925373864
5820260.0	14.648537492185701	11.583211813091923
5850653.0	15.966143519889448	12.341203367687834
5881046.0	18.332773994011777	13.240219980452995
5907241.5	19.99227202472952	15.486553796317178
5922438.0	17.529600952948183	12.926543739739177
5941832.0	17.297897542197216	11.357537138551857
5972225.0	15.698845128812556	12.060354206477275
6002618.0	16.06754844865594	10.776746054322844
6033011.0	14.194222353831474	10.141432313043852
6063404.0	12.359589379133354	9.943096415161245
6093797.0	14.644325996117527	11.358736416026902
6124190.0	11.406244859013588	9.484588784282417
6154583.0	11.444674760635673	8.934840549540203
6184976.0	10.740367847859705	9.263733967397888
6215369.0	11.04859671634916	8.373068822850454
6245762.0	11.73562991478301	9.632354462557439
6276155.0	9.93801204224657	8.859993793121301
6306548.0	10.223307998552299	7.790845000241436
6336941.0	10.719310367518837	9.242831520935402
6367334.0	12.14947520810713	9.17033379327264
6397727.0	14.323627150988715	11.925476542027578
6428120.0	11.837462573618925	9.568301674461587
6458513.0	12.118843154673774	8.610781604062215
6488906.0	12.233376106340275	8.407172618827712
6519299.0	15.211660579738755	11.402389092542595
6549692.0	14.97298720100023	11.932616059733919
6580085.0	16.07725463100056	10.524914702752412
6610478.0	17.337939657157897	11.830004286339014
6640871.0	18.94192741749745	14.977447154699163
6660029.5	18.43437657748612	13.684397907391997
6675226.0	16.088922515465754	13.317116326500619
6701657.0	17.927483302076137	13.33268431941305
6732050.0	14.654690224722797	10.952361977334919
6762443.0	15.004737933076695	10.659088216923697
6792836.0	15.431875760865989	10.830963727997707
6823229.0	13.432797025630903	10.117153388306692
6853622.0	12.414667851149936	9.731059292497465
6884015.0	11.567762313690652	8.931899610485713
6914408.0	11.564077254631	9.07054755903751
6944801.0	10.94219063600171	9.271913549919221
6975194.0	11.125982956601849	8.670319951633786
7005587.0	10.264962326851578	7.503280191670741
7035980.0	11.302668377586944	8.508062565304844
7066373.0	11.557398085085381	9.515167547156778
7096766.0	11.854012437074326	9.796679459769475
7127159.0	11.53377422432797	9.210107402919341
7157552.0	13.180699503175074	9.991764450065105
7187945.0	12.427039120850196	9.21994414940347
7218338.0	13.270588622380153	9.533761421928995
7248731.0	16.379396571578983	11.955581926302271
7279124.0	15.558253545224229	11.525838984689589
7309517.0	17.26032310071398	12.505044551803435
7327760.5	20.525270758122744	14.595666327705668
7342957.0	16.748919708629984	12.730371096114352
7370303.0	14.468726351462507	11.10817583707609
7400696.0	14.57707366827888	10.493956377618881
7431089.0	12.912841772776627	10.417199571799438
7461482.0	11.848484848484848	10.299956284552488
7491875.0	12.695192972065936	9.985418579782733
7522268.0	13.048366400157931	9.24749897493812
7552661.0	12.42065607212187	10.57634838674991
7583054.0	12.465041292402855	9.90290107704388
7613447.0	11.703780475767447	9.434839052045989
7643840.0	12.647320106603495	8.99589358568279
7674233.0	11.722995426578489	9.2193927838764
7704626.0	10.442536110288554	9.395330421971959
7735019.0	10.544566183002665	8.202960031921158
7765412.0	9.104760964695819	7.095350145183526
7795805.0	167.12312045536802	184.21540980927722
7826198.0	14.461718158786562	23.653379902486897
7856591.0	8.740466554798802	7.171916297458543
7886984.0	10.688645411772448	8.31972633051045
7917377.0	11.29401506925937	10.497558286130968
7947770.0	10.547264172671339	8.352547191284474
7978163.0	12.030303030303031	9.860560086240465
8008556.0	9.57480340867963	8.970296861067197
8038949.0	10.692231763893002	9.144428387062145
8069342.0	10.784193728819137	9.647549672719624
8099735.0	10.565853979534761	8.739886447130885
8130128.0	8.23242193926233	8.339085962318322
8160521.0	10.716020136215576	9.163532185442717
8190914.0	13.355279176126082	10.204070494206807
8221307.0	13.991379593985457	10.273051340840498
8251700.0	13.919784160826506	11.498332947855474
8282093.0	14.272233738031783	10.48995489754407
8312486.0	15.458033099726912	12.366201631175096
8342879.0	14.59638732602902	12.502959212779674
8373272.0	14.87717566544928	12.260524806423971
8398726.5	21.138720998245272	16.053568142541813
8413923.0	14.437683507137795	11.049485091426826
8434058.0	17.91034119698615	13.121799448548968
8464451.0	15.121672753594577	11.657652650977072
8494844.0	15.426775902345934	11.068656265109668
8525237.0	15.402493995327871	10.487169267469794
8555630.0	14.672161352943112	10.944468787118513
8586023.0	14.23255354851446	11.769738022969712
8616416.0	14.26499522916461	11.024108922163288
8646809.0	12.095252196229396	8.678211485567031
8677202.0	11.366005330174712	9.43209413106648
8707595.0	11.502911854703386	9.76753455855745
8737988.0	11.524857697496135	8.852210420145997
8768381.0	11.582963182311717	10.583426502169882
8798774.0	11.655183759418287	10.715106611216296
8829167.0	8.773105649327148	8.098444647698813
8859560.0	11.809199486723916	9.13573671120581
8889953.0	10.46533741322015	8.345672436206886
8920346.0	9.466587701115388	8.649955795724585
8950739.0	9.845457835685849	9.109747368673162
8981132.0	10.572335735202184	8.57882217510952
9011525.0	12.488730957786332	9.210218147075436
9041918.0	11.50031257197381	9.106073457662161
9072311.0	13.143980521830684	9.65826100936408
9102704.0	12.07031224295068	8.364252186432394
9133097.0	12.130457671174284	9.171571537966145
9163490.0	11.99292600269799	9.792045289714105
9193883.0	13.28292698976738	9.680468977121773
9224276.0	14.497450070739973	11.19665503913601
9254669.0	14.249498239726252	10.717157607310941
9285062.0	17.68361135787846	12.609847678722021
9315455.0	16.133912414042708	11.586696603568003
9332033.5	21.06548480463097	15.912727796749047
9347230.0	19.52093814470303	14.890830550560446
9376241.0	17.821439147172047	13.447864626323744
9406634.0	16.667127299049124	12.162127667051603
9437027.0	17.256736748593426	12.183291821661037
9467420.0	15.41976770966999	10.601032833991669
9497813.0	13.42782877636298	10.141112739950316
9528206.0	13.48313756457079	10.311421040569163
9558599.0	12.952949692363374	10.324253081515335
9588992.0	12.113842003092817	8.444661553626972
9619385.0	11.668344684631329	9.415543153076012
9649778.0	12.056657783042148	8.665833312249307
9680171.0	10.81683282334748	8.767381362094907
9710564.0	9.579672951008456	7.829778551905646
9740957.0	10.331194682986213	7.548603194839201
9771350.0	11.992728588819794	9.671127871619522
9801743.0	11.339946698252888	8.610858024922809
9832136.0	11.143947619517652	8.32623327976656
9862529.0	13.203007271411181	11.172821263451297
9892922.0	12.434211825091303	10.102631956130175
9923315.0	13.733392557496792	10.300734094720587
9953708.0	12.295561477971901	9.488409150249932
9984101.0	12.931661895831278	10.44239729992085
1.0014494E7	15.12927318790511	10.135535622476473
1.0044887E7	16.570657717237523	12.312842625014488
1.007528E7	17.686704175303525	12.542108196184712
1.01041125E7	19.129473452625405	12.903121318027148
1.0119309E7	21.524831784684395	16.56442956513527
1.0136066E7	17.06840390879479	12.359818380027281
1.0166459E7	17.526766031652024	12.31987783994291
1.0196852E7	15.448458526634422	11.426272412602357
1.0227245E7	15.826604810318166	14.123246587326156
1.0257638E7	12.68364426019149	9.974562124716927
1.0288031E7	13.15579245220939	8.943453386175863
1.0318424E7	13.937683019116244	11.203706889698577
1.0348817E7	12.589148817161847	9.950565469703099
1.037921E7	11.435659526864738	9.030908004079452
1.0409603E7	11.382555193630113	8.947684990710641
1.0439996E7	11.399434080215839	9.088403892636908
1.0470389E7	9.560128977067087	8.830058170017239
1.0500782E7	9.69094857368473	7.976885635291635
1.0531175E7	10.170993320830455	7.551150441957285
1.0561568E7	9.399927614911329	7.825491131762604
1.0591961E7	9.986575856282697	8.595596696277946
1.0622354E7	10.709044845852663	9.047318914173486
1.0652747E7	10.390188530253678	8.019702730707778
1.068314E7	10.850097061823446	8.51122534064649
1.0713533E7	11.357088803342876	10.372162059895203
1.0743926E7	11.115421314118382	8.455649555774027
1.0774319E7	10.133024051590827	7.904604711124233
1.0804712E7	9.880235580561314	8.424857189814698
1.0835105E7	11.72970749843714	11.257867390955843
1.0865498E7	10.597308590793933	8.382351146658998
1.0895891E7	10.679235350245122	8.77539932633402
1.0926284E7	12.299575560161879	9.504447265180785
1.0956677E7	11.779422893429409	9.611118861219293
1.098707E7	12.852334419109663	10.435092675606102
1.1017463E7	11.830421478629948	9.779963294003043
1.1047856E7	14.391438818148917	9.656141840693408
1.1078249E7	15.578554272365347	12.257537598560608
1.1108642E7	12.263317211199947	10.034842075154934
1.1139035E7	16.563254696805185	12.515308298072734
1.1169428E7	15.731484223340901	12.163231383028801
1.1196832E7	19.18533688306369	13.938701707247956
1.12120285E7	18.201405152224826	16.369969812927142
1.1230214E7	17.41246339617675	12.504193354473397
1.1260607E7	16.526634422399894	11.957999354428974
1.1291E7	14.102194584279275	9.603277881697942
1.1321393E7	16.04922186029678	11.045818258965742
1.1351786E7	14.50195768762544	10.693155098131069
1.1382179E7	14.139703221136445	10.572549255003818
1.1412572E7	12.03586352120554	8.60666916148228
1.1442965E7	13.095745730924884	9.61099561949473
1.1473358E7	11.942026124436548	9.94315763260216
1.1503751E7	11.88563155989866	9.553937849091767
1.1534144E7	10.769190274076267	8.683519676204567
1.1564537E7	11.281183167176653	8.45536938737657
1.159493E7	11.379923008587504	8.693093123953334
1.1625323E7	9.606258019938801	7.926199005294795
1.1655716E7	10.2548942190636	9.830826443079102
1.1686109E7	9.825486131675056	8.351727798510472
1.1716502E7	9.234527687296417	7.065598316092797
1.1746895E7	8.953903859441319	7.928811681686245
1.1777288E7	9.52646991083473	8.023158498146584
1.1807681E7	9.919290626131017	8.327843419170042
1.1838074E7	10.334386207350377	8.645780166698826
1.1868467E7	10.555950383311947	9.070630988369048
1.189886E7	11.420985095252195	9.023128027674776
1.1929253E7	12.384266113907808	9.503368859282649
1.1959646E7	13.56684104892574	10.469362024982567
1.1990039E7	11.475043595564768	9.44175536201428
1.2020432E7	14.405817128944165	12.116204917804883
1.2050825E7	16.375579903267198	14.528410826821254
1.2081218E7	15.169084986674564	10.87714011797464
1.2111611E7	17.28907972230448	12.086724206740804
1.21419565E7	17.59017096838075	15.312979001360208
