# Position (bp)	A	C	G	T	N
0.0	25.738902439531124	23.61662255205455	35.28157865212893	15.362688595160828	2.0776112456941505E-4
1.0	22.942790272331322	19.908034574866573	12.781540782532769	44.3659810592557	0.0016533110136346494
2.0	31.526525874788398	20.86572958075163	14.017633675213501	33.58990580266648	2.0506657999185885E-4
3.0	19.981519203181556	24.175741146319922	11.047738654985986	44.79500099551254	0.0
4.0	39.76058040128417	10.35721697095959	10.370034301618238	39.511964876445	2.0344969299441326E-4
5.0	44.20027748753181	11.264595205688394	23.93061392849578	20.604513378284018	0.0
6.0	34.626780960537104	14.632961555086062	20.87869472306493	29.861562761311898	0.0
7.0	40.33986322945549	15.445611316026508	19.872186466861574	24.342338987656433	0.0
8.0	17.580704034399496	34.00850761714519	23.23770787706674	25.173080471388577	0.0
9.0	30.01670820400797	20.03375616814529	13.135326459519577	36.81420916832716	0.0
10.0	26.510951667272465	15.531201919964946	29.795904141169206	28.161942271593382	0.0
11.0	26.788611713988846	19.188382670068584	18.5065105833574	35.51649503258517	0.0
12.0	24.169118265108853	21.456916968687114	24.23230769991446	30.141657066289575	0.0
13.0	22.655809626671815	27.937628847692665	18.883503947715923	30.523057577919595	0.0
14.0	32.130341072559546	21.356336624427414	20.95404087764691	25.559281425366137	0.0
15.0	31.94716481985516	19.89478751068855	19.868274041650604	28.28977362780568	0.0
16.0	30.992177738619908	19.47339592961719	19.030530794915627	30.503895536847274	0.0
17.0	31.041504025727367	19.263387048537883	19.416609378216407	30.278208250313632	2.912972047120236E-4
18.0	30.58907733302383	19.25689497584401	19.912177617866245	30.24165663189558	1.9344137033866748E-4
19.0	30.025117518578003	20.017034051724554	19.8133576640226	30.144490765674842	0.0
20.0	29.849783801523465	20.051377125759764	20.01222533773215	30.086613734984617	0.0
21.0	29.645990627814093	20.175914897034055	20.095710246120255	30.08200184690567	3.823821259299055E-4
22.0	29.813545118653106	20.27092141850455	19.98971546109016	29.925056184055155	7.618176970251019E-4
23.0	30.02217618782036	20.12436876591127	20.00703795182323	29.846227392239662	1.8970220547784089E-4
24.0	29.69004061680094	20.291583091544165	19.934072101199042	30.08392627186141	3.7791859444516354E-4
25.0	29.901607442301646	20.28433717706708	19.809689069731114	30.00361349867599	7.52812224164896E-4
26.0	30.06342696808221	20.08426939967424	20.040504041969758	29.811518442365614	2.8114790816584725E-4
27.0	29.855987875020883	20.195108384732904	20.088809499144663	29.860094241101553	0.0
28.0	30.01747892725291	20.19610594404327	20.03404720332518	29.752367925378643	0.0
29.0	29.636421505312672	19.794006728274667	19.80723752141908	29.151323264360503	1.6110109806330795
30.0	29.806949450995212	20.195816316182505	20.09597212106685	29.89987922816657	0.00138288358885949
31.0	29.9661035014743	20.41894197717017	19.757183824873913	29.857035613835357	7.350826462607724E-4
32.0	30.13281484683523	20.27793855825097	19.91187805432019	29.67636111864134	0.001007421952273843
33.0	29.85135798772818	20.197933762840957	20.01747118714617	29.932324252088964	9.128101957247621E-4
34.0	29.865655465373724	20.37435924036142	19.917444041310738	29.842177249608927	3.640033451907423E-4
35.0	29.96408009467318	20.19564459803829	20.03818872198465	29.80190507997125	1.8150533262667256E-4
36.0	29.812944921664798	20.194393058451997	20.074267606169702	29.917941451977903	4.5296173560442307E-4
37.0	29.91073812806241	20.32710343822501	19.97642856560942	29.785277267596427	4.5260050673152734E-4
38.0	30.07463280803226	20.26477997437438	20.031145262517825	29.628808553455478	6.334016200603722E-4
39.0	29.85288701429504	20.19828626085792	20.085080660121676	29.863474588464612	2.71476260758378E-4
40.0	29.85891863864766	20.268444594052884	19.99661571232469	29.87475420932091	0.0012668456538597619
41.0	30.033689899093186	20.1310494543829	20.038567378440817	29.796693268083096	0.0
42.0	29.793422233805344	20.243046506240407	20.0191664494831	29.943731358410798	6.334520603480728E-4
43.0	29.76230340525894	20.44540055641131	19.970984797337046	29.82067772128391	6.335197087981408E-4
44.0	30.0812743146186	20.26461910077671	20.03864083488829	29.61501306889531	4.526808210905806E-4
45.0	29.732763329899903	20.256229769724772	20.130941348168644	29.88006555220668	0.0
46.0	29.779264492904673	20.30221079896538	20.025339812688394	29.893184895441554	0.0
47.0	30.01383627497738	20.224354382726236	20.080098068905738	29.681529932958444	1.8134043220678612E-4
48.0	29.776248004726042	20.21091146020024	20.18150981098551	29.831330724088208	0.0
49.0	29.813210107988613	20.520832860495414	19.994189767636097	29.67113176971507	6.354941648017939E-4
50.0	30.025072902188427	20.228744810545155	20.024073619854832	29.72192697971457	1.8168769701759646E-4
51.0	29.62312485114259	20.328059008441464	20.146612050768788	29.90220408964716	0.0
52.0	29.8175102798297	20.33978021178269	20.023288817728613	29.819420690658998	0.0
53.0	29.826776154234025	20.283263583855014	20.107145392620694	29.782814869290263	0.0
54.0	29.7647505580037	20.199233046568153	20.107621178551167	29.928395216876986	0.0
55.0	29.787497688013474	20.42529618483501	20.074876473862936	29.712329653288577	0.0
56.0	29.934176338125756	20.258280379625663	20.058256675813908	29.74892193240767	3.6467402700411173E-4
57.0	29.737254283084496	20.309496812259457	20.219552265900163	29.733696638755884	0.0
58.0	29.747037636754296	20.407127561889705	20.111575807473315	29.73425899388268	0.0
59.0	29.99043843475259	20.229605418768248	20.130336828281777	29.649071377495527	5.47940701857245E-4
60.0	29.698224695259306	20.355554418340276	20.231364417691456	29.714765085338364	9.138337060251798E-5
61.0	29.685132331114477	20.418433535404894	20.156981162443405	29.739452971037224	0.0
62.0	29.84841248492634	20.251316143411596	20.103370095684586	29.79653529935972	3.659766177538917E-4
63.0	29.608522814124992	20.389234629103996	20.117107229911497	29.88458612928294	5.491975765741605E-4
64.0	29.689096682745664	20.351650203093467	20.082079794306058	29.876532357605655	6.409622491548454E-4
65.0	29.964187908152518	20.135646312087268	20.234381439994138	29.664502065377675	0.0012822743884009123
66.0	29.740472700622938	20.282612678636863	20.1534444851594	29.8234701355808	0.0
67.0	29.8432701850462	20.404658549303043	20.020142205067444	29.731745783012187	1.8327757113231633E-4
68.0	29.79359711109278	20.297872730438925	20.27019347979506	29.638336678673227	0.0
69.0	29.696894143485565	20.35760019579463	20.2799606577453	29.665361674667416	1.833283070822475E-4
70.0	29.794848050024985	20.448446117241474	20.107183298109852	29.649339158579018	1.833760446704045E-4
71.0	30.003878851456495	20.263285066238495	20.27603117386149	29.45680490844352	0.0
72.0	29.6617661083845	20.379041309945638	20.24836586922552	29.710826712444337	0.0
73.0	29.637146326342705	20.46740131253141	19.92714680322667	29.968305557899217	0.0
74.0	29.99939459649857	20.190023317207586	20.08591226052164	29.72466982577221	0.0
75.0	29.802428473786335	20.242388656724632	20.040917994284325	29.91362266453208	6.422106726239352E-4
76.0	29.529643010776358	20.5923924359119	19.819638855792718	30.05777536855989	5.503289591353231E-4
77.0	29.234517680847905	20.51954054187888	20.14686813962744	30.09907363764578	0.0
78.0	28.76768602998487	20.744578423731145	19.920407134014948	30.5670533217184	2.7509055063958555E-4
79.0	28.39212730272177	21.29604411909	19.665878956774993	30.645857920610947	9.170080229031923E-5
80.0	28.72534529424277	20.842165873266193	19.49005376541263	30.942435067078407	0.0
81.0	28.929117736284145	20.67911842366952	19.2027979334446	31.18896590660174	0.0
82.0	29.16943850370281	21.21843541940414	18.88697685584798	30.72514922104507	0.0
83.0	29.527667987811025	21.328052420662623	18.635831413917643	30.50844817760871	0.0
84.0	28.902235972282515	21.703786334320625	18.539593396307634	30.853743197475165	6.410996140580324E-4
85.0	28.722200038831108	21.7843444685816	18.460529641691426	31.032376354051806	5.49496844056459E-4
86.0	28.842741381678337	21.99752781211372	18.561186650185412	30.597903218422378	6.409376001465E-4
87.0	28.392512432141515	22.311861173733284	18.893102346752634	30.402249455621856	2.7459175071462504E-4
88.0	28.17997253403282	22.788701441643052	18.887564284727475	30.143487262909325	2.7447668732256226E-4
89.0	28.146556888007296	23.28854942005884	18.864846228484836	29.6994073013234	6.401621256309026E-4
90.0	28.19155791627019	23.258279792215674	19.200763423669972	29.348667619118135	7.312487260276101E-4
91.0	28.105517164532174	23.35017545397918	19.596136176400204	28.948171205088443	0.0
92.0	28.733475059354234	23.419023112781723	19.427296650695865	28.416645292143333	0.003559885024841608
93.0	28.888665906499426	23.242508551881414	19.059064994298748	28.809213226909918	5.473204104903079E-4
94.0	29.069200268774313	23.031077713886642	19.421314678377982	28.478224995464206	1.8234349685594225E-4
95.0	29.169783778020967	22.94819657073709	19.938729968098396	27.942742954720863	5.467284226793885E-4
96.0	29.078444336376837	22.65194275816472	20.510929096111568	27.758501672923053	1.8213642382417278E-4
97.0	28.948237990727755	22.568629289415927	20.63006862701368	27.852882034177874	1.8205866476354675E-4
98.0	29.056932346095966	22.350772545387382	20.501886098914195	28.089408185287155	0.0010008243152996924
99.0	28.790464457647847	22.170226887356407	21.216036221968658	27.823181514431056	9.091859603504003E-5
100.0	28.47721953276055	22.24093942169305	21.58729120327969	27.694458982075105	9.086019160597206E-5
101.0	28.127896747109038	22.252555946655818	21.98835899191158	27.631097524992033	9.07893315272309E-5
102.0	27.734619932179523	21.998644316337078	22.930472665370267	27.33617234423476	9.074187837503074E-5
103.0	27.499471743012272	21.80681120503354	23.452615121480967	27.240104363629435	9.975668437801253E-4
104.0	27.393406338427738	21.46230134632222	24.059233102088097	27.085059213161944	0.0
105.0	26.810593915020426	21.4572067788013	24.69289783792107	27.039029736510784	2.7173174641993426E-4
106.0	26.46450124663445	21.91487396951223	24.917660564163196	26.70187782801333	0.0010863916767912334
107.0	26.323630705788542	21.496513914923774	25.59935048301942	26.578785160673085	0.0017197355951778612
108.0	26.033739580250735	21.371900093484754	25.9114763622937	26.681616987618927	0.001266976351886392
109.0	26.032977077130525	21.391480620084884	26.076777585723203	26.497407263282685	0.0013574537786988354
110.0	25.839749088763654	21.178236744090086	26.559779638256366	26.422234528889906	0.0
111.0	26.026593929894325	20.80826143970664	26.793298394825648	26.37121274510425	6.334904691358918E-4
112.0	26.282366203707475	20.688675549475654	27.068772556481115	25.959823791415936	3.618989198221991E-4
113.0	26.43950838085911	20.28458445076613	27.67145258268399	25.604364074765645	9.051092512121676E-5
114.0	26.039499297534626	20.20826671763428	28.28929073189555	25.462943252935546	0.0
115.0	25.806076971095916	20.094036264390343	28.927311528243543	25.172575236270195	0.0
116.0	25.67446084078084	19.780514746693893	29.520320720346927	25.024157754229652	5.459379486927516E-4
117.0	25.399263628082895	19.677230336186454	30.078438029940436	24.845068005790214	0.0
118.0	25.17952018692256	19.581182127727363	30.516463303537666	24.722742824914828	9.155689757621426E-5
119.0	25.214303298415274	19.28261213031992	31.23739257277861	24.26569199848619	0.0
120.0	24.7971915569753	19.131366046889717	31.86613260289729	24.20494113440011	3.6865883758181923E-4
121.0	24.665331847460685	19.0995981670127	32.36508075964469	23.86998922588193	0.0
122.0	24.572287360474977	18.811182250773037	32.869898634496224	23.743380775943503	0.0032509783122592535
123.0	24.20975838659451	18.643852753799493	33.471372370486954	23.672124479554892	0.0028920095641555006
124.0	24.06786012046951	18.490196629476625	33.89371329005424	23.548229959999624	0.0
125.0	23.91268970019538	18.338681108009997	34.409943380376816	23.338403606949377	2.8220446842555305E-4
126.0	23.573828831126146	18.125752020657075	35.04751542763885	23.252431494105668	4.722264722604726E-4
127.0	23.413051352412307	18.153311954668634	35.48188281432231	22.9489092898579	0.0028445887388421007
128.0	23.29092740284936	17.8322903200626	36.02946076182172	22.84684554328394	4.759719823852289E-4
129.0	23.059845135492107	17.77195427081601	36.655695026635854	22.50916055485151	0.0033450122045159576
130.0	22.92830294390219	17.617459644383217	37.104718340531754	22.347888153590226	0.0016309175926121353
131.0	22.770476882996807	17.375626622235277	37.75826948728938	22.094374966893156	0.001252040585377129
132.0	22.485825011409606	17.212941977304546	38.34208714620544	21.95730872467647	0.0018371404039388291
133.0	22.27350198389589	17.13604634008091	38.74934970144503	21.840131379720003	9.705948581766793E-4
134.0	22.118129646410022	16.91415041945573	39.342706536883846	21.624331355412004	6.820418383950581E-4
135.0	21.819776926658086	16.741748203324583	39.952016931978676	21.48606671856845	3.9121947021059344E-4
136.0	21.624489451360827	16.586487258492458	40.38715807596905	21.401374420003986	4.907941736842054E-4
137.0	21.403185960654213	16.37129089325889	41.10799405833704	21.11624855694028	0.0012805308095712783
138.0	21.164962557034293	16.140310298199417	41.626831621316	21.06670936825374	0.001186155196545916
139.0	20.86315591069843	16.12130410844754	42.06796323576825	20.944997495151508	0.0025792499342787278
140.0	20.88045443323272	15.88893623121461	42.68644027301036	20.542974443108243	0.0011946194340689534
141.0	20.6097284423723	15.707944931233971	43.08798275329844	20.591746478282282	0.0025973948130025583
142.0	20.475494023996237	15.581416096867095	43.69504788120769	20.246738835152918	0.0013031627760574916
143.0	20.305258424434356	15.312214863944519	44.17967834389458	20.200635183789835	0.0022131839367109875
144.0	19.962670747513737	15.168819475008178	44.70364732436678	20.163853008749864	0.0010094443614456858
145.0	19.75552034493798	15.02163967110942	45.1785880722457	20.04182048798674	0.0024314237201593395
146.0	19.42442678552547	14.788079416333868	45.92070160312981	19.864352119205837	0.002440075805021676
147.0	19.294212950209864	14.706872593490411	46.24926287093661	19.74628476749572	0.003366817867396348
148.0	18.93795774813777	14.638825133170078	46.77897915059972	19.641165403330454	0.003072564761983771
149.0	18.967665479185357	14.369831436838624	47.1518513662917	19.50982588310105	8.258345832683849E-4
150.0	18.55367942319049	14.195952909527382	47.33084450865432	19.917239833234216	0.0022833253935882146
