#Position (bp)	Coverage	Std
15197.0	101.53815023196131	45.57745833546442
45590.0	86.09795018589807	26.39118140516361
75983.0	80.40989701576021	31.086446514697222
106376.0	83.84746487678083	26.951744021015713
136769.0	77.4353305037344	31.200360172792664
167162.0	108.63494883690323	44.25794730941296
197555.0	95.10170104958378	39.79294450695761
221485.0	96.6205415927177	38.143843121491365
236681.5	127.21073804734644	47.72246049125741
258341.0	113.94515184417465	47.0690224739077
288734.0	98.61787253643931	33.03936607230297
319127.0	91.9609449544303	30.36045422798906
349520.0	89.88869147501069	30.021051739194466
379913.0	82.98078504918895	32.26932670902931
410306.0	82.81805020892969	26.362359042210002
440699.0	85.63846938439772	36.71704841701749
471092.0	82.86835784555655	36.16022000588788
501485.0	84.71723752179778	34.84231202812945
531878.0	72.32849669331755	26.270264037731234
562271.0	72.90422136676209	27.623040670353873
592664.0	67.50248412463397	24.16024152247057
623057.0	67.94057842266311	26.668900434524897
653450.0	70.79719014246702	25.67722165219084
683843.0	71.85615108742145	25.791407290555302
714236.0	56.43536340604744	31.1266492260399
744629.0	79.11394071003191	25.990440120539112
775022.0	73.26279077419143	26.693954427442353
805415.0	77.50593886750238	27.03215261555089
835808.0	80.73882143914717	28.399535378466368
866201.0	83.9802257098674	29.522626301840127
896594.0	85.18060079623598	26.779008992253228
926987.0	89.15144934688908	28.71507425988883
957380.0	97.73766985819103	35.090605680832525
987773.0	104.00184252952982	30.93134068663881
1018166.0	105.43608725693416	36.91550597847861
1038382.5	108.84561752988049	43.64427236144691
1053579.0	120.635139782833	71.32821801920825
1078952.0	88.18171947487909	30.286178218077488
1109345.0	82.55927351692824	27.611670891620637
1139738.0	76.92636462343303	37.47271570183927
1170131.0	78.48790839996052	29.862066789410534
1200524.0	75.34169052084361	35.5912772860574
1230917.0	87.96492613430725	34.22738621384756
1261310.0	87.99299180732406	36.3877683720643
1291703.0	95.35149541012733	31.468830658246578
1322096.0	117.29621952423255	43.554681705001336
1348657.5	117.68829740431148	46.664844359283045
1363854.0	124.00600287093827	41.304185698682424
1382882.0	110.39305103148752	40.11808688859629
1413275.0	93.21758299608463	30.266565415789074
1443668.0	97.01737242128121	34.016822468273276
1474061.0	90.82950021386503	30.924127818067817
1504454.0	92.72394959365643	31.184326378703172
1534847.0	87.1175599644655	30.168425207685765
1565240.0	83.56111604645807	29.80566201642605
1595633.0	79.66663376435363	30.42574496433491
1626026.0	84.92965485473628	30.10849332086072
1656419.0	75.22659822985555	23.149722465904695
1686812.0	73.17977823841017	28.723836156249668
1717205.0	70.99045832922054	28.0670088095604
1747598.0	71.62876320205311	25.452988775014653
1777991.0	68.93465600631724	22.675256171808606
1808384.0	73.80604086467278	32.563504592453555
1838777.0	72.53907149672622	25.576345366486468
1869170.0	79.04053564965616	35.44620276645054
1899563.0	86.04797157240154	39.1431832312113
1929956.0	68.98160760701478	29.704091253773708
1960349.0	69.21077221728687	25.051086552337466
1990742.0	68.73056295857599	28.174644883053706
2021135.0	82.31668476293883	36.64569172416523
2051528.0	74.84144375349587	27.395663708405003
2081921.0	70.77090119435397	25.98480734733212
2112314.0	71.11505938867502	23.757563167401614
2142707.0	68.45411772447603	26.554833484517495
2173100.0	72.31030171421051	26.542300806625025
2203493.0	68.76991412496298	24.074171954038132
2233886.0	80.58924752410094	39.95039697431746
2264279.0	66.06583752837824	23.19912401610596
2294672.0	69.5503569900964	23.403078357271397
2325065.0	71.18076530780114	26.31265173070874
2355458.0	92.13904517487579	50.68539869013283
2385851.0	76.04790576777548	27.503555463304878
2416244.0	75.01325963215214	25.482804195058048
2446637.0	88.11584904418781	44.78325975950092
2477030.0	77.54588227552397	27.697098642058247
2507423.0	70.09785147895897	25.449243634719497
2537816.0	73.81094330931464	27.57808045353523
2568209.0	89.93649853584706	48.318693557867896
2598602.0	74.5218964893232	28.619007263436743
2628995.0	78.23340900865331	21.270801064429808
2659388.0	84.9995064653045	30.56250038478549
2689781.0	91.31174941598394	33.25848075748386
2720174.0	86.7735662817096	28.207580327483456
2750567.0	94.74444773467575	33.75223310968869
2780960.0	89.68459842726944	29.649543279919076
2811353.0	98.48004474714573	34.29995751953834
2841746.0	97.6089889119205	34.552685370764785
2872139.0	115.82532162010989	54.0883697192589
2889645.5	164.06991341991343	56.64519519366262
2904842.0	106.34543902533659	44.956829484356774
2932925.0	91.07133221465469	32.270672063937006
2963318.0	88.32099496594611	30.2752983360422
2993711.0	84.61616161616162	28.79512597814761
3024104.0	76.54552035008061	27.315940933678736
3054497.0	76.03856151087422	23.63296553226674
3084890.0	85.82749317277005	35.342970379221555
3115283.0	79.8600335603593	26.55155170302327
3145676.0	77.96972987201	29.72750314318967
3176069.0	80.2202809857533	30.612317888631992
3206462.0	89.05952028427599	29.077567845301495
3236855.0	90.6486361991248	31.038552927629855
3267248.0	87.85174217747507	29.687803494146294
3297641.0	110.07301023261935	29.83490309079959
3322340.5	112.16631590024203	36.59822645898536
3337537.0	0.02107666637393519	0.20402552803147453
3358427.0	0.013753166847629388	0.19162197510825452
3388820.0	0.006712071858651663	0.20067992214446861
3410819.5	0.0374834631780097	0.3064786271583957
3426016.0	112.27342586525288	37.692486467061016
3449606.0	98.26177080248742	33.248127205735614
3479999.0	91.75500937715921	34.3395556190981
3510392.0	88.30553087882078	33.760899598846926
3540785.0	78.22008357187511	33.511655581058704
3571178.0	78.9199815747047	34.010262521279664
3601571.0	76.57398085085381	27.434027553359826
3631964.0	71.8838548349949	26.65265400268361
3662357.0	79.30911723094134	27.528048826262538
3692750.0	73.38696410357647	25.032885947691582
3723143.0	78.3123087553055	27.36890306893793
3753536.0	65.89793702497286	23.585771539000408
3783929.0	76.66097456651202	32.69291518842053
3814322.0	82.91659263646234	28.77130647366846
3844715.0	84.29315960912052	30.192465454536936
3875108.0	105.81982693383345	50.24494832025075
3905501.0	100.15473957819235	40.25532795727113
3935894.0	104.9398545717764	41.34207752479787
3966287.0	107.40492876649229	37.48887550367166
3987990.0	120.24052870206717	38.13893576882321
4003186.5	101.80512082853855	36.17577755173974
4027073.0	95.24255585167637	28.52350781043587
4057466.0	86.23084262823677	26.851603684063534
4087859.0	89.21021287796532	34.870181947476425
4118252.0	85.21347020695555	28.65218752266296
4148645.0	86.84266113907807	33.68229489566228
4179038.0	88.40552100812687	27.789435450660097
4209431.0	80.37298062053762	26.77126608246877
4239824.0	96.823413285954	32.366152507184374
4259839.0	111.48739234201516	35.142898962874234
4275035.5	112.633551744074	44.501966086301714
4300610.0	110.5912216628829	35.624830516607624
4331003.0	107.98743131642155	40.185585989965254
4361396.0	93.80469186983845	40.047615442728116
4391789.0	98.02447932089626	30.506060839909853
4422182.0	86.29059322870398	31.587187845005257
4452575.0	85.56364952456158	27.36230832409708
4482968.0	81.05471654657322	26.794858323932438
4513361.0	85.92853617609317	33.3090746788357
4543754.0	82.2002105748034	26.49609225180563
4574147.0	79.46757477050636	32.113129473656834
4604540.0	80.1176586714046	26.567423411152713
4634933.0	73.2056394564538	22.984051869607686
4665326.0	74.49106702201165	28.711248111228084
4695719.0	69.09337676438653	24.6785006573768
4726112.0	72.2172539729543	21.24057308983791
4756505.0	66.9906228407857	29.03532974569521
4786898.0	76.289606159313	28.50527701360712
4817291.0	98.50465567729411	63.0160425353708
4847684.0	81.05840160563288	30.835439587440924
4878077.0	74.72809528509855	27.64099690020401
4908470.0	74.0673181324647	24.820651056121292
4938863.0	74.54209850952522	26.619109824779123
4969256.0	78.6970684039088	28.05115514504777
4999649.0	80.29088934952127	28.573529412636304
5030042.0	74.85190668904023	28.19961303347475
5060435.0	77.57483631099267	32.92523653074345
5090828.0	96.08396670285921	37.853829582259
5121221.0	85.32296910472806	33.62261846550942
5151614.0	83.2610469516007	26.383072764121923
5182007.0	85.2173526798934	33.26071351214451
5212400.0	84.5773039844701	27.428906557635887
5242793.0	79.47570164182542	28.964287510234975
5273186.0	91.16283354719837	27.84492676769421
5303579.0	97.49916099101767	35.4775534101882
5333972.0	105.85447306945679	41.076317709241195
5352383.0	106.67179965780059	33.762966953021696
5367579.5	112.76577366049074	43.630985675700884
5394758.0	94.44789918731287	31.61921333711578
5425151.0	93.74533609712763	36.05398146997726
5455544.0	99.18142335406179	39.31670355413129
5485937.0	76.55670713651169	26.5830065386411
5516330.0	82.83282334748132	29.27980496145073
5546723.0	76.2170565590761	23.31966123690467
5577116.0	117.26604810318166	141.58316571589586
5607509.0	78.01174612575264	25.134629109965175
5637902.0	72.8329878590465	28.89610182056466
5668295.0	81.06004672128451	26.606614224812812
5698688.0	83.12437074326326	25.856974449727815
5729081.0	87.05636166222486	28.041317734366018
5759474.0	89.55604909025105	34.051612618438945
5789867.0	96.322903300102	31.322858671259816
5820260.0	93.50274734313822	34.43244680843263
5850653.0	106.3993024709637	33.076995809201264
5881046.0	109.10824860987728	38.21745735466293
5907241.5	122.8623056641513	76.2150010445237
5922438.0	113.42680166765932	49.17480942589063
5941832.0	110.60510643898266	39.846664283134295
5972225.0	107.99940775836541	43.529827916821226
6002618.0	91.6412660810055	30.584900198615124
6033011.0	81.37781726055341	27.65977951389371
6063404.0	78.96097785674333	28.74397563480583
6093797.0	76.18129174480966	22.293794195518892
6124190.0	84.10759056361663	35.731189394813875
6154583.0	79.64666206034285	28.45474171143551
6184976.0	78.18948442075478	23.501029574826983
6215369.0	71.91639522258414	26.736067277289113
6245762.0	82.15770078636528	25.8970561999553
6276155.0	75.12772677919257	25.5789489789739
6306548.0	70.73335965518376	25.181506083033984
6336941.0	78.23159938143651	27.496644806283825
6367334.0	79.2083703484355	26.259808344705444
6397727.0	108.03688349290955	55.499782355218805
6428120.0	82.38535189023789	27.97633088270874
6458513.0	82.24574737604054	33.02609916025157
6488906.0	77.77531010430033	24.842248977389275
6519299.0	83.28875069917416	26.030315095758443
6549692.0	93.73816339288652	34.43179845399826
6580085.0	96.95643733754483	34.60884498913897
6610478.0	107.25130786694305	33.011360310030234
6640871.0	109.35745072878623	36.10143430728482
6660029.5	123.2205956587582	46.06616704906789
6675226.0	117.85130624415862	50.881393412988764
6701657.0	101.3649853584707	30.13219647873855
6732050.0	97.59908531569769	31.843304660829965
6762443.0	86.57687625440069	32.583666530661006
6792836.0	94.36613693942684	27.434478495825413
6823229.0	84.90214852104103	31.204772094464065
6853622.0	84.29569308722404	27.755995539500546
6884015.0	76.31530286579147	25.2947894732122
6914408.0	73.96449840423782	27.41221995598213
6944801.0	72.70822228802685	26.525351676801467
6975194.0	79.69262659164939	32.91402743093104
7005587.0	76.75073207646497	28.38880748613176
7035980.0	78.41210147073339	29.030012368852944
7066373.0	87.58266706149442	28.171632969275347
7096766.0	80.77034185503241	30.519624366253975
7127159.0	83.02365676307045	28.1080998679928
7157552.0	89.49090251044649	32.43996654753981
7187945.0	80.22024808344027	28.33340475061691
7218338.0	85.70407659658474	26.61676433351158
7248731.0	97.75497647484619	32.33353939613204
7279124.0	97.86190899220215	34.40207523166955
7309517.0	112.9371236797947	41.955814411265
7327760.5	125.13258943222843	50.870094275822915
7342957.0	116.71352730565044	45.175999159255326
7370303.0	93.74721152897048	35.39189902551317
7400696.0	92.88424966275129	35.93074988391896
7431089.0	73.3004968249268	25.657471173123007
7461482.0	80.55456848616458	31.383021232024845
7491875.0	88.38347645839502	31.767125018819478
7522268.0	92.65781594446089	32.41593254135351
7552661.0	88.39117559964465	36.59250403153625
7583054.0	82.41114730365544	28.95483988226335
7613447.0	84.58562826966735	29.759957193352378
7643840.0	85.28483532392328	29.507503979550936
7674233.0	82.74303293521534	29.035979051721135
7704626.0	81.7813312275853	28.881852758224117
7735019.0	77.37383608067647	26.908367548685725
7765412.0	67.91425657223702	25.738359173774988
7795805.0	1831.9794360543547	1675.7028309712716
7826198.0	104.07764945875695	135.61894535216382
7856591.0	67.69104728062383	23.32289485477597
7886984.0	79.05540749514691	24.783702879202032
7917377.0	90.12812160694897	42.18691613679871
7947770.0	77.65626953574836	26.91360348311402
7978163.0	85.08232158720759	48.891192781684445
8008556.0	73.48813871615175	29.804919086018014
8038949.0	77.82087980785049	30.207490491953685
8069342.0	72.26529134998191	22.428019447306532
8099735.0	76.73684730036521	29.990413476151065
8130128.0	59.971276280722535	36.32826858989898
8160521.0	78.36633435330504	32.34603910090168
8190914.0	92.3321817523772	35.44486747902623
8221307.0	86.71993551146646	28.722545754508143
8251700.0	89.73990721547725	30.417591759722846
8282093.0	97.82890797223045	33.51761860696882
8312486.0	105.22715756917711	32.342227945605515
8342879.0	94.91050570855131	37.62719246947085
8373272.0	115.80048037377027	41.46396970543337
8398726.5	151.44341002144668	64.14380914103151
8413923.0	113.34777766528298	44.572776541585355
8434058.0	92.35393018129174	31.779549333885114
8464451.0	90.70055604909025	34.66878073400243
8494844.0	82.51103872602243	27.815923993490156
8525237.0	89.44832691738229	30.822019308933363
8555630.0	87.99460402066265	31.11614358290114
8586023.0	100.72329154739579	48.22455500802171
8616416.0	96.22061000888363	46.08276534101097
8646809.0	72.41598394367124	24.69860436300684
8677202.0	81.27766261968216	26.81852059833298
8707595.0	78.29335702299872	32.00039996624322
8737988.0	81.01450992004737	27.471076668047562
8768381.0	86.85072220577106	45.471306191597144
8798774.0	86.54160497482972	37.09198235205801
8829167.0	69.01862270917646	23.57590607975286
8859560.0	72.203829829237	26.587275710216097
8889953.0	68.932385746718	26.047299607938733
8920346.0	70.52548284144375	28.1945867465892
8950739.0	73.47017405323594	27.014331246927394
8981132.0	79.19349850294476	29.261140759878238
9011525.0	75.9544961010759	27.365525940538816
9041918.0	77.31280229000099	28.748909875633164
9072311.0	82.92866778534531	29.447067200701003
9102704.0	84.41687230612312	27.35505527545417
9133097.0	84.89092883229691	29.683408850142122
9163490.0	81.94344092389694	29.386511165206457
9193883.0	87.87806402790116	31.430262732874287
9224276.0	92.68575000822558	39.939615280479025
9254669.0	99.71374987661632	39.20265202137685
9285062.0	103.17596157009838	31.68298754951173
9315455.0	98.92235054124305	30.95006820578191
9332033.5	125.89978292329957	51.72691078699602
9347230.0	118.93709508125521	42.08598312680977
9376241.0	111.59342611785608	42.573545710072594
9406634.0	106.34231566479123	35.888374926631556
9437027.0	111.58615470667588	44.59839326111096
9467420.0	90.41476655808903	28.603753447444674
9497813.0	94.26779192577239	30.76323508308716
9528206.0	78.41654328299279	24.02904476395091
9558599.0	81.92662784193729	30.03458945420142
9588992.0	79.0003948277564	27.09323103350168
9619385.0	76.8821439147172	27.97016697332907
9649778.0	74.97835027802455	27.78650374574437
9680171.0	72.54081531931695	23.742425329019422
9710564.0	69.91192050801172	25.108193481869783
9740957.0	70.5399598591781	23.74506167195935
9771350.0	73.28108446023755	21.363816625548324
9801743.0	73.8219984864936	26.054929334231286
9832136.0	68.10709702892113	24.061687275107193
9862529.0	85.60267166781824	33.28424526891234
9892922.0	87.98447010824862	39.82801385117414
9923315.0	81.03086236962459	25.857938966600454
9953708.0	81.01516796630803	27.32824523929494
9984101.0	81.47043727174021	25.594961671685063
1.0014494E7	93.50271444082519	29.929675523116302
1.0044887E7	97.87681374000593	34.13106920638333
1.007528E7	111.33504425361103	34.32858548877671
1.01041125E7	120.69976532707538	54.5278219586705
1.0119309E7	156.0576738224928	50.159907704424384
1.0136066E7	113.59336031323002	42.21136375534289
1.0166459E7	106.45800019741388	37.529788780363894
1.0196852E7	97.66127068732932	35.0523474462756
1.0227245E7	105.12818741157503	51.22219110419003
1.0257638E7	83.68982989504163	29.51979204862423
1.0288031E7	85.63567268778995	28.353781516156122
1.0318424E7	81.09591024249005	26.545071208204035
1.0348817E7	74.72753594577699	28.53437185903223
1.037921E7	80.7859704537229	31.7231462826137
1.0409603E7	82.52242292633171	27.979180959600512
1.0439996E7	78.2171552660152	26.870334420053116
1.0470389E7	70.4642845392031	24.899782017918568
1.0500782E7	70.94432928634883	23.979883457748254
1.0531175E7	75.15730595860889	25.643008400746442
1.0561568E7	69.89994406606785	27.059688888481706
1.0591961E7	72.0411607936038	25.706984986382977
1.0622354E7	75.48247951831014	27.24940228066853
1.0652747E7	74.62488072911526	26.68868033233845
1.068314E7	75.78198927384595	29.56024716434782
1.0713533E7	88.20241502977659	41.34173411179373
1.0743926E7	78.9682163656105	28.153216386988245
1.0774319E7	73.44872174513868	26.982216536316052
1.0804712E7	67.14579014904747	23.513157067043004
1.0835105E7	79.73579442634818	38.672470369314425
1.0865498E7	74.04991280887046	25.315797691160665
1.0895891E7	71.99355114664561	25.22477310956916
1.0926284E7	81.83759418287106	27.314141337059894
1.0956677E7	81.49853584707004	24.598524781899584
1.098707E7	85.32214654690225	26.29462050338129
1.1017463E7	79.77728424308229	29.714086288539225
1.1047856E7	84.38429901622084	24.518457120671208
1.1078249E7	95.41137761984668	34.6539510707168
1.1108642E7	88.8873753824894	36.38650380744831
1.1139035E7	103.16516961142368	35.02715690419323
1.1169428E7	102.1399664396407	37.3496177487053
1.1196832E7	128.39307802580382	60.056466023252895
1.12120285E7	112.76212780194045	48.13588125889139
1.1230214E7	107.44358898430559	36.1231041892794
1.1260607E7	115.42898035731912	42.114488541346425
1.1291E7	90.42789458098905	26.585737427065066
1.1321393E7	90.05488105813839	28.92795712658012
1.1351786E7	86.02994110485967	25.645536606911048
1.1382179E7	89.07087158227223	29.53142825024538
1.1412572E7	90.23630441220018	34.78617226812988
1.1442965E7	91.20294146678512	28.194991683208357
1.1473358E7	79.3152370611654	27.656342729878645
1.1503751E7	74.86220511301944	25.7138820702417
1.1534144E7	79.10926858158129	26.904680692912446
1.1564537E7	76.39157042740105	24.377723136482363
1.159493E7	70.18379232060013	22.715712323238307
1.1625323E7	71.83334978448985	26.098142699195673
1.1655716E7	76.63988418385813	37.33506463052773
1.1686109E7	70.33961767512257	26.641659876897357
1.1716502E7	68.78731944855723	26.65956252227057
1.1746895E7	72.47537261869509	25.61386374841041
1.1777288E7	67.24367453031948	24.182388461237494
1.1807681E7	69.62020860066463	28.073336634425104
1.1838074E7	71.00964037771855	25.010894872111635
1.1868467E7	72.87332609482446	25.29831167136479
1.189886E7	73.27292468660546	26.515474933515527
1.1929253E7	82.7898200243477	29.837331937127228
1.1959646E7	88.02832889152107	27.68913893741698
1.1990039E7	83.73918336459053	34.538553678343575
1.2020432E7	95.93998618102853	45.472016745607135
1.2050825E7	108.71279570953838	55.541779030852254
1.2081218E7	95.08508538150232	35.19231959398095
1.2111611E7	101.29493633402429	28.667515419002626
1.21419565E7	121.75783880124101	56.11992048238168
