#Insert size (bp)	insert size
141.0	1.0
142.0	2.0
144.0	4.0
145.0	2.0
146.0	2.0
147.0	8.0
148.0	10.0
149.0	14.0
150.0	51.0
151.0	14036.0
152.0	27096.0
153.0	27629.0
154.0	27694.0
155.0	27645.0
156.0	27811.0
157.0	27611.0
158.0	27910.0
159.0	27198.0
160.0	26631.0
161.0	26700.0
162.0	26881.0
163.0	26587.0
164.0	26600.0
165.0	26793.0
166.0	26904.0
167.0	26909.0
168.0	26787.0
169.0	26383.0
170.0	26230.0
171.0	26287.0
172.0	25709.0
173.0	25544.0
174.0	25515.0
175.0	25789.0
176.0	25884.0
177.0	25703.0
178.0	25526.0
179.0	25251.0
180.0	25263.0
181.0	24678.0
182.0	24672.0
183.0	24403.0
184.0	23928.0
185.0	24279.0
186.0	24328.0
187.0	24091.0
188.0	23956.0
189.0	23520.0
190.0	23430.0
191.0	22965.0
192.0	22675.0
193.0	22585.0
194.0	22350.0
195.0	22086.0
196.0	22202.0
197.0	22309.0
198.0	21938.0
199.0	21650.0
200.0	21806.0
201.0	21421.0
202.0	20963.0
203.0	20624.0
204.0	20421.0
205.0	20123.0
206.0	20167.0
207.0	19913.0
208.0	20022.0
209.0	19765.0
210.0	19792.0
211.0	19578.0
212.0	19227.0
213.0	18911.0
214.0	18792.0
215.0	18528.0
216.0	18565.0
217.0	18155.0
218.0	18190.0
219.0	18061.0
220.0	18101.0
221.0	17727.0
222.0	17583.0
223.0	17170.0
224.0	16726.0
225.0	16769.0
226.0	16516.0
227.0	16267.0
228.0	16193.0
229.0	16291.0
230.0	16169.0
231.0	15946.0
232.0	15482.0
233.0	15936.0
234.0	15182.0
235.0	15080.0
236.0	14961.0
237.0	14974.0
238.0	14512.0
239.0	14742.0
240.0	14773.0
241.0	14466.0
242.0	14466.0
243.0	14371.0
244.0	14155.0
245.0	13935.0
246.0	13894.0
247.0	13478.0
248.0	13664.0
249.0	13320.0
250.0	13221.0
251.0	13016.0
252.0	13009.0
253.0	12973.0
254.0	12626.0
255.0	12693.0
256.0	12607.0
257.0	12356.0
258.0	12251.0
259.0	11975.0
260.0	12091.0
261.0	11927.0
262.0	12016.0
263.0	11676.0
264.0	11662.0
265.0	11411.0
266.0	10984.0
267.0	11156.0
268.0	10912.0
269.0	10605.0
270.0	10865.0
271.0	10506.0
272.0	10407.0
273.0	10393.0
274.0	10342.0
275.0	10285.0
276.0	10106.0
277.0	9827.0
278.0	10131.0
279.0	9888.0
280.0	9891.0
281.0	9944.0
282.0	10006.0
283.0	9714.0
284.0	9859.0
285.0	9616.0
286.0	9595.0
287.0	9540.0
288.0	9174.0
289.0	9378.0
290.0	9564.0
291.0	9095.0
292.0	9057.0
293.0	9311.0
294.0	9125.0
295.0	9023.0
296.0	8936.0
297.0	8874.0
298.0	8885.0
299.0	8632.0
300.0	8573.0
301.0	8450.0
302.0	8448.0
303.0	8469.0
304.0	8616.0
305.0	8453.0
306.0	8326.0
307.0	8326.0
308.0	8296.0
309.0	8083.0
310.0	8242.0
311.0	8183.0
312.0	8038.0
313.0	8074.0
314.0	7804.0
315.0	7813.0
316.0	7794.0
317.0	7842.0
318.0	7692.0
319.0	7625.0
320.0	7553.0
321.0	7516.0
322.0	7455.0
323.0	7481.0
324.0	7402.0
325.0	7334.0
326.0	7240.0
327.0	7196.0
328.0	7306.0
329.0	7000.0
330.0	7094.0
331.0	7125.0
332.0	6902.0
333.0	6978.0
334.0	6869.0
335.0	6971.0
336.0	6901.0
337.0	6805.0
338.0	6675.0
339.0	6566.0
340.0	6522.0
341.0	6533.0
342.0	6289.0
343.0	6493.0
344.0	6348.0
345.0	6407.0
346.0	6194.0
347.0	6323.0
348.0	6319.0
349.0	6301.0
350.0	6181.0
351.0	6125.0
352.0	6144.0
353.0	5994.0
354.0	6076.0
355.0	5932.0
356.0	5909.0
357.0	5742.0
358.0	5695.0
359.0	5791.0
360.0	5741.0
361.0	5743.0
362.0	5664.0
363.0	5471.0
364.0	5625.0
365.0	5525.0
366.0	5465.0
367.0	5535.0
368.0	5483.0
369.0	5479.0
370.0	5438.0
371.0	5133.0
372.0	5187.0
373.0	5117.0
374.0	5053.0
375.0	5091.0
376.0	5227.0
377.0	5005.0
378.0	5042.0
379.0	4962.0
380.0	4881.0
381.0	4920.0
382.0	4998.0
383.0	4779.0
384.0	4860.0
385.0	4737.0
386.0	4748.0
387.0	4677.0
388.0	4578.0
389.0	4672.0
390.0	4713.0
391.0	4607.0
392.0	4424.0
393.0	4572.0
394.0	4434.0
395.0	4291.0
396.0	4342.0
397.0	4537.0
398.0	4308.0
399.0	4187.0
400.0	4364.0
401.0	4180.0
402.0	4275.0
403.0	4141.0
404.0	4248.0
405.0	4117.0
406.0	4190.0
407.0	4149.0
408.0	4033.0
409.0	4039.0
410.0	4053.0
411.0	3913.0
412.0	3949.0
413.0	3884.0
414.0	3827.0
415.0	3775.0
416.0	3844.0
417.0	3854.0
418.0	3722.0
419.0	3727.0
420.0	3757.0
421.0	3646.0
422.0	3679.0
423.0	3626.0
424.0	3617.0
425.0	3661.0
426.0	3653.0
427.0	3575.0
428.0	3589.0
429.0	3525.0
430.0	3508.0
431.0	3438.0
432.0	3327.0
433.0	3384.0
434.0	3285.0
435.0	3332.0
436.0	3232.0
437.0	3295.0
438.0	3202.0
439.0	3175.0
440.0	3272.0
441.0	3126.0
442.0	3092.0
443.0	3069.0
444.0	3155.0
445.0	3084.0
446.0	3106.0
447.0	2951.0
448.0	2933.0
449.0	2950.0
450.0	2944.0
451.0	2916.0
452.0	2921.0
453.0	2935.0
454.0	2772.0
455.0	2897.0
456.0	2799.0
457.0	2702.0
458.0	2710.0
459.0	2777.0
460.0	2632.0
461.0	2706.0
462.0	2737.0
463.0	2655.0
464.0	2658.0
465.0	2631.0
466.0	2575.0
467.0	2575.0
468.0	2598.0
469.0	2596.0
470.0	2478.0
471.0	2511.0
472.0	2544.0
473.0	2520.0
474.0	2514.0
475.0	2461.0
476.0	2426.0
477.0	2419.0
478.0	2402.0
479.0	2458.0
480.0	2353.0
481.0	2343.0
482.0	2301.0
483.0	2319.0
484.0	2277.0
485.0	2185.0
486.0	2192.0
487.0	2229.0
488.0	2224.0
489.0	2197.0
490.0	2216.0
491.0	2096.0
492.0	2175.0
493.0	2159.0
494.0	2176.0
495.0	2014.0
496.0	2141.0
497.0	2048.0
498.0	2049.0
499.0	2033.0
500.0	2082.0
501.0	1995.0
502.0	2014.0
503.0	1935.0
504.0	1880.0
505.0	1838.0
506.0	1946.0
507.0	1902.0
508.0	1950.0
509.0	1905.0
510.0	1849.0
511.0	1880.0
512.0	1900.0
513.0	1856.0
514.0	1820.0
515.0	1909.0
516.0	1748.0
517.0	1790.0
518.0	1741.0
519.0	1712.0
520.0	1698.0
521.0	1756.0
522.0	1700.0
523.0	1683.0
524.0	1681.0
525.0	1636.0
526.0	1625.0
527.0	1595.0
528.0	1636.0
529.0	1669.0
530.0	1604.0
531.0	1511.0
532.0	1557.0
533.0	1545.0
534.0	1440.0
535.0	1624.0
536.0	1536.0
537.0	1540.0
538.0	1554.0
539.0	1479.0
540.0	1474.0
541.0	1442.0
542.0	1533.0
543.0	1473.0
544.0	1422.0
545.0	1410.0
546.0	1315.0
547.0	1406.0
548.0	1361.0
549.0	1313.0
550.0	1392.0
551.0	1308.0
552.0	1323.0
553.0	1328.0
554.0	1343.0
555.0	1216.0
556.0	1319.0
557.0	1277.0
558.0	1236.0
559.0	1251.0
560.0	1254.0
561.0	1195.0
562.0	1161.0
563.0	1213.0
564.0	1215.0
565.0	1143.0
566.0	1149.0
567.0	1159.0
568.0	1190.0
569.0	1170.0
570.0	1158.0
571.0	1102.0
572.0	1102.0
573.0	1140.0
574.0	1068.0
575.0	1082.0
576.0	1091.0
577.0	1065.0
578.0	1113.0
579.0	997.0
580.0	994.0
581.0	1096.0
582.0	1093.0
583.0	995.0
584.0	976.0
585.0	985.0
586.0	915.0
587.0	1006.0
588.0	992.0
589.0	1004.0
590.0	953.0
591.0	911.0
592.0	853.0
593.0	917.0
594.0	928.0
595.0	939.0
596.0	885.0
597.0	883.0
598.0	980.0
599.0	897.0
600.0	866.0
601.0	883.0
602.0	851.0
603.0	762.0
604.0	843.0
605.0	870.0
606.0	877.0
607.0	833.0
608.0	796.0
609.0	816.0
610.0	786.0
611.0	773.0
612.0	768.0
613.0	780.0
614.0	752.0
615.0	692.0
616.0	733.0
617.0	737.0
618.0	755.0
619.0	691.0
620.0	773.0
621.0	742.0
622.0	717.0
623.0	687.0
624.0	676.0
625.0	667.0
626.0	685.0
627.0	668.0
628.0	643.0
629.0	634.0
630.0	666.0
631.0	673.0
632.0	634.0
633.0	642.0
634.0	612.0
635.0	674.0
636.0	660.0
637.0	638.0
638.0	633.0
639.0	592.0
640.0	636.0
641.0	590.0
642.0	627.0
643.0	579.0
644.0	583.0
645.0	575.0
646.0	577.0
647.0	581.0
648.0	575.0
649.0	544.0
650.0	542.0
651.0	554.0
652.0	501.0
