# Position (bp)	A	C	G	T	N
0.0	27.798675186657945	21.701140635426338	33.47695623994631	17.02282995447806	3.9798349134997625E-4
1.0	23.37452992510768	19.002389855913595	12.091530103122473	45.530406363486264	0.0011437523699868821
2.0	33.279725098331156	19.406550280200797	12.830590593204876	34.482827973092796	3.0605517037945594E-4
3.0	21.968552497658962	21.625767049467242	10.204046638235145	46.20157568831736	5.812632128394069E-5
4.0	40.47785261822152	9.536661535868511	9.810437756452348	40.17490316530296	1.4492415466827512E-4
5.0	45.09020452547254	10.48034909243168	22.090381928645755	22.33906445345003	0.0
6.0	35.18338775476052	13.640134189188057	19.803580821229293	31.372897234822133	0.0
7.0	39.850973032859	15.342513554973076	19.527899405285634	25.27861400688229	0.0
8.0	18.484900596545714	31.90494518195557	22.82876711443153	26.78138710706719	0.0
9.0	30.298823426848166	19.150844432412715	13.414046610971484	37.13628552976763	0.0
10.0	27.640971325098473	15.241751506130353	27.555749040909415	29.561499505767998	2.8622093766265397E-5
11.0	27.578273789245454	18.165492725880934	18.103856727944134	36.15237675692948	0.0
12.0	25.52499729096208	20.393423596575776	23.180952326635833	30.900598269637676	2.851618864029109E-5
13.0	23.925640454152507	25.957937919662243	18.415866018918372	31.70055560726687	0.0
14.0	32.90917573837121	20.305165586548494	20.12031705692613	26.66534161815417	0.0
15.0	32.59801387589469	18.847416638905518	19.28932591958187	29.265243565617926	0.0
16.0	31.73318595208278	18.447864779212676	18.31057257559211	31.508376693112428	0.0
17.0	31.875843233562502	18.294990392419187	18.51491121696542	31.31425515705289	0.0
18.0	31.573982802509043	18.328043501477893	19.129961977261413	30.968011718751654	0.0
19.0	30.94546870631747	18.992413631379808	19.1082407835797	30.953848710641267	2.816808176067412E-5
20.0	30.76083456713052	19.019359719017633	19.246645547995765	30.973160165856083	0.0
21.0	30.545703854135333	19.14189524290681	19.29070838057588	31.021692522381983	0.0
22.0	30.676047510071726	19.26826786477144	19.099055561847074	30.956544968733635	8.40945761240922E-5
23.0	30.930059419685463	19.156691082009242	19.17180489743597	30.741290663860347	1.5393700897592703E-4
24.0	30.599338407637305	19.27637025419259	19.183831157716774	30.940460180453332	0.0
25.0	30.74800675871736	19.36753092537287	19.101188802135646	30.783175860575785	9.765319833755196E-5
26.0	30.909783075483197	19.17026243477367	19.286531446191766	30.633241960869146	1.8108268221340428E-4
27.0	30.709975513769244	19.245328943753996	19.328544574884678	30.715858885316678	2.920822754043775E-4
28.0	30.877870096141493	19.271657876554183	19.233117949537	30.616992982955633	3.6109481169252776E-4
29.0	30.45498040455646	18.89081191425156	19.09523968014911	30.02152309155912	1.537444909483751
30.0	30.666367724927806	19.264043845280753	19.429740474624943	30.639141684535776	7.06270630719061E-4
31.0	30.706921068229885	19.496857781309547	19.134619613275177	30.66160153718539	0.0
32.0	30.798671079827056	19.420106305327074	19.206736031456543	30.57325738056879	0.0012292028205370786
33.0	30.64954766541393	19.212419455532228	19.385019177287074	30.752586099163526	4.2760260324464853E-4
34.0	30.566025987365315	19.493926629128318	19.303502682025485	30.63648959797307	5.5103507806651706E-5
35.0	30.760917629260543	19.187447770356595	19.407826941401815	30.64376638432047	4.1274660577828736E-5
36.0	30.753167973211703	19.223595093063164	19.380976880144143	30.642081413641055	1.7863993993300726E-4
37.0	30.647389688321812	19.368669122612452	19.369506376857743	30.61372108727758	7.137249304118193E-4
38.0	30.784291547819553	19.272199818070522	19.369704148663942	30.573681096951137	1.2338849484544562E-4
39.0	30.668398234250255	19.24665306501431	19.43698307352972	30.647541089123692	4.2453808202459195E-4
40.0	30.651621567530103	19.239971146110367	19.347236151138457	30.760664974631098	5.061605899807837E-4
41.0	30.777204593389474	19.266329753235215	19.275909906110403	30.680555747264908	0.0
42.0	30.61990971107051	19.28787904024938	19.42835306122505	30.66305267018054	8.055172745227447E-4
43.0	30.561411975048358	19.537729246599007	19.273743664461968	30.62651496066064	6.001532300315039E-4
44.0	30.782845478676908	19.343663453942558	19.299824466897068	30.5734213092908	2.4529119266982705E-4
45.0	30.60354622259939	19.329760089249863	19.41541283849072	30.651280849660022	0.0
46.0	30.60153222461509	19.447025722040138	19.248617639124742	30.702824414220032	0.0
47.0	30.81696002048649	19.36214046866384	19.2895841440644	30.53131536678527	0.0
48.0	30.597397531768944	19.267489301701854	19.396810060780215	30.738303105748987	0.0
49.0	30.61914415566668	19.51586009930483	19.232335558005147	30.632361640145977	2.9854687735572145E-4
50.0	30.727406478295507	19.332833872908793	19.342814041391936	30.596945607403764	0.0
51.0	30.5251768487221	19.362470604256565	19.429219521415956	30.68313302560538	0.0
52.0	30.618042646491695	19.435850438294313	19.308267361697887	30.637839553516105	0.0
53.0	30.67307380021868	19.334612594862026	19.423791016661074	30.56852258825822	0.0
54.0	30.547054995453244	19.306250611959182	19.409546617360114	30.73714777522746	0.0
55.0	30.532242870021587	19.497735409917162	19.37313227071279	30.596889449348463	0.0
56.0	30.663477416064012	19.28463669884195	19.371387845437607	30.680498039656435	0.0
57.0	30.561706550360547	19.453327214516772	19.423610720134217	30.561342013628	1.3501360464587214E-5
58.0	30.488527815101	19.524946329452753	19.38953016460857	30.596995690837677	0.0
59.0	30.683167402078304	19.337502351901044	19.409984738775446	30.569332019640648	1.3487604554224554E-5
60.0	30.5573785077975	19.365994585966654	19.520933543279913	30.555652919479737	4.0443476197666144E-5
61.0	30.494053042767476	19.418183758593397	19.430607782721335	30.657155415917792	0.0
62.0	30.755774319031552	19.349984758785386	19.298610483450247	30.595320630570065	3.0980816274465246E-4
63.0	30.448592704464033	19.40736932563515	19.41022396241359	30.733814007487226	0.0
64.0	30.514138755195123	19.434993600826157	19.29966063110876	30.750641667263423	5.653456065377642E-4
65.0	30.657608790723774	19.413359671774224	19.33309291432247	30.595588759693577	3.4986348595903637E-4
66.0	30.520657260258677	19.36484213202647	19.461498052420197	30.653002555294652	0.0
67.0	30.62582878538056	19.56743118895903	19.199255471664618	30.60748455399579	0.0
68.0	30.67981858453069	19.385897530190082	19.538399253599394	30.39588463167983	0.0
69.0	30.517188278655567	19.415239457738803	19.514450301349576	30.55267833653259	4.436257234628133E-4
70.0	30.543164442628417	19.514416821686254	19.372345401563457	30.569750750008062	3.2258411380767536E-4
71.0	30.716891835865546	19.379405743612047	19.39878486713541	30.504917553387003	0.0
72.0	30.6125380588834	19.400012738925398	19.477776622136865	30.509672580054335	0.0
73.0	30.426770835068908	19.57555371263861	19.333451397066607	30.66422405522588	0.0
74.0	30.736959525661195	19.319863206226344	19.38820097269123	30.554976295421238	0.0
75.0	30.5062599099061	19.36278590007711	19.45431208305504	30.676642106961754	0.0
76.0	30.58911798106984	19.475268847255418	19.19881663673951	30.73617846437952	6.180705557099239E-4
77.0	30.687083561086485	19.406920041041253	19.345285603797123	30.560710794075142	0.0
78.0	30.531587716468096	19.378696097893506	19.37633107899553	30.713237292961743	1.4781368112369572E-4
79.0	30.375596741261536	19.66476724554192	19.383220542185036	30.576402032028057	1.3438983453789182E-5
80.0	30.61548637411607	19.482532139790194	19.41140235225616	30.490579133837574	0.0
81.0	30.46041615359053	19.46553956610159	19.400018174994006	30.674026105313875	0.0
82.0	30.420057270452634	19.71119255895553	19.259579664404345	30.60915706052551	1.3445661979015894E-5
83.0	30.67996531302467	19.528207644152946	19.19895573268435	30.592817515201105	5.3794936928126195E-5
84.0	30.44594908539321	19.46185641926454	19.363413387687302	30.727987429209602	7.936784453480421E-4
85.0	30.46169666446255	19.5395009329149	19.2565988288305	30.74166532777971	5.382460123371369E-4
86.0	30.613839838559265	19.420026964220718	19.290643932296547	30.674883539118582	6.057258048884495E-4
87.0	30.3945353079511	19.538132264021755	19.354131138336125	30.712931986909194	2.693027818304106E-4
88.0	30.316458296431048	19.76959503009543	19.201509721661907	30.712181021123037	2.559306885815176E-4
89.0	30.52270885776768	19.688937920313872	19.298752703611907	30.488832437171297	7.680811352400879E-4
90.0	30.449613669705055	19.567574840119896	19.403953707770526	30.57802194898558	8.358334189388529E-4
91.0	30.39355361416232	19.753359167323843	19.304413668627618	30.548673549886214	0.0
92.0	30.608648293570116	19.660303634595657	19.354215802244834	30.374214404250765	0.002617865338626279
93.0	30.346644200612143	19.646996717849845	19.35248078436773	30.653108726793064	7.695703772109959E-4
94.0	30.27216384160872	19.890428789857754	19.26288728797544	30.574006765225914	5.133153321751318E-4
95.0	30.560132931317195	19.70164250298836	19.309614597575685	30.428380198272453	2.2976984630289503E-4
96.0	30.349838984430743	19.788402334982706	19.34173492179669	30.519996710987197	2.7047802663559415E-5
97.0	30.42765579463818	19.856414200901575	19.296177071740665	30.41975293271958	0.0
98.0	30.424019402407264	19.704273342014822	19.33106054748619	30.539536358728427	0.0011103493633026556
99.0	30.381898076952524	19.69743225552755	19.454895126641944	30.465503534532512	2.710063454780762E-4
100.0	30.286344314220344	19.886713033153924	19.37789392225308	30.448926691890666	1.2203848198773026E-4
101.0	30.375198155138683	19.818295707038974	19.356211900679934	30.450185677573195	1.0855956921391743E-4
102.0	30.326538816208515	19.73552583152368	19.424129702890962	30.513710583176813	9.506620002743339E-5
103.0	30.275749463089173	20.02602289650632	19.305928330066994	30.39123914846167	0.0010601618758449864
104.0	30.482614991487907	19.832465120138533	19.3048581170282	30.379980153183688	8.161816167333556E-5
105.0	30.263280605327147	19.841408904741737	19.429076958328277	30.46623353160284	0.0
106.0	30.271368592004684	19.88138125268363	19.37038910977208	30.475702765794882	0.0011582797447260457
107.0	30.42176623946982	19.783139579686313	19.51526922402841	30.278720196183667	0.001104760631786691
108.0	30.22437329145265	19.79405690370537	19.573126645748168	30.40683222351704	0.0016109355767750053
109.0	30.196343755376496	19.950935584232646	19.43596693344805	30.41639842535804	3.553015847680571E-4
110.0	30.305027469242958	19.87693352363865	19.50515966523117	30.31281094578405	6.839610317305938E-5
111.0	30.174859222926713	19.855424913895963	19.49654796444452	30.473167898732807	0.0
112.0	30.142995148684875	19.906156820485165	19.47018413173468	30.480417145380294	2.4675371497999307E-4
113.0	30.30647387740661	19.80441919888536	19.59414781004016	30.294849318542834	1.097951250415506E-4
114.0	30.27509321467516	19.84475029899047	19.678725399240214	30.201431087094164	0.0
115.0	30.006366741945	20.164687859057832	19.502494420158744	30.326450978838427	0.0
116.0	30.274424369450415	19.963007133275976	19.55229209488224	30.20991826471829	3.5813767308036143E-4
117.0	30.08947020052971	19.86168386147587	19.717552828850813	30.331293109143605	0.0
118.0	30.11139360778015	19.928172805099855	19.618146137475676	30.342094105916456	1.9334372786041686E-4
119.0	30.175514922274015	19.866241418999266	19.64609927734356	30.31195077688644	1.936044967133562E-4
120.0	30.016750149693383	19.93717863004381	19.77678099123885	30.26890249407735	3.877349466061284E-4
121.0	29.95437798051149	20.09318540150844	19.75769022232761	30.194704795026784	4.160062567341013E-5
122.0	30.154665374964797	19.943309360190955	19.767454778861786	30.132112438055803	0.0024580479266574046
123.0	30.02858296793345	19.910098276899866	19.821798713154507	30.237948479450637	0.0015715625615412775
124.0	30.02167979781308	19.969928247042446	19.75584633738167	30.25254561776281	0.0
125.0	30.076378195171237	19.967402595935173	19.818086174713883	30.137602949724695	5.300844550083147E-4
126.0	29.961091940461404	19.934592993810952	19.918037264501738	30.185537334007854	7.404672180492935E-4
127.0	29.960234223196018	20.117917604325346	19.811159437284452	30.10861774674778	0.0020709884464032388
128.0	29.983907023715943	19.925495532072365	19.913372894707816	30.176439731362354	7.848181415198087E-4
129.0	29.81285657437346	20.042615221466505	19.921619434562263	30.21961016055804	0.0032986090397327987
130.0	29.943122824752084	20.057221629776055	19.893205036909357	30.104735265606074	0.0017152429564321258
131.0	29.91644252718086	19.95298879952727	20.021825522285255	30.107982679846852	7.604711597649919E-4
132.0	29.809944783179958	20.060244482056298	20.06862391874937	30.05991720439421	0.001269611620162674
133.0	29.739011318986513	20.178083767452495	20.02665900970243	30.055299145854715	9.467580038497725E-4
134.0	29.835626021206412	20.07749667672202	20.085536808302738	30.00057611506221	7.643787066174388E-4
135.0	29.730206877931515	20.04626183683485	20.191765977272087	30.031609324573495	1.5598338805277852E-4
136.0	29.66514504206747	20.21707513389624	20.13134346846879	29.98616644643028	2.6990913721981654E-4
137.0	29.82849145744691	19.959776980262202	20.204681433512903	30.005740859808316	0.0013092689696707844
138.0	29.625154596552004	19.903054150672382	20.359540790322523	30.11138080115765	8.696612954389117E-4
139.0	29.62058777195418	20.26337434923738	20.246335369679443	29.868302827656507	0.001399681472487761
140.0	29.732096581570584	20.021638672236648	20.438399900177636	29.807278160681378	5.866853337538389E-4
141.0	29.636717750358237	20.05181246868349	20.38845014913647	29.921385259539036	0.001634372282766476
142.0	29.545551831970386	20.116553163555086	20.506174559693633	29.830427644100592	0.0012928006803004468
143.0	29.588839391736776	20.100436838355414	20.568019402243927	29.741106705144905	0.0015976625189812383
144.0	29.420623375986487	20.12528387557866	20.555527108900765	29.897036732003425	0.0015289075306628896
145.0	29.479599084934407	20.148601310152365	20.57381250637831	29.796960786496165	0.0010263120387558554
146.0	29.561397421590357	20.00988898864157	20.579556160285062	29.848085373872873	0.0010720556101322003
147.0	29.31833642089878	20.15149112274104	20.805093582569285	29.72352492504739	0.0015539487435089962
148.0	29.274613360592124	20.222118351484017	20.65725423042704	29.84482002938474	0.0011940281120813804
149.0	29.46716621512917	20.067034636760184	20.825383196358004	29.640181513678733	2.3443807391539424E-4
150.0	29.200434737519416	19.973649414654037	20.86497033791444	29.960076388414226	8.691214978822897E-4
