#Insert size (bp)	insert size
144.0	2.0
145.0	1.0
147.0	3.0
148.0	1.0
149.0	11.0
150.0	26.0
151.0	3546.0
152.0	6991.0
153.0	7229.0
154.0	7023.0
155.0	7036.0
156.0	7270.0
157.0	7126.0
158.0	7044.0
159.0	7180.0
160.0	7015.0
161.0	6875.0
162.0	7127.0
163.0	7194.0
164.0	6940.0
165.0	7111.0
166.0	7218.0
167.0	7135.0
168.0	7099.0
169.0	7035.0
170.0	7069.0
171.0	7100.0
172.0	6698.0
173.0	7017.0
174.0	6962.0
175.0	6753.0
176.0	7133.0
177.0	7038.0
178.0	7110.0
179.0	7053.0
180.0	6929.0
181.0	7087.0
182.0	6855.0
183.0	6917.0
184.0	6716.0
185.0	6899.0
186.0	7007.0
187.0	6956.0
188.0	6995.0
189.0	6918.0
190.0	6819.0
191.0	6961.0
192.0	6611.0
193.0	6881.0
194.0	6624.0
195.0	6772.0
196.0	6619.0
197.0	6806.0
198.0	6836.0
199.0	6872.0
200.0	6857.0
201.0	6870.0
202.0	6679.0
203.0	6721.0
204.0	6741.0
205.0	6657.0
206.0	6467.0
207.0	6606.0
208.0	6685.0
209.0	6698.0
210.0	6609.0
211.0	6569.0
212.0	6676.0
213.0	6508.0
214.0	6669.0
215.0	6368.0
216.0	6395.0
217.0	6259.0
218.0	6403.0
219.0	6414.0
220.0	6630.0
221.0	6399.0
222.0	6421.0
223.0	6469.0
224.0	6229.0
225.0	6168.0
226.0	6027.0
227.0	6186.0
228.0	6059.0
229.0	6041.0
230.0	6138.0
231.0	6314.0
232.0	6122.0
233.0	6150.0
234.0	5988.0
235.0	6013.0
236.0	5902.0
237.0	5762.0
238.0	5691.0
239.0	5911.0
240.0	5751.0
241.0	5748.0
242.0	5728.0
243.0	5651.0
244.0	5739.0
245.0	5607.0
246.0	5492.0
247.0	5350.0
248.0	5288.0
249.0	5296.0
250.0	5193.0
251.0	5260.0
252.0	5172.0
253.0	5276.0
254.0	5346.0
255.0	5090.0
256.0	5107.0
257.0	4896.0
258.0	4849.0
259.0	4579.0
260.0	4668.0
261.0	4504.0
262.0	4707.0
263.0	4430.0
264.0	4469.0
265.0	4116.0
266.0	3776.0
267.0	3203.0
268.0	3091.0
269.0	3058.0
270.0	2950.0
271.0	2896.0
272.0	2859.0
273.0	2438.0
274.0	2492.0
275.0	2427.0
276.0	2376.0
277.0	2441.0
278.0	2486.0
279.0	2507.0
280.0	2462.0
281.0	2391.0
282.0	2415.0
283.0	2415.0
284.0	2370.0
285.0	2347.0
286.0	2336.0
287.0	2387.0
288.0	2318.0
289.0	2377.0
290.0	2341.0
291.0	2318.0
292.0	2311.0
293.0	2256.0
294.0	2326.0
295.0	2268.0
296.0	2310.0
297.0	2337.0
298.0	2288.0
299.0	2312.0
300.0	2228.0
301.0	2201.0
302.0	2252.0
303.0	2277.0
304.0	2253.0
305.0	2158.0
306.0	2125.0
307.0	2084.0
308.0	2197.0
309.0	2168.0
310.0	2147.0
311.0	2146.0
312.0	2157.0
313.0	2104.0
314.0	2214.0
315.0	2058.0
316.0	2005.0
317.0	2150.0
318.0	2127.0
319.0	2081.0
320.0	2069.0
321.0	2026.0
322.0	1953.0
323.0	1995.0
324.0	2043.0
325.0	2014.0
326.0	1980.0
327.0	2030.0
328.0	2033.0
329.0	2021.0
330.0	2068.0
331.0	1955.0
332.0	1920.0
333.0	1973.0
334.0	2007.0
335.0	1974.0
336.0	1964.0
337.0	1954.0
338.0	1853.0
339.0	1987.0
340.0	1859.0
341.0	1946.0
342.0	1884.0
343.0	1785.0
344.0	1929.0
345.0	1791.0
346.0	1824.0
347.0	1768.0
348.0	1782.0
349.0	1857.0
350.0	1757.0
351.0	1877.0
352.0	1741.0
353.0	1873.0
354.0	1699.0
355.0	1783.0
356.0	1763.0
357.0	1740.0
358.0	1786.0
359.0	1758.0
360.0	1681.0
361.0	1716.0
362.0	1758.0
363.0	1695.0
364.0	1718.0
365.0	1727.0
366.0	1729.0
367.0	1683.0
368.0	1695.0
369.0	1716.0
370.0	1682.0
371.0	1661.0
372.0	1592.0
373.0	1622.0
374.0	1653.0
375.0	1590.0
376.0	1643.0
377.0	1652.0
378.0	1576.0
379.0	1619.0
380.0	1610.0
381.0	1607.0
382.0	1655.0
383.0	1505.0
384.0	1616.0
385.0	1585.0
386.0	1523.0
387.0	1587.0
388.0	1563.0
389.0	1468.0
390.0	1503.0
391.0	1513.0
392.0	1497.0
393.0	1478.0
394.0	1492.0
395.0	1485.0
396.0	1487.0
397.0	1482.0
398.0	1422.0
399.0	1486.0
400.0	1395.0
401.0	1471.0
402.0	1408.0
403.0	1548.0
404.0	1433.0
405.0	1447.0
406.0	1370.0
407.0	1363.0
408.0	1383.0
409.0	1330.0
410.0	1408.0
411.0	1426.0
412.0	1382.0
413.0	1386.0
414.0	1320.0
415.0	1358.0
416.0	1348.0
417.0	1339.0
418.0	1311.0
419.0	1330.0
420.0	1405.0
421.0	1293.0
422.0	1356.0
423.0	1343.0
424.0	1276.0
425.0	1265.0
426.0	1365.0
427.0	1375.0
428.0	1293.0
429.0	1317.0
430.0	1252.0
431.0	1251.0
432.0	1251.0
433.0	1213.0
434.0	1300.0
435.0	1229.0
436.0	1218.0
437.0	1237.0
438.0	1253.0
439.0	1216.0
440.0	1245.0
441.0	1260.0
442.0	1238.0
443.0	1221.0
444.0	1208.0
445.0	1102.0
446.0	1187.0
447.0	1171.0
448.0	1136.0
449.0	1096.0
450.0	1205.0
451.0	1149.0
452.0	1137.0
453.0	1188.0
454.0	1123.0
455.0	1102.0
456.0	1103.0
457.0	1142.0
458.0	1073.0
459.0	1151.0
460.0	1135.0
461.0	1049.0
462.0	1085.0
463.0	1049.0
464.0	1054.0
465.0	1055.0
466.0	1100.0
467.0	1021.0
468.0	1054.0
469.0	1073.0
470.0	1072.0
471.0	1052.0
472.0	1051.0
473.0	1041.0
474.0	1007.0
475.0	1078.0
476.0	1068.0
477.0	979.0
478.0	966.0
479.0	1029.0
480.0	993.0
481.0	974.0
482.0	1009.0
483.0	1022.0
484.0	990.0
485.0	975.0
486.0	942.0
487.0	1002.0
488.0	1018.0
489.0	926.0
490.0	924.0
491.0	960.0
492.0	946.0
493.0	903.0
494.0	967.0
495.0	919.0
496.0	921.0
497.0	895.0
498.0	914.0
499.0	932.0
500.0	924.0
501.0	894.0
502.0	828.0
503.0	862.0
504.0	883.0
505.0	848.0
506.0	877.0
507.0	820.0
508.0	845.0
509.0	857.0
510.0	845.0
511.0	865.0
512.0	816.0
513.0	865.0
514.0	840.0
515.0	873.0
516.0	802.0
517.0	791.0
518.0	794.0
519.0	787.0
520.0	825.0
521.0	830.0
522.0	762.0
523.0	797.0
524.0	781.0
525.0	790.0
526.0	777.0
527.0	770.0
528.0	787.0
529.0	804.0
530.0	732.0
531.0	778.0
532.0	816.0
533.0	752.0
534.0	772.0
535.0	784.0
536.0	783.0
537.0	688.0
538.0	752.0
539.0	732.0
540.0	732.0
541.0	751.0
542.0	707.0
543.0	719.0
544.0	746.0
545.0	753.0
546.0	723.0
547.0	697.0
548.0	702.0
549.0	737.0
550.0	681.0
551.0	686.0
552.0	708.0
553.0	691.0
554.0	660.0
555.0	684.0
556.0	681.0
557.0	675.0
558.0	617.0
559.0	666.0
560.0	618.0
561.0	610.0
562.0	662.0
563.0	653.0
564.0	672.0
565.0	672.0
566.0	656.0
567.0	636.0
568.0	618.0
569.0	659.0
570.0	619.0
571.0	598.0
572.0	606.0
573.0	599.0
574.0	611.0
575.0	624.0
576.0	559.0
577.0	592.0
578.0	584.0
579.0	565.0
580.0	548.0
581.0	572.0
582.0	532.0
583.0	572.0
584.0	575.0
585.0	568.0
586.0	578.0
587.0	563.0
588.0	528.0
589.0	565.0
590.0	591.0
591.0	560.0
592.0	600.0
593.0	564.0
594.0	573.0
595.0	474.0
596.0	542.0
597.0	510.0
598.0	489.0
599.0	528.0
600.0	521.0
601.0	479.0
602.0	530.0
603.0	516.0
604.0	553.0
605.0	519.0
606.0	519.0
607.0	523.0
608.0	532.0
609.0	490.0
610.0	518.0
611.0	527.0
612.0	482.0
613.0	460.0
614.0	481.0
615.0	476.0
616.0	492.0
617.0	487.0
618.0	514.0
619.0	426.0
620.0	429.0
621.0	391.0
622.0	436.0
623.0	470.0
624.0	450.0
625.0	439.0
626.0	428.0
627.0	453.0
628.0	485.0
629.0	446.0
630.0	437.0
631.0	487.0
632.0	422.0
633.0	436.0
634.0	422.0
635.0	410.0
636.0	457.0
637.0	411.0
638.0	453.0
639.0	392.0
640.0	418.0
641.0	416.0
642.0	436.0
643.0	401.0
644.0	366.0
645.0	370.0
646.0	381.0
647.0	385.0
648.0	354.0
649.0	378.0
650.0	370.0
651.0	352.0
652.0	342.0
653.0	415.0
654.0	351.0
655.0	354.0
656.0	382.0
657.0	349.0
658.0	389.0
659.0	361.0
660.0	342.0
661.0	340.0
662.0	362.0
663.0	377.0
664.0	342.0
665.0	346.0
666.0	361.0
667.0	320.0
668.0	308.0
669.0	337.0
670.0	343.0
671.0	337.0
672.0	293.0
673.0	324.0
674.0	326.0
675.0	317.0
676.0	323.0
677.0	319.0
678.0	357.0
679.0	282.0
680.0	291.0
681.0	329.0
682.0	311.0
683.0	301.0
684.0	290.0
685.0	308.0
686.0	303.0
687.0	287.0
688.0	282.0
689.0	314.0
690.0	267.0
691.0	315.0
692.0	284.0
693.0	280.0
694.0	295.0
695.0	278.0
696.0	277.0
697.0	267.0
698.0	274.0
699.0	309.0
700.0	282.0
701.0	260.0
702.0	281.0
703.0	266.0
704.0	270.0
705.0	273.0
706.0	269.0
707.0	244.0
708.0	251.0
709.0	258.0
710.0	242.0
711.0	240.0
712.0	239.0
713.0	257.0
714.0	242.0
715.0	220.0
716.0	234.0
717.0	255.0
718.0	203.0
719.0	226.0
720.0	234.0
721.0	229.0
722.0	221.0
