# Position (bp)	A	C	G	T	N
0.0	28.28106116789963	21.925080912367907	33.8527098347969	15.940578697212421	5.693877231466073E-4
1.0	23.22442876884701	18.18847926941294	12.218583525084442	46.36690428548984	0.0016041511657696789
2.0	33.5889030611647	19.03389767741869	13.047322119578695	34.32936150225498	5.156395829319548E-4
3.0	21.216505985130183	21.838480937879154	10.177385312268068	46.767440817036174	1.869476864289066E-4
4.0	40.595699769851954	9.51289449038548	9.64001900108198	40.25120027075143	1.8646792914778096E-4
5.0	45.625929951808786	10.358715465328233	22.131539081580872	21.883815501282104	0.0
6.0	35.255154000332354	13.413305012286791	19.5772174014759	31.75432358590496	0.0
7.0	41.63141487288275	14.542424690262164	18.874561678632432	24.95159875822265	0.0
8.0	18.471252754265212	31.287250497675206	22.478873369694643	27.762623378364943	0.0
9.0	30.82843046980256	18.54923241165499	13.371651594601841	37.25068552394061	0.0
10.0	28.05659366304682	15.127060210132104	27.491569328250893	29.324776798570184	0.0
11.0	28.013663788385134	17.94363388332519	17.31490092511593	36.72780140317374	0.0
12.0	25.900414099585902	20.061839483615064	22.86040895777286	31.177337459026177	0.0
13.0	24.023860102617693	25.865616198837245	17.966345613998904	32.14417808454616	0.0
14.0	33.343765041333356	20.021421603884257	19.88283544804186	26.75197790674053	0.0
15.0	32.86269835289175	18.534843201596644	18.946974212125987	29.655484233385625	0.0
16.0	32.03586371896207	18.066574091212047	18.07655801663623	31.82100417318965	0.0
17.0	32.21137480271673	17.900214258278616	18.26105833031454	31.627352608690114	0.0
18.0	31.906779006513787	18.040612799146636	18.84213816420117	31.21047003013841	0.0
19.0	31.27786507758345	18.67571863612761	18.76401615386534	31.2824001324236	0.0
20.0	31.04486841700212	18.675722561146753	19.08827188326751	31.191137138583613	0.0
21.0	30.806107031691717	18.8647548559453	19.085942898774608	31.243195213588375	0.0
22.0	30.877157679212917	18.99339735948522	18.865396190013833	31.26400365279333	4.5118494702637535E-5
23.0	31.122446221786593	18.886877917734964	18.98322735945774	31.007313368563867	1.3513245683418888E-4
24.0	30.836121845189133	18.998546121408978	18.889493984594193	31.275838048807692	0.0
25.0	30.99249368488201	19.05866022981777	18.843943973557085	31.10449808784467	4.040238984625095E-4
26.0	31.215003867669246	18.870775030721752	18.978782943533822	30.934989992461855	4.481656133280868E-4
27.0	31.070403680938774	18.868301028776575	19.077331390973576	30.983874417135475	8.948217559803176E-5
28.0	31.123938873390166	18.906209941158448	18.9854008273728	30.98395904406372	4.913140148662688E-4
29.0	30.797922313724563	18.629037400225712	18.779927827646034	30.29009398101474	1.5030184773889537
30.0	31.010355231776167	18.923686318262988	19.14856389555102	30.916192476685257	0.0012020777245648144
31.0	31.012942694799495	19.128585381641226	18.82116692755372	31.03730499600556	0.0
32.0	31.15888245420429	19.019168809999638	18.998971022611755	30.821912335388035	0.0010653777962837847
33.0	30.901956647108026	18.91778677817027	19.069252833948962	31.110471814325752	5.319264469839992E-4
34.0	30.81392543631526	19.093935652822886	19.054052319319865	31.037865263387143	2.213281548447184E-4
35.0	31.18989141332428	18.769969887134224	19.051692279400715	30.988181186443377	2.6523369741078865E-4
36.0	31.076755554750928	18.900261096144582	19.057060083022655	30.965393390598155	5.29875483676965E-4
37.0	31.034446251593018	19.074489958414997	19.01383505306532	30.876390596416375	8.381405102864103E-4
38.0	31.161845660212705	18.96085751182296	18.998893732177407	30.878226798125958	1.7629766097078308E-4
39.0	31.046762558244005	18.965480793792004	19.057085729888755	30.929922223885985	7.486941892522747E-4
40.0	31.03335979678883	18.930509665028982	18.96056710422318	31.075343394140603	2.2003981840553865E-4
41.0	31.185777929441088	18.869959802870923	18.98820734700267	30.956054920685318	0.0
42.0	30.964299038561677	18.912725270504772	19.104362571973844	31.01808579779079	5.273211689128351E-4
43.0	30.88714975268394	19.1119280816143	18.95344731886909	31.04694789500309	5.269518295767522E-4
44.0	31.121295222347	18.918617658300978	18.930247029792692	31.02953289861426	3.0719094506416564E-4
45.0	31.033708387556324	18.992191450904127	19.051184309040117	30.922915852499433	0.0
46.0	30.996491624921696	19.05788972313077	18.930495771143296	31.015122880804242	0.0
47.0	31.19216449546868	18.956747072048486	18.92208794304861	30.929000489434223	0.0
48.0	30.974940073326685	18.91230186312498	19.096647829128063	31.016110234420267	0.0
49.0	31.073065917631855	19.075958854453056	18.838193420495024	31.01247535224833	3.0645517173747826E-4
50.0	31.168586809887223	18.889763548681966	18.994474765821874	30.947174875608933	0.0
51.0	30.89781659465046	19.03296649464132	19.03598448316509	31.03323242754313	0.0
52.0	31.010463776796076	19.009230944100654	18.93290023891598	31.047405040187286	0.0
53.0	31.088310457904782	18.986241530963984	18.93083008788919	30.99461792324204	0.0
54.0	31.005044354324397	18.90479676686067	18.882868589939598	31.20729028887534	0.0
55.0	31.021013625101418	19.001911758669507	18.9575020152504	31.019572600978673	0.0
56.0	31.120952516069888	18.865056585653328	18.91390468291299	31.1000862153638	0.0
57.0	30.976782141384344	19.00844622974356	18.96838609590431	31.04638553296779	0.0
58.0	30.869511535912654	19.131339211196003	18.887545629493964	31.11160362339738	0.0
59.0	31.174299209521163	18.922029903243438	18.92141925910547	30.982164393253083	8.723487685270522E-5
60.0	30.953205286970597	18.9724488692455	18.97297212445102	31.101330114732423	4.360460045976691E-5
61.0	31.02680420280972	18.974154865046074	18.94799846897895	31.051042463165256	0.0
62.0	31.146627199181363	18.913101365977685	18.83417511168871	31.10579125204234	3.0507110989663755E-4
63.0	30.972248304324467	18.950565617316524	18.910436699355103	31.166749379003907	0.0
64.0	30.89823912094576	19.003571244987057	18.89231289298724	31.205310429969536	5.663111104141128E-4
65.0	31.161399430064428	18.887445346331894	18.9538637894923	30.996812350259074	4.790838523045458E-4
66.0	30.945376678249488	18.94790431392155	18.975950443708065	31.1307685641209	0.0
67.0	31.012026818773837	19.131172404723635	18.780587959420863	31.07621281708166	0.0
68.0	31.12123493418523	19.014025941002487	18.96621765484246	30.89852146996982	0.0
69.0	30.97098680727759	19.03153819899139	19.011120475885317	30.986267448664012	8.706918168900282E-5
70.0	30.958168284507902	19.052235232664433	18.895398946589477	31.094154006877638	4.3529360553693465E-5
71.0	31.18564688267145	18.95925100544945	18.946497902049202	30.9086042098299	0.0
72.0	31.09411606488854	18.983636851879496	19.01745382155695	30.904793261675017	0.0
73.0	30.958382364204795	19.026081522382448	18.819325010270372	31.196211103142385	0.0
74.0	31.201168347733148	18.913194652963995	18.86545636842641	31.020180630876443	0.0
75.0	31.070334288808926	18.85444757424228	18.897006635819324	31.17821150112947	0.0
76.0	31.01058820867283	19.088627292617844	18.717787598758587	31.18264877538481	3.4812456593218187E-4
77.0	31.049737894083624	19.02563441990734	18.91344629896698	31.011181387042054	0.0
78.0	30.800315446704392	19.043005726611113	18.86156294093121	31.294985320064377	1.3056568890374435E-4
79.0	30.627325064406485	19.358289840728055	18.877945190394673	31.13613522772628	3.0467674450286987E-4
80.0	30.9257114997867	19.047125706276173	18.80945125932633	31.2177115346108	0.0
81.0	30.723269755717414	19.12518013174106	18.72303465930612	31.428515453235406	0.0
82.0	30.70780942959243	19.342285906120342	18.585739658393788	31.36416500589344	0.0
83.0	31.05956189846611	19.23919911754344	18.51068471818133	31.190510717814657	4.354799446243703E-5
84.0	30.72376389102408	19.31863266638417	18.59625804108307	31.360866344362826	4.790571458559162E-4
85.0	30.7939837520188	19.358068849208767	18.481947945830772	31.365520341336527	4.7911160512841065E-4
86.0	30.916001603122606	19.287351014149298	18.572741688157805	31.223339374085175	5.663204851188401E-4
87.0	30.673583799060385	19.369248855544583	18.72139950796914	31.235462823608767	3.050138171259158E-4
88.0	30.62734535374799	19.594844907013943	18.601134050722838	31.176370601848824	3.0508666640516384E-4
89.0	30.699256036393834	19.655025841454883	18.619841790569776	31.02522239345713	6.539381243746717E-4
90.0	30.596873689048664	19.68910448451104	18.78956838140191	30.92362490199208	8.285430462998576E-4
91.0	30.623854147446444	19.782840357739364	18.765264402682302	30.82804109213189	0.0
92.0	30.797020194924695	19.73283152163954	18.81021587617945	30.656311055767944	0.0036213514883754617
93.0	30.632445223840076	19.72928125193673	18.70629538493231	30.931585337857243	3.928014336379436E-4
94.0	30.58432611406239	19.84286647317484	18.715968664103073	30.856664117045092	1.7463161460898235E-4
95.0	30.844761710529244	19.721238286850486	18.804711768197006	30.629288234423264	0.0
96.0	30.62241193196835	19.726129488696703	18.963606395670634	30.687764813501833	8.737016247792265E-5
97.0	30.600181363283767	19.73713249352664	18.970468376143078	30.692217767046508	0.0
98.0	30.674807197943444	19.671230960250423	18.952879352255042	30.70047041953028	6.120700208103807E-4
99.0	30.54633589015019	19.6103887014823	19.151456405806027	30.691687779068626	1.312234928544434E-4
100.0	30.45995999434617	19.740790319524486	19.197243802121235	30.60200588400811	0.0
101.0	30.380942790720074	19.741076236717788	19.23671341070983	30.641179998861677	8.756299062638185E-5
102.0	30.3045832468264	19.615129558915385	19.468571483635515	30.61167190964384	4.3800978864275654E-5
103.0	30.226857215977116	19.728050048116447	19.545005968542885	30.49947326075258	6.135066109719522E-4
104.0	30.36369583078678	19.589304394566614	19.620432976655316	30.426566797991285	0.0
105.0	30.127904814042772	19.56639224025997	19.82191235199573	30.483790593701528	0.0
106.0	30.05672222436791	19.740993086594877	19.78409214596449	30.41674420401041	0.0014483390623189576
107.0	30.119896199166202	19.614870624443085	20.003179548302125	30.261350965480382	7.026626082045521E-4
108.0	29.88397193739881	19.519188005716586	20.18533199969765	30.409925976187925	0.0015820809990314147
109.0	29.915206157229246	19.671467839472236	20.084090159428257	30.328971962616823	2.6388125343595385E-4
110.0	29.928885673090633	19.546625260330018	20.232989864954078	30.29149920162527	0.0
111.0	29.857174694534073	19.528546122249793	20.26183171208025	30.35240342731404	4.40438218409789E-5
112.0	29.936609235453865	19.46423982435191	20.353103440979943	30.245650783491513	3.967157227697634E-4
113.0	30.049317369781452	19.352270015136227	20.477186029142203	30.121050121605986	1.764643341316874E-4
114.0	29.926987958511248	19.356515418290147	20.659850796296272	30.05664582690233	0.0
115.0	29.68214845451069	19.60825056755257	20.60444625216355	30.105154725773186	0.0
116.0	29.87862480997775	19.409804395501265	20.76530381868358	29.946001365238477	2.6561059892533955E-4
117.0	29.669392435846458	19.31842915194401	21.01204985910136	30.00012855310817	0.0
118.0	29.665614447380673	19.339911812452527	21.057673484118382	29.936800256048414	0.0
119.0	29.73103099672041	19.241146509217927	21.20254275980754	29.825279734254124	0.0
120.0	29.57455135263169	19.253224245991483	21.3608996143861	29.811280263968097	4.452302263238809E-5
121.0	29.520647329889066	19.370087658512613	21.407798031362287	29.701466980236034	0.0
122.0	29.552848016030236	19.223644779787463	21.49167689922453	29.728971591084207	0.0028587138735617656
123.0	29.44114719074731	19.17781680294404	21.667542868648002	29.71107705730361	0.002416080357042986
124.0	29.454102644891307	19.24563700275232	21.669257939760854	29.6309127750137	8.963758181110045E-5
125.0	29.374334698319498	19.141652520704884	21.854130403843453	29.628939562435207	9.428146969546637E-4
126.0	29.298902448073722	19.10262031808993	22.02200500543042	29.575527807572005	9.444208339235964E-4
127.0	29.287130050903194	19.206856164692105	21.981981170322985	29.52259110770755	0.0014415063741609981
128.0	29.226481270160992	19.047947792257368	22.204714958738357	29.520043786207435	8.121926358493707E-4
129.0	29.13050926287937	19.132104791421934	22.21269525450036	29.52188834644936	0.002802344748970929
130.0	29.21303091573712	19.078241452966303	22.394237899870426	29.31276932312799	0.0017204082981630566
131.0	29.129540719185883	18.99457658051542	22.6210291525805	29.253855761895647	9.977858225519553E-4
132.0	29.082308342688602	18.993656287353872	22.64477798823031	29.278030709511754	0.001226672215465429
133.0	28.873049047576565	19.07341024572033	22.737687130313518	29.315034326567545	8.19249822040733E-4
134.0	29.019530065632143	18.90752911728298	22.893285642312787	29.17883448799404	8.206867780520999E-4
135.0	28.81960763357454	18.887903854559603	23.064510309290124	29.22779550687324	1.8269570249466414E-4
136.0	28.804857112527316	18.94700333471212	23.082082968808912	29.16550750950814	5.490744435130516E-4
137.0	28.841338399151844	18.75627096720373	23.27448421652845	29.126210477150416	0.0016959399655586678
138.0	28.57029389132834	18.78821018840412	23.418747853618136	29.221646180771728	0.0011018858776796487
139.0	28.606825243142676	18.881302219043437	23.43414737355316	29.075977342713312	0.0017478215474200085
140.0	28.71159029649596	18.771165940977262	23.68032805768655	28.836224572073625	6.911327666044647E-4
141.0	28.59421720069384	18.742862892765917	23.683795108594808	28.97718618191419	0.001938616031246798
142.0	28.45077573813156	18.776973726497918	23.869224853770206	28.901730896486093	0.0012947851142254803
143.0	28.480394268869464	18.698723712976488	23.948600133331666	28.870428769248658	0.001853115573722265
144.0	28.374043895179625	18.653223253434735	24.076341703205753	28.894766501076447	0.0016246471034398885
145.0	28.322302982776094	18.652013486655903	24.18109589079325	28.84333181238683	0.001255827387920894
146.0	28.3826972275835	18.54465728498659	24.28375472902021	28.787445893297175	0.0014448651125200359
147.0	28.1898271066919	18.66726342507871	24.467998129367942	28.67304257556695	0.0018687632944988748
148.0	28.10312764950839	18.658534871629122	24.481246750326726	28.75545125372981	0.0016394748059564463
149.0	28.17013787698306	18.51931494407678	24.697701484401012	28.612232656444963	6.130380941871728E-4
150.0	27.95270921565949	18.389432199401913	24.764096346220988	28.89257631646857	0.0011859222490398773
