# Position (bp)	A	C	G	T	N
0.0	28.229684406190646	21.92346547056209	33.11512506566452	16.73172505758274	0.0
1.0	23.473405110075525	18.29824843323156	11.61336975735176	46.61176281536237	0.0032138839787883657
2.0	33.28202019557484	18.886691020466763	13.036993315998533	34.79429546795986	0.0
3.0	21.363997457896406	21.942326024785512	10.197807435653003	46.49586908166508	0.0
4.0	40.34364315562872	9.667437001392933	9.77744713182221	40.21147271115614	0.0
5.0	45.35158837818228	10.59654878702798	21.969935960124925	22.081926874664816	0.0
6.0	35.517493456166136	13.958606811875585	19.18424134759745	31.339658384360824	0.0
7.0	40.767109983238555	14.987389758290645	18.61616304024312	25.629337218227672	0.0
8.0	19.00957344714318	31.510451208189316	22.457418836361935	27.022556508305566	0.0
9.0	30.165343863931405	19.235702458780636	13.450610614034405	37.148343063253556	0.0
10.0	27.992037242159242	15.132338246799018	27.47073996328456	29.40488454775718	0.0
11.0	27.74313059586292	18.073479468971904	17.790213028712564	36.39317690645261	0.0
12.0	25.78015656961811	20.24485150494471	22.809486457804642	31.16550546763254	0.0
13.0	24.019581555339347	25.819920172219625	18.28607763672997	31.874420635711058	0.0
14.0	33.22442498683176	20.183668328282327	19.666862599906867	26.925044084979042	0.0
15.0	33.062749155533915	18.644441739447977	18.930495115790755	29.362313989227353	0.0
16.0	32.21129066488797	18.166176515174485	17.88269714701513	31.73983567292241	0.0
17.0	32.06703573073931	18.15765027528756	18.34193056258355	31.43338343138958	0.0
18.0	31.90837741641772	18.207881528748693	18.657867607774676	31.22587344705891	0.0
19.0	31.18640763595738	18.79372267918332	18.66475717745503	31.35511250740427	0.0
20.0	30.763943880828936	19.101585261994053	18.988032093711247	31.14643876346576	0.0
21.0	30.605925264254875	18.88864076224505	19.111210361768645	31.394223611731427	0.0
22.0	30.805448249783122	19.063684019307626	19.111878934373355	31.018247336304118	7.414602317804685E-4
23.0	30.97941304652932	19.102949540911677	18.890210301602192	31.02742711095681	0.0
24.0	30.856810621448965	18.957726162088964	18.918720009420355	31.266007241897025	7.359651446907474E-4
25.0	30.61422034494896	19.247917399976533	19.00079197465681	31.13633697055028	7.333098674175759E-4
26.0	31.242419371337554	18.881793339276058	19.02208063596908	30.853706653417312	0.0
27.0	31.139546394153783	19.006754592831978	19.04023641074912	30.81346260226512	0.0
28.0	31.32649805673183	19.077382678809677	18.977318870004062	30.61880039445444	0.0
29.0	30.843302126675916	18.783951687471102	18.560737401756818	30.190273925104023	1.6217348589921405
30.0	30.846419824232818	19.02895836334822	19.11396052442011	31.008500216107187	0.0021610718916582625
31.0	30.877749698466488	19.25865831945322	18.59025903164666	31.272615013497212	7.179369364195049E-4
32.0	31.036999406120536	19.22738428294421	18.895384197082123	30.83951659642671	7.155174264269206E-4
33.0	30.956406360348403	19.134547477903567	18.926958717657886	30.98208744409014	0.0
34.0	31.017096205268246	19.091710758377424	18.953746373101215	30.936735506627976	7.111566251351198E-4
35.0	31.069007572964235	18.977082565164363	19.113225742405763	30.84068411946564	0.0
36.0	31.34685328540496	19.023223560379844	18.96095441615601	30.66896873805918	0.0
37.0	31.073897051036763	19.242038081655995	18.897509936954172	30.78655493035307	0.0
38.0	31.133325813546897	19.09720263944504	18.9251875246743	30.843579042355195	7.049799785686086E-4
39.0	30.98794909177989	19.432177544882766	18.775751685084625	30.80412167825272	0.0
40.0	30.959937510115903	19.02352518947524	18.96722799659402	31.048605588903822	7.037149110152495E-4
41.0	30.82429714639326	19.260087478728042	18.98654065229315	30.929074722585543	0.0
42.0	30.933871285180082	19.19405628813226	18.967019990440576	30.905052436247082	0.0
43.0	30.98583633093525	19.156783947841728	18.82657936151079	31.03009779676259	7.025629496402878E-4
44.0	30.95661088835677	19.146261823339817	18.96368909268375	30.93343819561966	0.0
45.0	30.92648214686728	19.329665394116326	18.80614192679093	30.937710532225466	0.0
46.0	30.921920152624637	19.32567404539461	18.706337850349296	31.046067951631457	0.0
47.0	31.067477604506454	19.263982714958157	18.847289741916928	30.82054843529684	7.015033216182278E-4
48.0	31.087148690173848	18.954945347907227	19.145070086573405	30.812835875345524	0.0
49.0	30.997194950911638	19.313464235624124	18.784011220196355	30.90462833099579	7.012622720897616E-4
50.0	31.117674294613668	19.13978645489877	18.822695831521052	30.91914189103868	7.015279278268068E-4
51.0	30.667368051902503	19.263545502367172	18.99070664562511	31.07837980010521	0.0
52.0	30.98159939412639	19.381644273652913	18.622899778407337	31.01385655381336	0.0
53.0	30.917007298758296	19.22567255849173	18.917175569843018	30.940144572906952	0.0
54.0	31.089950354808852	19.055198721005244	19.073430005890106	30.781420918295794	0.0
55.0	30.72809716372199	19.30589331894286	19.237211518919032	30.728797998416113	0.0
56.0	30.89970294809999	19.240415872660016	18.883112879722006	30.976067705414188	7.005941038000224E-4
57.0	30.898238829809593	19.231361999635716	19.01629467725891	30.854104493295786	0.0
58.0	30.740024658148396	19.276787715758797	18.986073750280205	30.997113875812598	0.0
59.0	31.206657420249652	19.082643354488017	18.87249751327421	30.837501225850737	7.004861373793412E-4
60.0	31.095804984689977	19.179214809728343	18.93887904033857	30.786101165243103	0.0
61.0	31.11587531790571	18.94332695770365	19.143703890535342	30.797093833855293	0.0
62.0	31.150733877465232	19.00725119977581	18.8895505657337	30.952464357025256	0.0
63.0	30.726495726495727	19.197842230629117	18.96034748493765	31.114613983466445	7.005744710662743E-4
64.0	30.897452059783447	19.037413679595467	18.978582734518355	31.085851157708955	7.003683937751257E-4
65.0	30.83887514628284	19.24206218509772	18.82931683286266	31.088344323525085	0.001401512231698002
66.0	30.853664516219414	18.947051365569028	19.335112530733184	30.864171587478374	0.0
67.0	30.899541300465707	19.138625302006375	18.77586750236353	31.18526559053188	7.003046325151441E-4
68.0	31.353255502874873	19.130325165103752	19.03998207144808	30.47643726057329	0.0
69.0	30.598682045141008	19.263009727095106	19.240600292723236	30.897707935040653	0.0
70.0	31.167439449759758	19.271716138792776	18.843767072436158	30.717077339011308	0.0
71.0	31.1890756302521	19.221988795518207	18.99089635854342	30.598039215686274	0.0
72.0	31.090241886914015	18.976987828620253	18.828522206815414	31.104248077650322	0.0
73.0	30.926203448227568	19.33990672138265	18.75656521800025	30.977324612389527	0.0
74.0	31.11609332305752	19.10039935542633	18.991802704406922	30.79170461710923	0.0
75.0	30.878756665475464	19.144717019472647	18.89806815076412	31.07705675026101	0.0014014140267529938
76.0	30.683115809531813	19.406906117988274	18.564132742060906	31.345845330419003	0.0
77.0	30.63609312095221	19.077192368282862	18.944162436548222	31.3425520742167	0.0
78.0	30.1125342259508	19.564989040692993	18.821296769630464	31.501179963725747	0.0
79.0	30.01911108933209	19.887433583714273	18.55035737037011	31.543097956583527	0.0
80.0	30.311579035792036	19.63836951271587	18.406333783679727	31.643717667812364	0.0
81.0	30.13131921208473	19.36468381189713	18.28389029665822	32.22010667935992	0.0
82.0	30.35903035903036	20.12992012992013	17.964117964117964	31.546931546931546	0.0
83.0	30.935221595600275	19.879931149330385	17.545725520928084	31.639121734141256	0.0
84.0	30.091827878720007	20.2707242643971	17.884739214423696	31.752708642459194	0.0
85.0	29.968063201243854	20.431847151601744	17.56593968427393	32.03414996288048	0.0
86.0	29.911495749835453	20.72427845229593	17.838787827864834	31.525437970003782	0.0
87.0	29.800610490352575	20.902293539443836	17.895348511579716	31.401747458623873	0.0
88.0	29.349127339172078	21.15598681032491	18.069294800439657	31.425591050063357	0.0
89.0	29.783152101611133	21.613370769995587	17.82605955790196	30.776717383541406	7.001869499156275E-4
90.0	29.486730621104968	21.756179539247952	18.074364540298298	30.682725299348785	0.0
91.0	29.299166841699925	21.714625778897993	18.566827697262482	30.419379682139606	0.0
92.0	29.630848516251906	21.813687733695573	18.71735264049743	29.83671068662736	0.0014004229277241728
93.0	29.422804879756853	22.081460005322352	18.426544532683444	30.068490272700533	7.003095368152723E-4
94.0	29.355593543324737	22.51569330792512	17.86935321152337	30.25935993722677	0.0
95.0	29.44716928251121	22.631726457399104	17.860846412556054	30.060257847533634	0.0
96.0	29.182178287236653	22.460826585340204	18.387492550916676	29.969502576506468	0.0
97.0	28.958365469562903	22.36331000827362	18.56515825048029	30.112465117583543	7.011540996480207E-4
98.0	29.178440460247234	22.250191068511207	18.458971104831754	30.112397366409805	0.0
99.0	28.889216160681098	22.144144523223442	18.75898536393792	30.207653952157536	0.0
100.0	28.726061031217114	22.20484040687478	19.14696597685023	29.922132585057877	0.0
101.0	28.476649343909333	22.38002061899051	19.444269112892478	29.699060924207675	0.0
102.0	28.162177328843995	22.1233164983165	20.14800785634119	29.56649831649832	0.0
103.0	27.87012877703897	21.86684622506523	20.70883483432932	29.554190163566478	0.0
104.0	27.629281020080377	21.950945804723062	21.154884728953476	29.26488844624308	0.0
105.0	27.221239683341754	21.672702262646677	21.81236314637022	29.292993094155296	7.018134860479479E-4
106.0	27.038906872072854	22.00720419612827	21.911709978443586	29.042178953355286	0.0
107.0	27.07191636455611	21.935334288845798	22.136975522018943	28.854368659191188	0.0014051653879661636
108.0	26.52643859106626	21.70677198999241	22.690664267843587	29.07542237089928	7.027801984651281E-4
109.0	26.709992333607634	21.749344136616518	22.75511854774615	28.78413830453161	0.0014066774980834018
110.0	26.479321165726187	21.55833556140326	22.9324683731337	29.029874899736853	0.0
111.0	26.66220688683896	21.221744947538905	23.342018167734665	28.7733258221252	7.041757622702627E-4
112.0	26.843281425137288	21.027401605887786	23.62798107900432	28.5013358899706	0.0
113.0	26.902281325879496	21.021796826472418	24.12897396803885	27.94694787960924	0.0
114.0	26.817898876722406	20.812466400701695	24.545878957643662	27.823755764932233	0.0
115.0	26.43989450699033	20.665428352664268	25.11343334373139	27.781243796614014	0.0
116.0	26.213226407314195	20.5334925848512	25.448250366136303	27.805030641698302	0.0
117.0	25.865917405349897	20.543119370734594	25.888737546977403	27.70222567693811	0.0
118.0	25.774818142153112	20.240760476943215	26.5544643687369	27.429957012166774	0.0
119.0	25.555762855379673	20.187574448542602	26.8438123394423	27.412850356635428	0.0
120.0	25.55533954017526	20.254322107734072	27.11353048337042	27.076807868720255	0.0
121.0	25.46197673327027	19.889371105061343	27.998064716459297	26.65058744520909	0.0
122.0	25.228124343168588	19.90969247606416	28.188123763345	26.673334637936406	7.247794858414327E-4
123.0	25.33071381794368	19.602706832569307	28.60219748235465	26.46438186713236	0.0
124.0	24.936619152340526	19.69080374951597	28.96084634436805	26.41173075377545	0.0
125.0	24.907049566231308	19.54049118895888	29.386270469262186	26.165455438792044	7.33336755571526E-4
126.0	24.597195450331807	19.599476170156414	30.003237150718792	25.800091228792983	0.0
127.0	24.60070739217438	19.290097247963846	30.3203940130107	25.78880134685107	0.0
128.0	24.50353216755743	19.224183302076305	30.78804770835341	25.48423682201285	0.0
129.0	24.19279224306646	19.042587232015954	31.14605270011832	25.61707954131103	0.0014882834882388397
130.0	23.995130621816607	18.903941806449687	31.616603683400797	25.48432388833291	0.0
131.0	24.023209091726887	18.772676841884316	32.23335032534709	24.970014093376115	7.496476655971693E-4
132.0	23.591938674951667	18.792456236694225	32.452174436361716	25.163430651992385	0.0
133.0	23.475713347276862	18.71654120009967	33.0778698117624	24.729875640861078	0.0
134.0	23.32118530416796	18.512990309358024	33.430820635991	24.735003750483017	0.0
135.0	23.215630204808008	18.34069770094837	33.9785077078691	24.465164386374525	0.0
136.0	22.92199317697879	18.023002892533597	34.640188663405254	24.414815267082357	0.0
137.0	22.90283298485858	17.81433571521571	34.99911923963575	24.28371206028996	0.0
138.0	22.56231643370085	17.784595039288956	35.4315634082207	24.2215251187895	0.0
139.0	22.398011946841187	17.775170944788307	35.74482535076481	24.081991757605692	0.0
140.0	22.30784123910939	17.52642787996128	36.359341723136495	23.806389157792836	0.0
141.0	21.999082918185422	17.318856911921287	36.726017921954785	23.955265059960052	7.771879784563492E-4
142.0	21.972433052255514	17.254693947596277	37.20211861432014	23.57075438582806	0.0
143.0	21.80636573620953	17.29788983283091	37.42238578084015	23.473358650119405	0.0
144.0	21.48867466471822	17.052820138119593	37.9883878976438	23.469331636300783	7.856632176051413E-4
145.0	21.325396199637307	17.071670740361114	38.45225892927541	23.148308759757157	0.00236537096901364
146.0	21.03293886849766	16.76290975825845	39.09869003923554	23.105461334008353	0.0
147.0	20.842959328681097	16.717079095910638	39.32804598248664	23.11191559292162	0.0
148.0	20.65038966006343	16.50278100945065	39.739748513873174	23.10628396576729	7.968508454587471E-4
149.0	20.515764373399275	16.217192681027353	40.28164717028093	22.984592904225508	8.028710669353608E-4
150.0	20.313219342384762	15.887118268974485	40.24602014360598	23.55283456235714	8.076826776296129E-4
