#Position (bp)	insert size
15197.0	431.12270013901383
45590.0	435.2278367200144
75983.0	433.8200848269257
106376.0	432.4281120192952
136769.0	434.63056326676815
167162.0	433.11852443174655
197555.0	432.90474092351076
221485.0	433.1453497309762
236681.5	440.36883680555553
258341.0	433.06386737328444
288734.0	430.26359275053306
319127.0	433.6880543665328
349520.0	434.60761895945194
379913.0	432.8668716442568
410306.0	432.13904387805206
440699.0	433.87284985737745
471092.0	433.05220278946206
501485.0	432.7692765023324
531878.0	434.8703493904926
562271.0	433.51406614519004
592664.0	431.85532831988263
623057.0	433.2253169242158
653450.0	432.2857206723891
683843.0	433.05856943799347
714236.0	435.4731400554253
744629.0	433.33072306105225
775022.0	432.61968902122027
805415.0	432.27969348659
835808.0	432.9750282741461
866201.0	432.8722535398819
896594.0	435.81650485436893
926987.0	432.88400399673
957380.0	436.18439166704655
987773.0	432.42103332874893
1018166.0	433.75264816598093
1038382.5	433.53682364729457
1053579.0	428.1182325941492
1078952.0	432.16204728592936
1109345.0	433.36499084755866
1139738.0	432.7800592607995
1170131.0	431.77201679171134
1200524.0	431.6106326106326
1230917.0	434.0228990563084
1261310.0	436.4017973430581
1291703.0	432.5175151594468
1322096.0	433.88565951945793
1348657.5	432.7978110599078
1363854.0	434.9064485387548
1382882.0	433.88736333587593
1413275.0	433.1399681166021
1443668.0	431.7826284674852
1474061.0	432.8156793954932
1504454.0	432.2983001840007
1534847.0	433.867731809024
1565240.0	432.369573822404
1595633.0	435.0079875055779
1626026.0	434.05040313074636
1656419.0	433.04077243399075
1686812.0	431.26062583283556
1717205.0	433.653883383268
1747598.0	434.511574917973
1777991.0	432.65843949044586
1808384.0	432.25279237119776
1838777.0	433.1263937204531
1869170.0	432.77395706056905
1899563.0	435.24560042320576
1929956.0	435.0732525029852
1960349.0	434.25755699279847
1990742.0	430.8561339142399
2021135.0	433.79265366662304
2051528.0	433.47140585964115
2081921.0	432.1676378723603
2112314.0	430.7226163775347
2142707.0	433.1337394698015
2173100.0	433.0715040669087
2203493.0	432.16126076598863
2233886.0	431.17493973532737
2264279.0	433.78978909226055
2294672.0	434.24086789343585
2325065.0	435.1314061054579
2355458.0	432.244675108989
2385851.0	432.83332568702116
2416244.0	432.86074336927345
2446637.0	432.0737384052421
2477030.0	433.02810650887574
2507423.0	433.53024510906226
2537816.0	433.7125788696469
2568209.0	433.15384615384613
2598602.0	434.4770849324965
2628995.0	434.5289039900822
2659388.0	433.07932255721033
2689781.0	433.45812279211196
2720174.0	430.9388264103029
2750567.0	433.20996780191376
2780960.0	432.5394326110907
2811353.0	433.1919952265112
2841746.0	433.6516931902295
2872139.0	433.6884454457676
2889645.5	438.79938744257277
2904842.0	430.9819846281882
2932925.0	432.5985470200457
2963318.0	433.0531919861766
2993711.0	432.2818539808989
3024104.0	432.69404425295096
3054497.0	434.5804545038028
3084890.0	433.5290907490538
3115283.0	433.60417131883344
3145676.0	432.2595824927638
3176069.0	433.8324116813674
3206462.0	433.5026132780441
3236855.0	432.3172643285608
3267248.0	434.8455598455598
3297641.0	432.9562340327512
3322340.5	433.5067287784679
3337537.0	410.74376785021684
3358427.0	421.2537688442211
3388820.0	413.0617105708893
3410819.5	414.9299430074529
3426016.0	436.7766081871345
3449606.0	433.38415591210327
3479999.0	435.54394780922155
3510392.0	433.7198016761002
3540785.0	433.91394714567855
3571178.0	433.1025099802689
3601571.0	434.22815708881285
3631964.0	433.61106313349393
3662357.0	431.60942455822385
3692750.0	433.28193299892513
3723143.0	432.2699494493591
3753536.0	433.7609846479619
3783929.0	434.4144521534232
3814322.0	435.69005687029903
3844715.0	432.24910710249105
3875108.0	434.572975900352
3905501.0	436.13908021390375
3935894.0	432.9008499864364
3966287.0	431.8800999545661
3987990.0	435.40850261421105
4003186.5	436.3061689207839
4027073.0	426.7748864612741
4057466.0	431.0048309178744
4087859.0	431.149226117955
4118252.0	431.95707299402284
4148645.0	433.4657224580181
4179038.0	432.356721776517
4209431.0	435.5277482740308
4239824.0	433.3959650841721
4259839.0	433.5672031916357
4275035.5	432.87455307606956
4300610.0	433.4887096047235
4331003.0	432.3257450145642
4361396.0	433.2475373951113
4391789.0	433.6432349052446
4422182.0	431.87741177533775
4452575.0	432.781208173463
4482968.0	432.37817351598176
4513361.0	433.00794425705664
4543754.0	432.68599692240053
4574147.0	432.5126787159428
4604540.0	432.69384587289994
4634933.0	435.1232740727371
4665326.0	431.6935908691835
4695719.0	434.7268001276848
4726112.0	435.90077353961055
4756505.0	433.15023411962187
4786898.0	433.15027183146447
4817291.0	434.1322280954669
4847684.0	434.04326527073306
4878077.0	433.5603649766271
4908470.0	434.3608792812514
4938863.0	434.9532756600883
4969256.0	433.7171002209098
4999649.0	433.05274118339446
5030042.0	434.299064146829
5060435.0	431.48275250509886
5090828.0	434.33972661255876
5121221.0	434.2343972895863
5151614.0	435.01332688247714
5182007.0	434.00821905570194
5212400.0	434.2488472951381
5242793.0	432.7447315374748
5273186.0	433.0643778740122
5303579.0	435.6434669030181
5333972.0	432.8182641704771
5352383.0	438.02466562445716
5367579.5	434.887865145011
5394758.0	432.8451840423187
5425151.0	433.46768475593126
5455544.0	432.6319466073415
5485937.0	433.4213930348259
5516330.0	434.4687949640288
5546723.0	433.7305622144828
5577116.0	432.54465286981343
5607509.0	433.6453590587387
5637902.0	434.5137578093846
5668295.0	434.2835284725918
5698688.0	433.67996214169824
5729081.0	433.24855729596044
5759474.0	434.733280403512
5789867.0	433.5463894377582
5820260.0	430.58195228151243
5850653.0	433.4471787112852
5881046.0	433.88317297412874
5907241.5	433.845043226401
5922438.0	441.356030614938
5941832.0	434.7723594280683
5972225.0	433.03890660592253
6002618.0	433.07707597173146
6033011.0	432.1289561540174
6063404.0	432.03627359121936
6093797.0	432.353539882527
6124190.0	433.91846862814606
6154583.0	432.77119432749834
6184976.0	433.28122087604845
6215369.0	433.48352549788086
6245762.0	431.3768426578015
6276155.0	434.6368859395181
6306548.0	432.5601298642738
6336941.0	433.2404305181842
6367334.0	432.2791386975852
6397727.0	434.3874732927119
6428120.0	432.30251646071974
6458513.0	431.56289596714294
6488906.0	433.9144053825246
6519299.0	432.1172460496614
6549692.0	433.1156930627985
6580085.0	432.73819496494866
6610478.0	434.57356216428667
6640871.0	432.4150234741784
6660029.5	433.995979588681
6675226.0	431.63107113654945
6701657.0	433.72354485380646
6732050.0	435.983690755091
6762443.0	434.9957897658925
6792836.0	433.6039084411472
6823229.0	431.1468293120459
6853622.0	432.2399549041714
6884015.0	433.9606659348701
6914408.0	433.4050315039722
6944801.0	435.88905484247374
6975194.0	431.515854636145
7005587.0	432.4160770264219
7035980.0	435.2065575249177
7066373.0	433.05572437215125
7096766.0	433.76177360364835
7127159.0	434.18204636728734
7157552.0	433.72046826750244
7187945.0	432.473047352787
7218338.0	433.58687384044526
7248731.0	435.8906257038605
7279124.0	434.5040266857279
7309517.0	432.99262459631666
7327760.5	435.021325209444
7342957.0	434.10864340395227
7370303.0	432.63970722781335
7400696.0	435.12243239582864
7431089.0	431.41580407875614
7461482.0	432.10266142096737
7491875.0	433.6431979832538
7522268.0	433.1149404946246
7552661.0	433.5520786364866
7583054.0	434.13898071625346
7613447.0	435.00695479384007
7643840.0	432.62760900076967
7674233.0	433.9935438224109
7704626.0	433.33856561726213
7735019.0	432.8680830684836
7765412.0	433.47463768115944
7795805.0	433.204844103257
7826198.0	433.7589690281998
7856591.0	434.6582813891362
7886984.0	433.53094855305466
7917377.0	433.27662929968886
7947770.0	432.7996615000891
7978163.0	435.6943013929928
8008556.0	431.99213061372166
8038949.0	431.9717106773823
8069342.0	432.5800425947289
8099735.0	433.2242476588781
8130128.0	433.55410691003914
8160521.0	433.7098674521355
8190914.0	433.79998148405315
8221307.0	435.26882171844386
8251700.0	434.9454487645349
8282093.0	434.22989781291903
8312486.0	433.13084277620396
8342879.0	433.19613636363636
8373272.0	431.83932831283033
8398726.5	438.6399576719577
8413923.0	433.9477329974811
8434058.0	436.7402298850575
8464451.0	434.12516291402636
8494844.0	431.4520963425513
8525237.0	433.93125520627825
8555630.0	433.5367412140575
8586023.0	433.11539990459534
8616416.0	435.72761838921537
8646809.0	433.142336739227
8677202.0	433.1303432207187
8707595.0	436.7489713794819
8737988.0	432.9238859180036
8768381.0	433.7102605227795
8798774.0	435.67094916856445
8829167.0	433.88451567287296
8859560.0	433.36506770713794
8889953.0	433.0922944351218
8920346.0	433.3277482064337
8950739.0	432.1324287652646
8981132.0	431.7844306049822
9011525.0	433.1261825508059
9041918.0	435.4447556943424
9072311.0	432.4416069623313
9102704.0	432.005165851006
9133097.0	432.29921223138956
9163490.0	433.9596410492407
9193883.0	432.22668579626975
9224276.0	432.7848898678414
9254669.0	434.60408788042497
9285062.0	434.0007375911142
9315455.0	434.9092392237678
9332033.5	438.1702313400262
9347230.0	433.54915492375716
9376241.0	434.12070293038636
9406634.0	435.690413052272
9437027.0	432.2139793814433
9467420.0	433.14851756954613
9497813.0	434.2281662454367
9528206.0	433.47208470847085
9558599.0	433.7143663031215
9588992.0	432.7509459767495
9619385.0	434.47087226717935
9649778.0	434.5523942018579
9680171.0	435.34893138357705
9710564.0	432.9586643266211
9740957.0	433.3088740285559
9771350.0	433.7480193761601
9801743.0	433.24121383849
9832136.0	434.1575909436664
9862529.0	433.30231526656615
9892922.0	432.21735183504086
9923315.0	432.32948992713244
9953708.0	431.7352683269028
9984101.0	434.8625739969305
1.0014494E7	433.52828822304696
1.0044887E7	432.8342088578933
1.007528E7	432.90040206275677
1.01041125E7	431.06011376564277
1.0119309E7	433.3940070130698
1.0136066E7	433.05318246110323
1.0166459E7	432.68409040053706
1.0196852E7	434.5654960491659
1.0227245E7	434.48217274857717
1.0257638E7	431.9967220578193
1.0288031E7	434.5283750440606
1.0318424E7	434.80582220833145
1.0348817E7	432.38489580989244
1.037921E7	432.7187966523411
1.0409603E7	433.36204611714817
1.0439996E7	432.842390573899
1.0470389E7	432.7456703296703
1.0500782E7	434.8582731180829
1.0531175E7	435.5902743698416
1.0561568E7	433.1832562238379
1.0591961E7	431.0868119523702
1.0622354E7	433.71984418573766
1.0652747E7	434.11769374416434
1.068314E7	433.9433580269636
1.0713533E7	433.8250373851741
1.0743926E7	433.54947253546743
1.0774319E7	431.94568389343874
1.0804712E7	431.8687190865807
1.0835105E7	430.60955081465477
1.0865498E7	433.73445053174345
1.0895891E7	433.7836856617647
1.0926284E7	433.0151130008781
1.0956677E7	433.01498582422033
1.098707E7	433.5469794081549
1.1017463E7	431.58684258087834
1.1047856E7	435.6868659542811
1.1078249E7	433.0634516633177
1.1108642E7	434.6412021959617
1.1139035E7	435.3517590188882
1.1169428E7	433.9490681095937
1.1196832E7	435.77088607594936
1.12120285E7	433.35246352876413
1.1230214E7	432.67442555735886
1.1260607E7	433.6550691145633
1.1291E7	434.02512898060843
1.1321393E7	435.14333903031394
1.1351786E7	433.9317214609737
1.1382179E7	433.36329694219955
1.1412572E7	431.6489532273581
1.1442965E7	432.58297661424774
1.1473358E7	432.51686270906083
1.1503751E7	434.7149553772649
1.1534144E7	434.3306436653682
1.1564537E7	432.2303380704387
1.159493E7	435.02669104204756
1.1625323E7	434.16335864304426
1.1655716E7	432.373691189246
1.1686109E7	433.81117516227135
1.1716502E7	432.1675549782774
1.1746895E7	431.57635978549865
1.1777288E7	433.71986417657047
1.1807681E7	433.37392627057983
1.1838074E7	435.961262553802
1.1868467E7	432.33968524413757
1.189886E7	434.1435535083404
1.1929253E7	432.94459808259586
1.1959646E7	434.9923928700036
1.1990039E7	431.4450042355879
1.2020432E7	432.40245458144545
1.2050825E7	432.21064068939677
1.2081218E7	433.8025702520476
1.2111611E7	433.69323518786126
1.21419565E7	434.2230886339163
