#Insert size (bp)	insert size
260.0	1.0
270.0	1.0
272.0	4.0
274.0	1.0
277.0	2.0
278.0	1.0
280.0	4.0
282.0	2.0
284.0	2.0
285.0	2.0
286.0	1.0
287.0	1.0
289.0	11.0
291.0	3.0
292.0	11.0
293.0	19.0
294.0	18.0
295.0	32.0
296.0	38.0
297.0	63.0
298.0	118.0
299.0	376.0
300.0	32392.0
301.0	63208.0
302.0	63960.0
303.0	63731.0
304.0	64639.0
305.0	63793.0
306.0	64310.0
307.0	64217.0
308.0	63623.0
309.0	63218.0
310.0	63118.0
311.0	63563.0
312.0	62891.0
313.0	63891.0
314.0	62766.0
315.0	63735.0
316.0	64199.0
317.0	64113.0
318.0	63820.0
319.0	62644.0
320.0	61688.0
321.0	63419.0
322.0	62815.0
323.0	62010.0
324.0	61966.0
325.0	62846.0
326.0	62236.0
327.0	63146.0
328.0	62682.0
329.0	62007.0
330.0	61974.0
331.0	61466.0
332.0	61018.0
333.0	60970.0
334.0	60185.0
335.0	61065.0
336.0	61461.0
337.0	60836.0
338.0	60573.0
339.0	60857.0
340.0	60162.0
341.0	60008.0
342.0	59640.0
343.0	58719.0
344.0	58599.0
345.0	58664.0
346.0	59190.0
347.0	60395.0
348.0	59984.0
349.0	59318.0
350.0	59707.0
351.0	58614.0
352.0	58196.0
353.0	56272.0
354.0	56393.0
355.0	57730.0
356.0	57420.0
357.0	57571.0
358.0	57665.0
359.0	57520.0
360.0	56211.0
361.0	56292.0
362.0	55293.0
363.0	54395.0
364.0	54215.0
365.0	53966.0
366.0	53720.0
367.0	54925.0
368.0	54317.0
369.0	55753.0
370.0	54498.0
371.0	54795.0
372.0	52723.0
373.0	52202.0
374.0	51879.0
375.0	50995.0
376.0	51051.0
377.0	51382.0
378.0	52121.0
379.0	52038.0
380.0	51505.0
381.0	52278.0
382.0	51259.0
383.0	50149.0
384.0	49274.0
385.0	48184.0
386.0	48580.0
387.0	48117.0
388.0	49081.0
389.0	49038.0
390.0	48812.0
391.0	49454.0
392.0	48475.0
393.0	47614.0
394.0	46601.0
395.0	45563.0
396.0	45234.0
397.0	45628.0
398.0	45725.0
399.0	46083.0
400.0	45819.0
401.0	46162.0
402.0	45849.0
403.0	46018.0
404.0	44368.0
405.0	42894.0
406.0	42598.0
407.0	42394.0
408.0	42630.0
409.0	43171.0
410.0	43536.0
411.0	43708.0
412.0	42490.0
413.0	43009.0
414.0	41346.0
415.0	40562.0
416.0	39724.0
417.0	39505.0
418.0	40458.0
419.0	39886.0
420.0	40624.0
421.0	40848.0
422.0	39541.0
423.0	40872.0
424.0	39433.0
425.0	38205.0
426.0	37238.0
427.0	36751.0
428.0	36504.0
429.0	36876.0
430.0	37099.0
431.0	37849.0
432.0	37884.0
433.0	37849.0
434.0	36797.0
435.0	35390.0
436.0	35285.0
437.0	34296.0
438.0	34529.0
439.0	34156.0
440.0	34197.0
441.0	34463.0
442.0	35166.0
443.0	34978.0
444.0	34464.0
445.0	33565.0
446.0	32600.0
447.0	31489.0
448.0	31461.0
449.0	31872.0
450.0	31999.0
451.0	32278.0
452.0	32359.0
453.0	32892.0
454.0	31978.0
455.0	31367.0
456.0	31038.0
457.0	29676.0
458.0	29323.0
459.0	29283.0
460.0	28826.0
461.0	29252.0
462.0	30275.0
463.0	30351.0
464.0	29810.0
465.0	29518.0
466.0	28879.0
467.0	28193.0
468.0	27263.0
469.0	26963.0
470.0	26883.0
471.0	27401.0
472.0	27608.0
473.0	27931.0
474.0	28206.0
475.0	27653.0
476.0	27003.0
477.0	25965.0
478.0	25590.0
479.0	24880.0
480.0	24740.0
481.0	25116.0
482.0	25283.0
483.0	26448.0
484.0	26351.0
485.0	25680.0
486.0	25499.0
487.0	24589.0
488.0	23567.0
489.0	23280.0
490.0	22660.0
491.0	22828.0
492.0	23289.0
493.0	23659.0
494.0	24117.0
495.0	24084.0
496.0	23611.0
497.0	22966.0
498.0	22354.0
499.0	21393.0
500.0	20896.0
501.0	21154.0
502.0	21218.0
503.0	21716.0
504.0	22092.0
505.0	22485.0
506.0	22467.0
507.0	21600.0
508.0	20912.0
509.0	20337.0
510.0	19560.0
511.0	19395.0
512.0	19274.0
513.0	20450.0
514.0	20232.0
515.0	21008.0
516.0	20412.0
517.0	20166.0
518.0	19626.0
519.0	18759.0
520.0	17908.0
521.0	18139.0
522.0	17678.0
523.0	18311.0
524.0	18743.0
525.0	19187.0
526.0	18881.0
527.0	18424.0
528.0	18213.0
529.0	17793.0
530.0	17013.0
531.0	16819.0
532.0	16298.0
533.0	16738.0
534.0	17209.0
535.0	17294.0
536.0	17569.0
537.0	17124.0
538.0	17148.0
539.0	16326.0
540.0	15819.0
541.0	15100.0
542.0	15172.0
543.0	15371.0
544.0	15558.0
545.0	16453.0
546.0	16089.0
547.0	15944.0
548.0	15310.0
549.0	15319.0
550.0	14378.0
551.0	14163.0
552.0	14039.0
553.0	13939.0
554.0	14375.0
555.0	15360.0
556.0	15467.0
557.0	15027.0
558.0	14562.0
559.0	14018.0
560.0	13834.0
561.0	12993.0
562.0	12883.0
563.0	12721.0
564.0	13324.0
565.0	13711.0
566.0	13624.0
567.0	13427.0
568.0	11492.0
569.0	11416.0
570.0	11508.0
571.0	11351.0
572.0	11048.0
573.0	10978.0
574.0	11290.0
575.0	11009.0
576.0	10665.0
577.0	10592.0
578.0	10359.0
579.0	10769.0
580.0	10379.0
581.0	10597.0
582.0	10573.0
583.0	10402.0
584.0	10128.0
585.0	10564.0
586.0	9944.0
587.0	9863.0
588.0	9910.0
589.0	9803.0
590.0	9845.0
591.0	9862.0
592.0	9887.0
593.0	9633.0
594.0	9516.0
595.0	9658.0
596.0	10021.0
597.0	9294.0
598.0	9317.0
599.0	9238.0
600.0	9071.0
601.0	8915.0
602.0	9253.0
603.0	9075.0
604.0	8991.0
605.0	9050.0
606.0	8641.0
607.0	8641.0
608.0	8514.0
609.0	8710.0
610.0	8543.0
611.0	8447.0
612.0	8440.0
613.0	8501.0
614.0	8452.0
615.0	8312.0
616.0	8075.0
617.0	8144.0
618.0	8214.0
619.0	8087.0
620.0	7951.0
621.0	7803.0
622.0	7939.0
623.0	7939.0
624.0	7899.0
625.0	7638.0
626.0	7714.0
627.0	7522.0
628.0	7595.0
629.0	7461.0
630.0	7289.0
631.0	7588.0
632.0	7323.0
633.0	7294.0
634.0	7413.0
635.0	7094.0
636.0	7179.0
637.0	6967.0
638.0	7196.0
639.0	6942.0
640.0	6988.0
641.0	6759.0
642.0	6737.0
643.0	6691.0
644.0	6737.0
645.0	6774.0
646.0	6667.0
647.0	6698.0
648.0	6529.0
649.0	6503.0
650.0	6358.0
651.0	6419.0
652.0	6291.0
653.0	6176.0
654.0	6363.0
655.0	6422.0
656.0	6237.0
657.0	6139.0
658.0	6156.0
659.0	6130.0
660.0	5959.0
661.0	5892.0
662.0	6089.0
663.0	5812.0
664.0	5934.0
665.0	5767.0
666.0	5857.0
667.0	5773.0
668.0	5638.0
669.0	5679.0
670.0	5506.0
671.0	5628.0
672.0	5438.0
673.0	5400.0
674.0	5386.0
675.0	5386.0
676.0	5435.0
677.0	5287.0
678.0	5043.0
679.0	5355.0
680.0	5307.0
681.0	5090.0
682.0	5218.0
683.0	5020.0
684.0	5206.0
685.0	4936.0
686.0	5025.0
687.0	4939.0
688.0	4940.0
689.0	4894.0
690.0	4776.0
691.0	4692.0
692.0	4702.0
693.0	4834.0
694.0	4754.0
695.0	4709.0
696.0	4542.0
697.0	4548.0
698.0	4659.0
699.0	4567.0
700.0	4447.0
701.0	4562.0
702.0	4563.0
703.0	4395.0
704.0	4410.0
705.0	4227.0
706.0	4289.0
707.0	4227.0
708.0	4311.0
709.0	4414.0
710.0	4208.0
711.0	4144.0
712.0	4139.0
713.0	4131.0
714.0	4131.0
715.0	3988.0
716.0	4297.0
717.0	3878.0
718.0	3892.0
719.0	3857.0
720.0	3917.0
721.0	3886.0
722.0	3750.0
723.0	3732.0
724.0	3693.0
725.0	3734.0
726.0	3599.0
727.0	3711.0
728.0	3535.0
729.0	3550.0
730.0	3609.0
731.0	3701.0
732.0	3550.0
733.0	3535.0
734.0	3444.0
735.0	3447.0
736.0	3193.0
737.0	3446.0
738.0	3428.0
739.0	3496.0
740.0	3366.0
741.0	3416.0
742.0	3358.0
743.0	3312.0
744.0	3165.0
745.0	3128.0
746.0	3105.0
747.0	3207.0
748.0	3286.0
749.0	3064.0
750.0	3151.0
751.0	2987.0
752.0	3118.0
753.0	3050.0
754.0	3062.0
755.0	3094.0
756.0	3003.0
757.0	2983.0
758.0	2803.0
759.0	2843.0
760.0	2838.0
761.0	2920.0
762.0	2927.0
763.0	2967.0
764.0	2747.0
765.0	2844.0
766.0	2784.0
767.0	2713.0
768.0	2654.0
769.0	2664.0
770.0	2555.0
771.0	2750.0
772.0	2689.0
773.0	2604.0
774.0	2530.0
775.0	2536.0
776.0	2440.0
777.0	2560.0
778.0	2603.0
779.0	2513.0
780.0	2596.0
781.0	2530.0
782.0	2490.0
783.0	2362.0
784.0	2393.0
785.0	2407.0
786.0	2308.0
787.0	2205.0
788.0	2340.0
789.0	2257.0
790.0	2296.0
791.0	2233.0
792.0	2334.0
793.0	2185.0
794.0	2255.0
795.0	2307.0
796.0	2261.0
797.0	2127.0
798.0	2155.0
799.0	2108.0
800.0	2126.0
801.0	1685.0
802.0	1686.0
803.0	1658.0
804.0	1696.0
805.0	1665.0
806.0	1620.0
807.0	1674.0
808.0	1615.0
809.0	1632.0
810.0	1623.0
811.0	1570.0
812.0	1487.0
813.0	1552.0
814.0	1532.0
815.0	1642.0
816.0	1498.0
817.0	1492.0
818.0	1479.0
819.0	1428.0
820.0	1492.0
821.0	1476.0
822.0	1440.0
823.0	1460.0
824.0	1454.0
825.0	1361.0
826.0	1387.0
827.0	1402.0
828.0	1327.0
829.0	1400.0
830.0	1354.0
831.0	1318.0
832.0	1315.0
833.0	1407.0
834.0	1355.0
835.0	1302.0
836.0	1294.0
837.0	1295.0
838.0	1309.0
839.0	1193.0
840.0	1235.0
841.0	1206.0
842.0	1223.0
843.0	1218.0
844.0	1222.0
845.0	1062.0
846.0	1109.0
847.0	1103.0
848.0	1168.0
849.0	1132.0
850.0	1160.0
851.0	1155.0
852.0	1091.0
853.0	1086.0
854.0	1113.0
855.0	1139.0
856.0	1041.0
857.0	1086.0
858.0	1069.0
859.0	1007.0
860.0	1045.0
861.0	1014.0
862.0	1004.0
863.0	959.0
864.0	955.0
865.0	984.0
866.0	1002.0
867.0	1032.0
868.0	1004.0
869.0	922.0
870.0	936.0
871.0	969.0
872.0	957.0
873.0	906.0
874.0	921.0
875.0	919.0
876.0	862.0
877.0	876.0
878.0	849.0
879.0	845.0
880.0	917.0
881.0	801.0
882.0	813.0
883.0	826.0
884.0	851.0
885.0	805.0
886.0	811.0
887.0	770.0
888.0	748.0
889.0	744.0
890.0	779.0
891.0	756.0
892.0	757.0
893.0	801.0
894.0	731.0
895.0	759.0
896.0	684.0
897.0	725.0
898.0	719.0
899.0	670.0
900.0	726.0
901.0	683.0
902.0	689.0
903.0	695.0
904.0	734.0
905.0	678.0
906.0	683.0
907.0	628.0
908.0	624.0
909.0	617.0
910.0	562.0
911.0	564.0
912.0	598.0
913.0	667.0
914.0	595.0
915.0	621.0
916.0	574.0
917.0	610.0
918.0	614.0
919.0	580.0
920.0	579.0
921.0	595.0
922.0	588.0
923.0	560.0
924.0	555.0
925.0	563.0
926.0	531.0
927.0	541.0
928.0	546.0
929.0	498.0
930.0	544.0
931.0	496.0
932.0	534.0
933.0	543.0
934.0	481.0
935.0	525.0
936.0	503.0
937.0	483.0
938.0	490.0
939.0	448.0
940.0	481.0
941.0	495.0
942.0	435.0
943.0	417.0
944.0	420.0
945.0	460.0
946.0	456.0
947.0	448.0
948.0	429.0
949.0	457.0
950.0	457.0
951.0	459.0
952.0	412.0
953.0	425.0
954.0	429.0
955.0	418.0
956.0	431.0
957.0	416.0
958.0	369.0
959.0	417.0
960.0	412.0
961.0	393.0
962.0	381.0
963.0	369.0
964.0	354.0
965.0	383.0
966.0	333.0
967.0	330.0
968.0	291.0
969.0	318.0
970.0	364.0
971.0	319.0
972.0	352.0
973.0	334.0
974.0	347.0
975.0	329.0
976.0	362.0
977.0	304.0
978.0	356.0
