# Position (bp)	A	C	G	T	N
0.0	24.397890498076148	23.246266751594703	40.21160096322454	12.144069154968834	1.7263213577548868E-4
1.0	21.949311416764793	20.902080842517886	15.216432933659618	41.93153298646941	6.418205882807171E-4
2.0	29.655450414179647	21.423523662744802	16.00826084117937	32.91276508189618	0.0
3.0	17.666908492289295	25.97996058886629	10.877264373341383	45.47564031042797	2.2623507506307655E-4
4.0	40.342517443870975	9.814017143169917	9.96985345104997	39.87361196190914	0.0
5.0	44.77344812028356	10.95225265871863	25.78601611086404	18.48828311013377	0.0
6.0	33.58471395006923	15.86521262117621	21.94865831843448	28.601415110320083	0.0
7.0	39.90472510443933	16.586214601942736	20.942927383110298	22.566132910507633	0.0
8.0	15.0232934970925	37.21659578537459	22.57920687062291	25.180903846910002	0.0
9.0	30.534150776316444	19.065454796541736	10.521310089267002	39.87908433787482	0.0
10.0	26.025808264244365	15.031435064916845	31.01248646850171	27.930270202337077	0.0
11.0	26.87279261416445	19.50537171301713	16.854560031549763	36.76727564126866	0.0
12.0	24.556847219098138	20.98346119379992	23.388414469942603	31.07127711715934	0.0
13.0	23.73966979946677	27.476865068781347	17.186420702862847	31.59704442888903	0.0
14.0	34.57340783716807	19.699973338845965	20.18630028111248	25.53986674037135	4.518025021303209E-4
15.0	34.4890994327294	18.119379816391902	18.757892754703118	28.633200906849805	4.2708932578047455E-4
16.0	33.1789185268494	17.768691992336688	17.813062612977753	31.236773197519597	0.0025536703165626507
17.0	32.839189552218244	17.728894421594184	18.033263902388995	31.398652123798577	0.0
18.0	32.08770701209155	17.840425522261192	18.644137575367704	31.427729890279547	0.0
19.0	31.26363818878844	18.5618282838832	18.807197654129	31.36733587319936	0.0
20.0	31.171437041969547	18.788173470420773	18.86635727106489	31.174032216544795	0.0
21.0	30.842997515763464	18.927730224361135	18.907002496124427	31.322269763750977	0.0
22.0	31.130340332301117	18.945462811348584	18.597775513573602	31.3264213427767	0.0
23.0	31.50075479367724	18.70818510839543	18.570731759595393	31.22032833833194	0.0
24.0	31.087295894887788	18.673772684278376	18.40330733556162	31.83562408527221	0.0
25.0	31.31039214333419	18.7076464963826	18.382459169046005	31.5995021912372	0.0
26.0	31.564300501941016	18.45827801258824	18.470131614652335	31.507289870818404	0.0
27.0	31.26421421653443	18.520749519808543	18.555359994921847	31.659676268735176	0.0
28.0	31.438462091641384	18.623836935305132	18.55250281872662	31.385198154326865	0.0
29.0	31.435190360712788	18.54739661259371	18.81675414880352	31.200658877889982	0.0
30.0	31.121837930967917	18.770112885083005	18.87080911645879	31.23724006749029	0.0
31.0	31.30085347098496	18.970255589103065	18.636200780566682	31.092690159345292	0.0
32.0	31.419046296577392	18.90301937622345	18.643356094277458	31.03408632218298	4.919107387206272E-4
33.0	31.118387741942126	18.73537771563395	18.708512675376163	31.437721867047763	0.0
34.0	31.269291814988538	18.732255363098858	18.61035081772335	31.38806461015693	3.739403232377548E-5
35.0	31.34975186010955	18.391056776231572	18.680276678090568	31.57891468556831	0.0
36.0	31.339266240104624	18.61062236574747	18.440013716219113	31.610097677928795	0.0
37.0	31.362902847925245	18.648578580526546	18.517871949608033	31.470646621940173	0.0
38.0	31.48588897776936	18.510605683858486	18.53376836435608	31.469736974016072	0.0
39.0	31.34827049139195	18.595391074691054	18.610557148778074	31.445776638670143	4.646468776659114E-6
40.0	31.30973736028138	18.488199600171455	18.726290462498298	31.47577257704886	0.0
41.0	31.53496276307928	18.596208327971212	18.608776090043587	31.26005281890592	0.0
42.0	31.209345874548394	18.770986116988666	18.735864342516585	31.28380366594636	0.0
43.0	31.1577269121661	18.85187101806766	18.741526050087362	31.248876019678878	0.0
44.0	31.487727105711787	18.543134305542903	18.631727102383664	31.337406863967992	4.622393657558194E-6
45.0	31.24340409830823	18.606158660918528	18.666954212152692	31.48348302862055	0.0
46.0	29.49731619159179	17.44372352840357	17.511694733488795	29.576115362355083	5.971150184160767
47.0	31.494735470207008	18.603009976307806	18.497335486641163	31.404919066844023	0.0
48.0	30.28804324308399	17.917807941709118	17.94976057392286	30.883473478072325	2.960914763211707
49.0	30.362206243683843	18.00423685148474	18.15999763459549	30.465711084325058	3.007848185910862
50.0	31.400266233539547	18.485573963866468	18.70007202453244	31.41408777806155	0.0
51.0	31.140315756535543	18.668405711203857	18.665413793465806	31.525864738794795	0.0
52.0	31.338195814450607	18.709161042977765	18.63640308495576	31.316240057615868	0.0
53.0	31.309722797992727	18.6730033233092	18.750279996243812	31.26699388245426	0.0
54.0	31.257885976198725	18.50527385528396	18.578192818022245	31.658647350495073	0.0
55.0	31.19147884197593	18.802429991368104	18.567846907946375	31.437498868195384	7.453905142060458E-4
56.0	31.45302923853594	18.462772005705876	18.509306684458736	31.574892071299445	0.0
57.0	31.210032288882918	18.6682242766701	18.477579238897796	31.64416419554919	0.0
58.0	31.17130636607798	18.71162273201917	18.548259713729408	31.568583193116375	2.2799505706716278E-4
59.0	31.509205999719768	18.410774110780288	18.511656475028893	31.567784913533696	5.785009373537235E-4
60.0	31.11495995237582	18.671737452837398	18.668879492509983	31.54368585773374	7.372445430592453E-4
61.0	31.244272930364968	18.5358698877982	18.741052039815504	31.478805142021322	0.0
62.0	31.509385186783728	18.552275592608158	18.474454527901138	31.46367116068285	2.135320241245755E-4
63.0	31.21685629812903	18.67777708419637	18.528639930994956	31.576726686679642	0.0
64.0	31.248801207384908	18.639412798940544	18.551892999014836	31.559892994659716	0.0
65.0	31.344910862851084	18.64567330498701	18.481909452788283	31.527506379373627	0.0
66.0	31.183123810495395	18.586915303263112	18.60629483129686	31.623666054944632	0.0
67.0	31.276398693089437	18.78377273085474	18.404063819595176	31.53576475646065	0.0
68.0	31.49392112103862	18.592933574847383	18.634107526335114	31.279037777778885	0.0
69.0	31.245377066235907	18.566488254014647	18.570216198646943	31.617918481102507	0.0
70.0	31.2828777556319	18.598869100469752	18.5231684871625	31.59506208244906	2.257428678572586E-5
71.0	31.479510844824794	18.52506124274077	18.63574320467565	31.359684707758795	0.0
72.0	31.41577184135248	18.61729230995326	18.529484887615922	31.43745096107834	0.0
73.0	31.122094156604025	18.742344981927996	18.53684011305831	31.598720748409665	0.0
74.0	31.490475777331156	18.556206931840904	18.54939936505032	31.40391792577762	0.0
75.0	31.205579455900097	18.603899497690037	18.555081868410728	31.635439177999135	0.0
76.0	31.33096746117045	18.579996410402924	18.50297882142222	31.586057307004406	0.0
77.0	31.493529883518356	18.522862531343893	18.59226120723226	31.3913463779055	0.0
78.0	31.348857976488038	18.507758100044228	18.44610126146595	31.69728266200178	0.0
79.0	31.172606907026353	18.77120471288593	18.624622622809227	31.431565757278495	0.0
80.0	31.56575296976345	18.493798133442098	18.607312729280938	31.333136167513516	0.0
81.0	31.271652909931515	18.599591398302408	18.652564426019477	31.476191265746607	0.0
82.0	31.223980635652293	18.722920928540336	18.514754817698357	31.53834361810901	0.0
83.0	31.487309477447383	18.564553155102885	18.448541454656652	31.499595912793076	0.0
84.0	31.175443539501096	18.58715683505222	18.6672667942139	31.570132831232783	0.0
85.0	31.3311460520052	18.574028630753006	18.680422046443567	31.414403270798232	0.0
86.0	31.503497102028295	18.4764238753412	18.563859806275087	31.456219216355414	0.0
87.0	31.139792931425212	18.558353607962214	18.63976333641583	31.66209012419674	0.0
88.0	31.222492149734677	18.748599801255487	18.47503366950604	31.553874379503792	0.0
89.0	31.393241859381014	18.63944036958894	18.437100562928528	31.53021720810152	0.0
90.0	31.183730812094097	18.495120094377924	18.67498588103291	31.64557464352116	5.885689739075781E-4
91.0	31.34654704521196	18.573992346666515	18.605961076311463	31.473499531810067	0.0
92.0	31.49375817230559	18.60980650394273	18.653978540798718	31.242349893571582	1.068893813817136E-4
93.0	31.19413555790992	18.554740431442028	18.548307974466038	31.702816036182014	0.0
94.0	31.30641985247285	18.76074311592923	18.550715338564277	31.382121693033643	0.0
95.0	31.509558667226113	18.491479953311448	18.623209063460962	31.375596634122182	1.5568187929201042E-4
96.0	31.257786203014998	18.72966160847114	18.59066712992231	31.421885058591553	0.0
97.0	31.442961153235714	18.63959143767825	18.650427479170066	31.266699915565106	3.2001435086577884E-4
98.0	31.38381513300697	18.583822916401502	18.63730709831809	31.395054852273436	0.0
99.0	31.234504661134693	18.52078032788108	18.694573233379288	31.55013733720264	4.440402296895777E-6
100.0	31.24225626867782	18.738074576099084	18.67059499460829	31.348772377547302	3.0178306750239275E-4
101.0	31.39964325099529	18.67857468242428	18.539406730681115	31.382375335899315	0.0
102.0	31.306645819152067	18.529820183093175	18.635183833990226	31.528350163764536	0.0
103.0	31.35357438295695	18.715466158036918	18.557270501411278	31.373272396674835	4.165609200182205E-4
104.0	31.65018709492245	18.61719293957051	18.503093544005814	31.22910114032502	4.2528117620014904E-4
105.0	31.22777563570595	18.63658737221641	18.579070307757704	31.556566684319936	0.0
106.0	31.226156139171234	18.64294698142843	18.66870749437878	31.461702335103276	4.870499182774514E-4
107.0	31.55585742219367	18.554884392150143	18.584409050463087	31.304849135193102	0.0
108.0	31.19009145161669	18.593900915666687	18.706187094572222	31.509674510798437	1.4602734596581978E-4
109.0	31.323298293261736	18.698844849817206	18.630009134157103	31.34767963657998	1.68086183979175E-4
110.0	31.412091883993256	18.64823268553541	18.668062331851452	31.271613098619884	0.0
111.0	31.259305378428632	18.646059235074194	18.45720830758465	31.637427078912527	0.0
112.0	31.26536220252326	18.6071061153361	18.526745561461002	31.600415042315305	3.71078364328979E-4
113.0	31.505342876609078	18.459513708404867	18.64066701654046	31.39427325731851	2.031411270870322E-4
114.0	31.448343260475813	18.49564962556997	18.70743121601484	31.348461111169485	1.1478676988881665E-4
115.0	31.131453689021626	18.952967342311524	18.472615823130216	31.442963145536634	0.0
116.0	31.57192460059149	18.614152848475744	18.480000910880975	31.33359947769096	3.2216236082696344E-4
117.0	31.3537515563809	18.64230371465507	18.547797892561643	31.456146836402382	0.0
118.0	31.325196445824194	18.603966462458505	18.609202870857597	31.461157782690286	4.764381694204425E-4
119.0	31.490960039743943	18.54600332390231	18.54037601948035	31.422290167366	3.704495074013827E-4
120.0	31.18772707896909	18.677508484029364	18.691153116004102	31.4435716435539	3.9677443545280094E-5
121.0	31.298864267974018	18.72799229436132	18.605758357221013	31.367385080443643	0.0
122.0	31.48197490920049	18.583752306334027	18.606894947476384	31.327135528734235	2.4230825486951481E-4
123.0	31.29517923710599	18.485324015023924	18.65902052048172	31.560476227388364	0.0
124.0	31.494559463215694	18.54863449710663	18.594591514679802	31.36221452499787	0.0
125.0	31.44987028872656	18.63121961880039	18.536556760249738	31.38235333222331	0.0
126.0	31.41128226591741	18.677432760955934	18.58642651064807	31.324858462478588	0.0
127.0	31.393446847848605	18.688118610318796	18.614121852689365	31.304092604800754	2.2008434248240087E-4
128.0	31.504216850023724	18.515078488101107	18.51873597577942	31.461629785312073	3.389007836706511E-4
129.0	31.246103322547906	18.66930071207765	18.565901242747472	31.51869472262697	0.0
130.0	31.53829289903224	18.600960525922723	18.5516191942048	31.309127380840245	0.0
131.0	31.345981739632585	18.585848784853862	18.617231770806644	31.450937704706906	0.0
132.0	31.369680746977863	18.678945035979474	18.513350015667722	31.437821923746434	2.02277628507637E-4
133.0	31.22425969432262	18.765980322995635	18.614507150330375	31.39525283235137	0.0
134.0	31.51929992355365	18.4938015859574	18.578894362711235	31.408004127777716	0.0
135.0	31.375927889131045	18.614545043294203	18.59825562579384	31.411271441780915	0.0
136.0	31.318815280854228	18.730986455009106	18.595718953910815	31.354479310225848	0.0
137.0	31.503266267371476	18.485777971355198	18.509416921857884	31.50153883941544	0.0
138.0	31.189431038287886	18.487463438903657	18.730920572395902	31.592184950412555	0.0
139.0	31.344680150445253	18.852676724450333	18.51020029904275	31.292442826061666	0.0
140.0	31.52767534940411	18.629224092782476	18.662391329178206	31.180709228635205	0.0
141.0	31.339121874372612	18.80132794028777	18.543084129146774	31.316466056192844	0.0
142.0	31.385144003425037	18.602460220057434	18.62808650551791	31.384309270999616	0.0
143.0	31.460349583551416	18.54917181411508	18.689209939240964	31.301268663092536	0.0
144.0	31.146049987940437	18.592208588787283	18.535216132743624	31.726525290528652	0.0
145.0	31.230819303176567	18.767362277820162	18.513451249460296	31.488367169542975	0.0
146.0	31.53320593126807	18.53507215804533	18.46398721727341	31.467225155433244	5.095379799507347E-4
147.0	31.238077691225563	18.598944460398332	18.622258074903435	31.540719773472674	0.0
148.0	31.20520741031971	18.73107375862726	18.619689367019195	31.44402946403384	0.0
149.0	31.544005206391855	18.607938693083867	18.66813715953222	31.179918940992057	0.0
150.0	31.236538807887214	18.597637451626046	18.6774769658981	31.48834677458863	0.0
151.0	31.380051259216234	18.548283813585513	18.65005534738806	31.421609579810188	0.0
152.0	31.306871974568995	18.63488239003168	18.78468637744481	31.272895903054238	6.633549002751342E-4
153.0	31.272277081373385	18.680916970495716	18.58276306772391	31.46404288040699	0.0
154.0	31.26263474813522	18.751370734142476	18.452483156414466	31.53351136130784	0.0
155.0	31.320342982100758	18.59434021813954	18.550119122854127	31.535197676905575	0.0
156.0	31.384484578124972	18.56676509865208	18.397169151276948	31.651581171946	0.0
157.0	31.32594381598245	18.679673698218522	18.631157005369747	31.36322548042928	0.0
158.0	31.369092004709625	18.73399699126736	18.45235019004095	31.444341082982024	2.1973100003621168E-4
159.0	31.233578080615708	18.773425938464936	18.37976358457741	31.613232396341946	0.0
160.0	31.07254154591912	18.903597607303915	18.585784140045057	31.438076706731906	0.0
161.0	31.304528452269764	18.731658808838368	18.42360878631887	31.54020395257299	0.0
162.0	31.07273732165256	18.694602321934795	18.666958984990124	31.565701371422524	0.0
163.0	31.201957867136027	18.86506675360327	18.42102451989354	31.511950859367165	0.0
164.0	31.23165594209876	18.789142269615514	18.563760168967118	31.415441619318607	0.0
165.0	31.20709835131929	18.808012437537748	18.468021886507028	31.516867324635932	0.0
166.0	31.214155041762066	18.872975678326835	18.447805026996235	31.465064252914864	0.0
167.0	31.313854066434377	18.855599483966405	18.59812808289543	31.23241836670379	0.0
168.0	31.11095194800247	18.72258084271176	18.609166862369833	31.55730034691594	0.0
169.0	31.24551846009382	18.995682671373164	18.43431465213481	31.32443580894617	4.8407452036796354E-5
170.0	31.281404126547457	18.756516093535076	18.627697386519944	31.334382393397526	0.0
171.0	31.122828870693365	18.78866205063796	18.545492662676843	31.543016415991833	0.0
172.0	31.17427163665637	18.927800233422865	18.636598429723144	31.261153585164912	1.76115032703681E-4
173.0	31.334201200263045	18.807143104035493	18.608291057293968	31.250043206211302	3.2143219618988364E-4
174.0	31.142074302912054	18.824503204816292	18.543983251236128	31.489439241035527	0.0
175.0	31.236208763368438	18.80557535575957	18.522689712562695	31.43519145494395	3.347133653469051E-4
176.0	31.353344478062077	18.764103354092295	18.510239125927168	31.372313041918453	0.0
177.0	31.16531847179366	18.804843146348638	18.51525463312318	31.51458374873452	0.0
178.0	31.075620239039065	18.855796621878177	18.693117186760983	31.37546595232178	0.0
179.0	31.252102788675902	18.854245955303895	18.587664163030798	31.305987092989408	0.0
180.0	31.01272271949232	18.816015671109955	18.60557452237751	31.565687087020216	0.0
181.0	30.9169267567981	19.029543206084533	18.680418728748656	31.373111308368713	0.0
182.0	31.21308691642892	18.858489522644557	18.593743200613428	31.33390360280434	7.767575087515415E-4
183.0	31.107522885239646	18.924912400890957	18.727793438255098	31.2397712756143	0.0
184.0	31.04602460216354	18.934475168795963	18.593302834627814	31.426197394412686	0.0
185.0	31.140920523797416	18.793777674665925	18.63316487233351	31.432136929203153	0.0
186.0	31.014155797875375	18.851476136185553	18.694117840365383	31.440250225573685	0.0
187.0	30.955487269942005	18.972842292561463	18.884834415242267	31.186836022254266	0.0
188.0	31.440686833196573	18.6048679697552	18.62504725998613	31.329397937062097	0.0
189.0	30.94128327397156	18.82578488403204	18.778589109928916	31.454342732067488	0.0
190.0	31.059450941305357	18.978773073498814	18.61077484960258	31.351001135593247	0.0
191.0	31.0757704094588	18.815141520597358	18.874274323001337	31.234813746942503	0.0
192.0	30.90535931431876	18.8352123361347	18.865611691841917	31.393816657704626	0.0
193.0	31.00559921047359	18.80069949829076	18.984471478074997	31.20912795135718	1.0186180347120226E-4
194.0	30.959459522914894	18.88382363403576	18.937983685004507	31.21873315804484	0.0
195.0	30.890366182523938	18.899220432021757	18.890291561091445	31.32012182436286	0.0
196.0	30.969280731170777	18.978040390036472	18.926256928066024	31.12642195072672	0.0
197.0	30.991500956629643	18.742605982160388	19.133067331622165	31.13282572958781	0.0
198.0	30.812571628010925	18.813674858558734	19.226951482126616	31.14680203130372	0.0
199.0	30.840641542580343	19.030664779271852	19.007828521367394	31.120865156780408	0.0
200.0	30.99335583294615	18.709282378432356	19.111201626794855	31.186160161826642	0.0
201.0	30.74519976225794	18.751669318466544	19.216136488899636	31.286994430375874	0.0
202.0	30.720139525499125	19.008175060999722	19.07216485677926	31.199520556721893	0.0
203.0	30.800157638483007	18.83877728760394	19.350390671217898	31.010674402695155	0.0
204.0	30.63997218063631	18.836516964049522	19.348754569537398	31.174756285776773	0.0
205.0	30.628997352436315	18.946572522759887	19.245439453817912	31.17885713100388	1.3353998200415202E-4
206.0	30.686130878472433	18.76574623633389	19.466420631932696	31.08170225326098	0.0
207.0	30.708409550792037	18.81296099736502	19.27665513932835	31.201974312514587	0.0
208.0	30.69417242084626	18.808579438529026	19.350971162140095	31.14627697848462	0.0
209.0	30.839008640331205	18.72116371038588	19.442527359665938	30.997300289616973	0.0
210.0	30.543162958886654	18.718103670236186	19.649616663744343	31.089116707132813	0.0
211.0	30.499920448603767	18.877434659091673	19.602165298778694	31.020479593525863	0.0
212.0	30.66494467289798	18.72128778222717	19.62186186010098	30.99190568477387	0.0
213.0	30.347456880960728	18.888449028354636	19.66653712319316	31.097556967491474	0.0
214.0	30.483691169323606	18.952413091695707	19.595185113089858	30.968661413497163	4.921239366711654E-5
215.0	30.621031763438094	18.74756845781546	19.798907768706783	30.832492010039665	0.0
216.0	30.446952104645515	18.803658446201553	19.860449359153918	30.88894008999901	0.0
217.0	30.639564956961333	18.718578621866644	19.84559456371848	30.796015415272105	2.464421814380825E-4
218.0	30.529869629317822	18.819734186589685	19.729339629210664	30.921056554881826	0.0
219.0	30.23622651397742	18.812356808961056	19.937980836967046	31.01341789213817	1.7947956311084747E-5
220.0	30.293900418574776	18.73177356871998	20.087076449888137	30.887034024827102	2.155379900076588E-4
221.0	30.651900658844976	18.52956385443207	20.058378452514436	30.760026713125683	1.3032108283697854E-4
222.0	30.369770631518268	18.71984143069975	20.02569250062925	30.884070348308047	6.250888446869629E-4
223.0	30.24907172488234	18.885996956743554	20.14019158214189	30.72473973623221	0.0
224.0	30.379581428837092	18.788913749340903	20.06624967748704	30.76525514433496	0.0
225.0	30.21115637794373	18.899078832170986	20.081657813742943	30.80810697614234	0.0
226.0	30.26867673812223	18.804590121188006	20.17408970143132	30.752643439258442	0.0
227.0	30.400234005429784	18.650041478310538	20.197043290508276	30.752681225751406	0.0
228.0	30.194668308145705	18.82342159443324	20.25271824820418	30.729051899133914	1.3995008296556935E-4
229.0	30.11286604203024	18.867517211388037	20.386682706155437	30.63287530427023	5.8736156057448486E-5
230.0	30.31445585279676	18.687889503057235	20.448468758245657	30.54918588590035	0.0
231.0	30.220321970702457	18.771321650760306	20.37657223236119	30.631784146176045	0.0
232.0	30.123515465898993	18.810087853624736	20.402196134509364	30.664200545966906	0.0
233.0	30.11340379065613	18.769769682140527	20.464087515137876	30.65226299604213	4.7601602333403344E-4
234.0	30.116386413636526	18.75024612385551	20.569670790175078	30.563047903460287	6.487688725957669E-4
235.0	30.234874399824974	18.763796869403706	20.544487692272	30.45684103849932	0.0
236.0	30.231720396473268	18.650793488536873	20.571913083146235	30.545523056756206	4.9975087418921665E-5
237.0	30.11751621224873	18.594649429373312	20.71162259249851	30.576211765879446	0.0
238.0	29.975311826011648	18.948443137093058	20.606550900060196	30.469694136835102	0.0
239.0	30.25622472368402	18.67305754040715	20.744890564120485	30.325827171788344	0.0
240.0	29.853409347994543	18.683690420724076	20.88085674170172	30.582043489579664	0.0
241.0	29.97784736065372	18.65454918952295	21.01287056071698	30.354527556602985	2.053325033641449E-4
242.0	29.907476732157544	18.9130991622444	20.738443178450677	30.440980927147383	0.0
243.0	29.812441980316795	18.790712644582023	20.85115575323236	30.54568962186882	0.0
244.0	30.03306550548445	18.829492088027642	20.942902287450256	30.19454011903765	0.0
245.0	29.914643665607027	18.748299752159966	20.995328978378435	30.341727603854572	0.0
246.0	29.714345510803895	18.74531726538291	21.234173812291658	30.30595714889311	2.0626262842942557E-4
247.0	29.635666244591263	18.730458788972836	21.10630395860728	30.527378328213484	1.9267961513439656E-4
248.0	29.95086581088448	18.510886279713233	21.306284687170763	30.231963222231528	0.0
249.0	29.55166081401331	18.70427085502731	21.32145235279515	30.422243670996473	3.723071677541177E-4
250.0	29.663490023086297	18.73468758955534	21.33535170482081	30.266470682537555	0.0
251.0	29.68360160699327	18.532700811396634	21.310409365022075	30.473288216588017	0.0
252.0	29.763190500688687	18.4909991214111	21.449001170037665	30.29680920786255	0.0
253.0	29.55697144530689	18.770628814841924	21.423595504788047	30.248804235063144	0.0
254.0	29.621824207296903	18.853420530200538	21.38899929284476	30.13565892816189	9.704149591406782E-5
255.0	29.70228559069327	18.70245599285532	21.604283625425335	29.990974791026076	0.0
256.0	29.37336760224677	18.927785922565675	21.599661138139172	30.099180707282002	4.6297663792106455E-6
257.0	29.64370285651577	18.679500703976306	21.608640892651504	30.068053591827027	1.0195502939757415E-4
258.0	29.44430928888008	18.615950113307992	21.78665790042109	30.152943521180394	1.3917621044333745E-4
259.0	29.509904166649637	18.939538195681646	21.595478707890152	29.955078929778562	0.0
260.0	29.63405881758041	18.637619398014305	21.902584472242467	29.82573731216282	0.0
261.0	29.337258395630787	18.684668681339964	21.872523247949324	30.105498464041286	5.121103864180132E-5
262.0	29.322016035200754	18.960571667310628	21.759555705898478	29.957851930275876	4.66131426594765E-6
263.0	29.461705935749137	18.70614343151965	21.79916880377282	30.032981828958395	0.0
264.0	29.234397170692812	18.65284845778713	22.174319903868074	29.938434467651987	0.0
265.0	29.263101759375775	18.749982457699666	22.102676253338885	29.884239529585678	0.0
266.0	29.33124722605195	18.6087335417099	22.263083586334258	29.796935645903893	0.0
267.0	29.298564058669434	18.729295258614222	22.20831070315102	29.76382997956532	0.0
268.0	29.282652818543653	18.721504510220043	22.25813990193406	29.737702769302242	0.0
269.0	29.40748271486924	18.670752197447225	22.35676919790826	29.564995889775282	0.0
270.0	29.179609213189977	18.675044410587336	22.5468719324382	29.59847444378449	0.0
271.0	29.064536352281085	18.656450606910248	22.482901080433113	29.796017693671768	9.426670378889462E-5
272.0	29.424212277421226	18.622577065096515	22.324686516181597	29.628524141300666	0.0
273.0	29.03417380752823	18.484571471028588	22.66117375804214	29.82008096340104	0.0
274.0	29.181918467454754	18.448432454005104	22.77381215574735	29.595836922792788	0.0
275.0	29.31336405420734	18.44289109921809	22.68906479563698	29.554680050937588	0.0
276.0	28.663117970922947	18.829432587454104	22.73747862993498	29.76997081168797	0.0
277.0	28.831139287568526	18.53377894424285	22.92485228281637	29.710200966476847	2.8518895408044314E-5
278.0	29.14984829072054	18.544682816559668	22.88999965824597	29.415469234473825	0.0
279.0	28.832787440349456	18.868561082784247	22.765439073176097	29.533212403690197	0.0
280.0	28.804096849305243	18.971433203176577	22.90541232711363	29.31905762040455	0.0
281.0	29.234981690708217	18.348576176110363	23.040066259011578	29.376375874169835	0.0
282.0	28.713139948752676	18.439982720283584	23.148284080299927	29.698593250663812	0.0
283.0	28.880781523391295	18.907433521667727	22.95693070648297	29.254854248458006	0.0
284.0	28.888509958881027	18.730093465754962	23.131637162562495	29.249759412801517	0.0
285.0	28.793256426604835	18.55817708451852	23.44145237995469	29.207114108921957	0.0
286.0	28.19001490050852	18.45345317345463	22.950358509906746	28.938789185149915	1.467384230980192
287.0	28.695321830575782	18.937342639469954	22.949089072792138	29.418246457162127	0.0
288.0	28.781817122852164	18.638391600228815	22.982599320851257	29.596592607665812	5.993484019510723E-4
289.0	28.912090849876922	19.24104441648732	22.70092747488579	29.14593725874997	0.0
290.0	28.876509608745803	18.41670540411393	23.648845436567072	29.057808620749352	1.3092982384507528E-4
291.0	28.61769422161522	18.446806101486548	23.655737068655007	29.27976260824322	0.0
292.0	29.11050568895574	18.33353983047639	23.796004051561543	28.75995042900633	0.0
293.0	28.626459713333336	18.331947187629257	24.031266025049504	29.010327073987902	0.0
294.0	28.509375637609025	18.411099810583703	24.105529814500233	28.973994737307034	0.0
295.0	28.270633031498004	19.018705785381684	23.94603789225599	28.764623290864318	0.0
296.0	28.435570248479277	18.969890155948423	23.522981774886766	29.071548000379455	9.820306075371636E-6
297.0	28.313368215315304	18.266583785618955	24.436254890265147	28.983793108800594	0.0
298.0	28.01196464574668	18.56673770588337	24.28290143749828	29.138396210871676	0.0
299.0	29.59905827808571	20.32195016899446	21.14961520377012	28.92937634914971	0.0
