#Position (bp)	insert size
15197.0	263.8746733855916
45590.0	275.1945226036391
75983.0	275.4323149101728
106376.0	277.6296516466532
136769.0	272.24070773930754
167162.0	268.252757886588
197555.0	273.97596583573346
221485.0	273.24240809802876
236681.5	272.8668013962888
258341.0	266.2220618556701
288734.0	266.5772407464056
319127.0	267.4806763285024
349520.0	272.17378286904454
379913.0	269.8915495133632
410306.0	267.41365341335336
440699.0	272.5853291158307
471092.0	261.98626226583406
501485.0	262.68565971669585
531878.0	268.1933887219374
562271.0	263.5585601719198
592664.0	267.2947987851177
623057.0	270.5267116682739
653450.0	268.64117746574186
683843.0	271.77121579494286
714236.0	269.03562893764934
744629.0	265.97728696741854
775022.0	267.82920306650027
805415.0	265.3853710140547
835808.0	267.14806678383127
866201.0	269.19417873735995
896594.0	273.4902416957477
926987.0	271.770968489342
957380.0	268.25657096643755
987773.0	265.58026707656836
1018166.0	266.28726968174203
1038382.5	261.44617784711386
1053579.0	258.1111111111111
1078952.0	271.1963971880492
1109345.0	276.4881990219009
1139738.0	267.14033539276255
1170131.0	260.13473100046247
1200524.0	262.0207600870584
1230917.0	265.8102564102564
1261310.0	277.1376879699248
1291703.0	272.83592110784724
1322096.0	268.5012622720898
1348657.5	257.12157800358636
1363854.0	258.1066709635836
1382882.0	265.82906295754026
1413275.0	271.82472361809045
1443668.0	264.04133454793896
1474061.0	270.8677190406265
1504454.0	266.59971041200475
1534847.0	267.0608864348605
1565240.0	269.2245054439503
1595633.0	268.13397506706644
1626026.0	263.6102632902901
1656419.0	272.81772151898736
1686812.0	262.7973927213471
1717205.0	265.9426706650203
1747598.0	270.8503531208246
1777991.0	266.0125210241076
1808384.0	262.057346252719
1838777.0	267.5396496515351
1869170.0	259.7452124749225
1899563.0	272.5954853898352
1929956.0	264.66344255823134
1960349.0	266.58131067961165
1990742.0	264.15825426944974
2021135.0	263.18986497749626
2051528.0	264.70935330654
2081921.0	265.8701534733441
2112314.0	267.9972826086956
2142707.0	265.68432720017734
2173100.0	266.012756168967
2203493.0	269.28162771958097
2233886.0	262.9461285293608
2264279.0	266.01590956667366
2294672.0	269.17558721601847
2325065.0	264.12199069391056
2355458.0	263.4793685526727
2385851.0	263.5294689749076
2416244.0	266.6142689141513
2446637.0	264.1845967619912
2477030.0	264.0794616519174
2507423.0	267.1437054631829
2537816.0	265.1717340461076
2568209.0	266.01262544512787
2598602.0	266.1471030222074
2628995.0	263.7959522229595
2659388.0	270.171067020778
2689781.0	262.50993872365865
2720174.0	263.2431455257608
2750567.0	266.6166689856686
2780960.0	272.6026908923643
2811353.0	267.3647301895965
2841746.0	264.2798258051448
2872139.0	263.90995260663504
2889645.5	282.07262569832403
2904842.0	273.1778436457947
2932925.0	269.7377400799454
2963318.0	270.7721998851235
2993711.0	268.6782074732166
3024104.0	272.4946222281238
3054497.0	268.40522692145566
3084890.0	266.0092359361881
3115283.0	266.81708055723806
3145676.0	269.48599693465235
3176069.0	270.86922852133256
3206462.0	264.6246811611806
3236855.0	266.3725081131201
3267248.0	274.10044226044226
3297641.0	273.1071700668755
3322340.5	260.83266546911705
3337537.0	203.93522012578617
3358427.0	212.4697874582821
3388820.0	207.41395433568132
3410819.5	208.30827876062946
3426016.0	267.379738667527
3449606.0	268.0649893314367
3479999.0	267.2209761828474
3510392.0	268.562893081761
3540785.0	263.38546168958743
3571178.0	265.27741749531634
3601571.0	268.8678357570573
3631964.0	269.23511904761904
3662357.0	270.3927823425165
3692750.0	267.02704007725737
3723143.0	263.38077176781
3753536.0	272.2369288742346
3783929.0	266.37950310559006
3814322.0	265.4254966887417
3844715.0	265.2243251173709
3875108.0	268.32582599748486
3905501.0	267.21826945145745
3935894.0	269.49481686247407
3966287.0	264.5540554574722
3987990.0	267.19434152913436
4003186.5	267.4141414141414
4027073.0	272.09426751592355
4057466.0	271.0979515441406
4087859.0	265.01825122271265
4118252.0	266.7284236319085
4148645.0	264.42109634551497
4179038.0	268.9430690483652
4209431.0	272.46371450331844
4239824.0	267.2890454455249
4259839.0	256.70338983050846
4275035.5	257.09758167161647
4300610.0	268.88709677419354
4331003.0	266.5096469226317
4361396.0	269.1175321691176
4391789.0	269.890904778845
4422182.0	263.0084356963149
4452575.0	271.58101106287637
4482968.0	273.2287539936102
4513361.0	273.1845183133272
4543754.0	265.63054419628816
4574147.0	261.6098929117797
4604540.0	266.0064775910364
4634933.0	267.4675009338812
4665326.0	268.0861380490588
4695719.0	264.92551574375676
4726112.0	271.83268482490274
4756505.0	265.53275020341744
4786898.0	271.9087260034904
4817291.0	261.8872519542995
4847684.0	263.84343615494976
4878077.0	265.7328352899324
4908470.0	267.704197080292
4938863.0	270.1644509196868
4969256.0	266.40488215488216
4999649.0	265.9980589377096
5030042.0	263.37994350282486
5060435.0	265.92354124748493
5090828.0	262.30731102850064
5121221.0	269.7040625
5151614.0	265.0338489814673
5182007.0	266.1217831528618
5212400.0	264.8444507521998
5242793.0	270.5831947819414
5273186.0	268.99071899809906
5303579.0	267.55750798722045
5333972.0	268.30525692869116
5352383.0	273.32924142272583
5367579.5	262.8036761389265
5394758.0	269.3165602703718
5425151.0	269.36235142948925
5455544.0	265.8067511607479
5485937.0	268.6493016232541
5516330.0	268.400451212634
5546723.0	269.64116471595776
5577116.0	259.8074804291099
5607509.0	267.62866043613707
5637902.0	265.85671215487145
5668295.0	266.2196736453202
5698688.0	268.5978710821999
5729081.0	261.8368897983046
5759474.0	264.1872770511296
5789867.0	264.2216767371601
5820260.0	266.27337867379157
5850653.0	268.257805867371
5881046.0	272.0154858691444
5907241.5	265.48918608295895
5922438.0	277.8798751950078
5941832.0	272.5123169107856
5972225.0	265.51634050880625
6002618.0	268.3761741122566
6033011.0	268.86262944029363
6063404.0	264.47164225615455
6093797.0	272.9539978094195
6124190.0	263.07558236970004
6154583.0	267.48645031783207
6184976.0	266.92269243585474
6215369.0	273.84584426946634
6245762.0	269.56857187844435
6276155.0	271.42928930366116
6306548.0	270.59667209260266
6336941.0	266.35802919708027
6367334.0	266.7314042831453
6397727.0	268.3241252302026
6428120.0	266.29409947482236
6458513.0	268.1462302556587
6488906.0	269.99281815570237
6519299.0	267.91835518474375
6549692.0	265.65989226248774
6580085.0	268.78641207815275
6610478.0	270.8194095184875
6640871.0	267.87421721238144
6660029.5	256.04716336295286
6675226.0	260.14554114845197
6701657.0	269.577362698634
6732050.0	274.21030906011856
6762443.0	272.2627018511225
6792836.0	267.0107750227184
6823229.0	266.456338028169
6853622.0	265.58125819134995
6884015.0	263.68587330168606
6914408.0	271.86791876622385
6944801.0	268.75416890801506
6975194.0	264.23438324828436
7005587.0	269.6276757121187
7035980.0	268.74688382915076
7066373.0	264.683879510096
7096766.0	265.4135220125786
7127159.0	267.78450985996
7157552.0	264.6587785177838
7187945.0	272.4124781195299
7218338.0	270.71914017248037
7248731.0	265.44428251121076
7279124.0	270.36778211759736
7309517.0	264.16403051730555
7327760.5	249.76133447390933
7342957.0	268.0090462900587
7370303.0	267.7840959573523
7400696.0	270.8630001238697
7431089.0	277.0390437119819
7461482.0	266.14027149321265
7491875.0	264.3543682310469
7522268.0	266.7182786771828
7552661.0	263.5553154710458
7583054.0	268.3726393367112
7613447.0	266.1636127776877
7643840.0	272.68107937509865
7674233.0	273.6140772532189
7704626.0	271.4260617760618
7735019.0	267.6737394957983
7765412.0	267.8027548209366
7795805.0	276.66158256646736
7826198.0	264.19765636029933
7856591.0	268.37928221859704
7886984.0	266.16087880935504
7917377.0	266.2216806722689
7947770.0	267.8135804669399
7978163.0	270.56822429906543
8008556.0	258.5924352750809
8038949.0	264.0039432176656
8069342.0	263.2310869157124
8099735.0	266.6345701357466
8130128.0	267.9285383903793
8160521.0	267.34799672935407
8190914.0	265.2875731945348
8221307.0	276.83168170388996
8251700.0	269.8514577259475
8282093.0	265.72375249501
8312486.0	263.637012490441
8342879.0	268.2011334860726
8373272.0	261.5030701754386
8398726.5	271.52962504421646
8413923.0	267.1021518089383
8434058.0	273.39902771025766
8464451.0	269.3341974508533
8494844.0	272.0458836181145
8525237.0	269.4842130927709
8555630.0	268.79092177000126
8586023.0	267.2140013726836
8616416.0	270.12369316034767
8646809.0	269.2269095557686
8677202.0	265.76038632531044
8707595.0	265.9141514549069
8737988.0	266.2758091993186
8768381.0	264.6054500412882
8798774.0	265.63890991672974
8829167.0	265.5354713313897
8859560.0	268.6059209360043
8889953.0	265.50102059751345
8920346.0	269.3410823879487
8950739.0	262.42983280105204
8981132.0	262.8478902587255
9011525.0	267.6660525103639
9041918.0	265.0090255724553
9072311.0	270.82503793626705
9102704.0	266.11965025310633
9133097.0	267.7659445538555
9163490.0	267.5374565670605
9193883.0	267.72614775399086
9224276.0	268.1976644130301
9254669.0	263.6736225087925
9285062.0	273.64716446124766
9315455.0	271.94545277127247
9332033.5	246.43253234750463
9347230.0	268.4462135294593
9376241.0	265.2550527633697
9406634.0	270.3107635694572
9437027.0	267.82891134975785
9467420.0	268.6682434955807
9497813.0	266.20998995263386
9528206.0	273.2450498525488
9558599.0	267.40494109947645
9588992.0	268.67205247160456
9619385.0	265.7173060528559
9649778.0	270.44220215967425
9680171.0	266.9129982668978
9710564.0	265.6848067974914
9740957.0	265.685370741483
9771350.0	268.43869989895586
9801743.0	267.4557846906676
9832136.0	273.35669889502765
9862529.0	264.87145808736716
9892922.0	264.3268424206112
9923315.0	267.4172702741088
9953708.0	265.8987646881591
9984101.0	273.1322314049587
1.0014494E7	268.76218277135706
1.0044887E7	268.5027366713967
1.007528E7	268.2624499872308
1.01041125E7	260.2013069522599
1.0119309E7	242.2994011976048
1.0136066E7	266.9352974688695
1.0166459E7	263.6545258197526
1.0196852E7	263.5944959866569
1.0227245E7	266.43954415954414
1.0257638E7	264.3295421825511
1.0288031E7	268.66765061049244
1.0318424E7	269.39966038900894
1.0348817E7	267.9351170568562
1.037921E7	268.6502639196322
1.0409603E7	265.5411233701103
1.0439996E7	265.28117069869734
1.0470389E7	264.8406004288778
1.0500782E7	268.13493020851286
1.0531175E7	268.09424083769636
1.0561568E7	266.7530660809079
1.0591961E7	267.9423625981442
1.0622354E7	270.03050349136345
1.0652747E7	268.3061797752809
1.068314E7	271.5524200750134
1.0713533E7	265.5778181218023
1.0743926E7	263.9680669398907
1.0774319E7	269.1177609916715
1.0804712E7	271.65937149270485
1.0835105E7	264.48335388409373
1.0865498E7	266.21449119021935
1.0895891E7	267.72066836178715
1.0926284E7	265.57323232323233
1.0956677E7	265.8475886405646
1.098707E7	266.3598979438691
1.1017463E7	265.4178258629572
1.1047856E7	270.59176717357104
1.1078249E7	265.49053818279424
1.1108642E7	262.7503647698634
1.1139035E7	268.003142019271
1.1169428E7	268.0709850801594
1.1196832E7	270.0832633249323
1.12120285E7	278.9012702078522
1.1230214E7	265.62629070691025
1.1260607E7	265.30455868089234
1.1291E7	269.2111072382944
1.1321393E7	273.2657702940437
1.1351786E7	271.40667474095005
1.1382179E7	268.11901347863494
1.1412572E7	263.3813474467172
1.1442965E7	263.8807907937445
1.1473358E7	266.34645402103837
1.1503751E7	267.4508783344177
1.1534144E7	266.5662308129619
1.1564537E7	267.7206037206037
1.159493E7	271.6542327019714
1.1625323E7	265.718431372549
1.1655716E7	262.1407648494711
1.1686109E7	270.4561403508772
1.1716502E7	267.6062410182714
1.1746895E7	266.1326408310028
1.1777288E7	265.1532364597094
1.1807681E7	267.2777674418605
1.1838074E7	263.8590047393365
1.1868467E7	270.3242025590196
1.189886E7	267.67737948084056
1.1929253E7	266.6966327827192
1.1959646E7	270.149749926449
1.1990039E7	261.5744208187877
1.2020432E7	264.7472909141428
1.2050825E7	263.6569105691057
1.2081218E7	265.60844340204915
1.2111611E7	270.52483408263754
1.21419565E7	268.13400304960084
