#Insert size (bp)	insert size
142.0	3.0
144.0	1.0
145.0	3.0
146.0	7.0
147.0	4.0
148.0	6.0
149.0	13.0
150.0	55.0
151.0	12293.0
152.0	23952.0
153.0	24313.0
154.0	24161.0
155.0	23859.0
156.0	24325.0
157.0	24190.0
158.0	24139.0
159.0	24108.0
160.0	23763.0
161.0	24069.0
162.0	24008.0
163.0	24125.0
164.0	23874.0
165.0	23732.0
166.0	23714.0
167.0	23685.0
168.0	23836.0
169.0	23768.0
170.0	23693.0
171.0	23479.0
172.0	23376.0
173.0	23290.0
174.0	23313.0
175.0	23087.0
176.0	23189.0
177.0	23047.0
178.0	22936.0
179.0	23206.0
180.0	23230.0
181.0	22677.0
182.0	22250.0
183.0	22495.0
184.0	22471.0
185.0	22050.0
186.0	22006.0
187.0	21950.0
188.0	22062.0
189.0	21958.0
190.0	21922.0
191.0	21624.0
192.0	21571.0
193.0	21363.0
194.0	21057.0
195.0	21038.0
196.0	20582.0
197.0	20958.0
198.0	20812.0
199.0	20526.0
200.0	20237.0
201.0	20287.0
202.0	20186.0
203.0	20259.0
204.0	19902.0
205.0	19560.0
206.0	19748.0
207.0	19440.0
208.0	19300.0
209.0	19241.0
210.0	19174.0
211.0	19262.0
212.0	19041.0
213.0	18688.0
214.0	18543.0
215.0	18132.0
216.0	18239.0
217.0	17971.0
218.0	17796.0
219.0	17762.0
220.0	17918.0
221.0	17266.0
222.0	17455.0
223.0	16896.0
224.0	17346.0
225.0	16922.0
226.0	16566.0
227.0	16373.0
228.0	16288.0
229.0	15907.0
230.0	15987.0
231.0	16232.0
232.0	15717.0
233.0	15743.0
234.0	15693.0
235.0	15410.0
236.0	15297.0
237.0	14918.0
238.0	14956.0
239.0	14669.0
240.0	14529.0
241.0	14484.0
242.0	14586.0
243.0	14428.0
244.0	14066.0
245.0	13968.0
246.0	13928.0
247.0	13720.0
248.0	13347.0
249.0	13240.0
250.0	13508.0
251.0	13245.0
252.0	13160.0
253.0	12780.0
254.0	12984.0
255.0	12615.0
256.0	12598.0
257.0	12433.0
258.0	12349.0
259.0	12081.0
260.0	12020.0
261.0	12128.0
262.0	11741.0
263.0	11595.0
264.0	11499.0
265.0	11092.0
266.0	10821.0
267.0	10201.0
268.0	9768.0
269.0	9845.0
270.0	9625.0
271.0	9678.0
272.0	9372.0
273.0	9214.0
274.0	9146.0
275.0	9144.0
276.0	9084.0
277.0	8863.0
278.0	8898.0
279.0	8898.0
280.0	8842.0
281.0	8903.0
282.0	8717.0
283.0	8462.0
284.0	8568.0
285.0	8547.0
286.0	8385.0
287.0	8335.0
288.0	8146.0
289.0	8286.0
290.0	8197.0
291.0	8129.0
292.0	8122.0
293.0	8022.0
294.0	7953.0
295.0	7984.0
296.0	7892.0
297.0	7879.0
298.0	7785.0
299.0	7852.0
300.0	7685.0
301.0	7504.0
302.0	7522.0
303.0	7408.0
304.0	7261.0
305.0	7387.0
306.0	7410.0
307.0	7184.0
308.0	7146.0
309.0	7257.0
310.0	7052.0
311.0	6996.0
312.0	7077.0
313.0	6943.0
314.0	6839.0
315.0	6932.0
316.0	6775.0
317.0	6806.0
318.0	6875.0
319.0	6590.0
320.0	6458.0
321.0	6599.0
322.0	6498.0
323.0	6560.0
324.0	6440.0
325.0	6522.0
326.0	6280.0
327.0	6401.0
328.0	6223.0
329.0	6238.0
330.0	6182.0
331.0	5941.0
332.0	6067.0
333.0	6099.0
334.0	5995.0
335.0	6026.0
336.0	5918.0
337.0	5878.0
338.0	5814.0
339.0	5680.0
340.0	5636.0
341.0	5585.0
342.0	5535.0
343.0	5472.0
344.0	5520.0
345.0	5521.0
346.0	5284.0
347.0	5434.0
348.0	5287.0
349.0	5030.0
350.0	5160.0
351.0	5248.0
352.0	5176.0
353.0	5159.0
354.0	4944.0
355.0	5139.0
356.0	4898.0
357.0	4910.0
358.0	4861.0
359.0	4894.0
360.0	4864.0
361.0	4767.0
362.0	4784.0
363.0	4753.0
364.0	4783.0
365.0	4560.0
366.0	4581.0
367.0	4605.0
368.0	4502.0
369.0	4408.0
370.0	4537.0
371.0	4283.0
372.0	4298.0
373.0	4384.0
374.0	4113.0
375.0	4191.0
376.0	4194.0
377.0	3985.0
378.0	4017.0
379.0	4118.0
380.0	4109.0
381.0	3992.0
382.0	3965.0
383.0	3960.0
384.0	3916.0
385.0	4020.0
386.0	3926.0
387.0	3834.0
388.0	3625.0
389.0	3767.0
390.0	3647.0
391.0	3749.0
392.0	3641.0
393.0	3645.0
394.0	3616.0
395.0	3530.0
396.0	3490.0
397.0	3543.0
398.0	3624.0
399.0	3407.0
400.0	3415.0
401.0	3356.0
402.0	3345.0
403.0	3285.0
404.0	3280.0
405.0	3266.0
406.0	3225.0
407.0	3221.0
408.0	3277.0
409.0	2961.0
410.0	3015.0
411.0	3105.0
412.0	3100.0
413.0	2995.0
414.0	3025.0
415.0	2980.0
416.0	3037.0
417.0	2964.0
418.0	2901.0
419.0	2956.0
420.0	2806.0
421.0	2839.0
422.0	2838.0
423.0	2817.0
424.0	2761.0
425.0	2741.0
426.0	2731.0
427.0	2704.0
428.0	2649.0
429.0	2629.0
430.0	2647.0
431.0	2661.0
432.0	2555.0
433.0	2517.0
434.0	2534.0
435.0	2595.0
436.0	2513.0
437.0	2440.0
438.0	2467.0
439.0	2378.0
440.0	2452.0
441.0	2423.0
442.0	2423.0
443.0	2327.0
444.0	2274.0
445.0	2283.0
446.0	2267.0
447.0	2320.0
448.0	2146.0
449.0	2185.0
450.0	2237.0
451.0	2134.0
452.0	2185.0
453.0	2182.0
454.0	2142.0
455.0	2053.0
456.0	2093.0
457.0	2066.0
458.0	2104.0
459.0	1996.0
460.0	2024.0
461.0	2033.0
462.0	1986.0
463.0	1959.0
464.0	1962.0
465.0	1956.0
466.0	1922.0
467.0	1899.0
468.0	1839.0
469.0	1907.0
470.0	1833.0
471.0	1832.0
472.0	1787.0
473.0	1780.0
474.0	1759.0
475.0	1768.0
476.0	1738.0
477.0	1761.0
478.0	1709.0
479.0	1613.0
480.0	1626.0
481.0	1685.0
482.0	1607.0
483.0	1641.0
484.0	1631.0
485.0	1613.0
486.0	1663.0
487.0	1549.0
488.0	1521.0
489.0	1524.0
490.0	1519.0
491.0	1442.0
492.0	1532.0
493.0	1510.0
494.0	1508.0
495.0	1412.0
496.0	1458.0
497.0	1434.0
498.0	1394.0
499.0	1472.0
500.0	1424.0
501.0	1324.0
502.0	1391.0
503.0	1357.0
504.0	1262.0
505.0	1418.0
506.0	1337.0
507.0	1268.0
508.0	1248.0
509.0	1290.0
510.0	1288.0
511.0	1222.0
512.0	1265.0
513.0	1210.0
514.0	1180.0
515.0	1237.0
516.0	1205.0
517.0	1238.0
518.0	1216.0
519.0	1182.0
520.0	1252.0
521.0	1190.0
522.0	1108.0
523.0	1138.0
524.0	1131.0
525.0	1133.0
526.0	1060.0
527.0	1092.0
528.0	1054.0
529.0	1102.0
530.0	1053.0
531.0	1013.0
532.0	1044.0
533.0	1028.0
534.0	1052.0
535.0	1003.0
536.0	1067.0
537.0	971.0
538.0	945.0
539.0	976.0
540.0	1009.0
541.0	955.0
542.0	967.0
543.0	976.0
544.0	946.0
545.0	903.0
546.0	937.0
547.0	900.0
548.0	927.0
549.0	935.0
550.0	889.0
551.0	865.0
552.0	839.0
553.0	820.0
554.0	853.0
555.0	893.0
556.0	836.0
557.0	839.0
558.0	843.0
559.0	860.0
560.0	817.0
561.0	745.0
562.0	767.0
563.0	770.0
564.0	766.0
565.0	715.0
566.0	750.0
567.0	733.0
568.0	767.0
569.0	727.0
570.0	732.0
571.0	679.0
572.0	736.0
573.0	715.0
574.0	683.0
575.0	675.0
576.0	725.0
577.0	668.0
578.0	645.0
579.0	657.0
580.0	612.0
581.0	654.0
582.0	659.0
583.0	611.0
584.0	656.0
585.0	592.0
586.0	661.0
587.0	628.0
588.0	659.0
589.0	601.0
590.0	628.0
591.0	573.0
592.0	564.0
593.0	597.0
594.0	583.0
595.0	602.0
596.0	556.0
597.0	544.0
598.0	518.0
599.0	550.0
600.0	552.0
601.0	527.0
602.0	552.0
603.0	508.0
604.0	512.0
605.0	517.0
606.0	542.0
607.0	510.0
608.0	552.0
609.0	473.0
610.0	487.0
611.0	473.0
612.0	490.0
613.0	498.0
614.0	427.0
615.0	473.0
616.0	431.0
