# Position (bp)	A	C	G	T	N
0.0	26.191695150010585	22.58510982462259	34.8579696675901	16.364615272766468	6.100850102621383E-4
1.0	22.616656602205236	19.94377946340887	12.777422258566268	44.66109674708629	0.0010449287333323333
2.0	31.01568858879086	21.144425908408607	14.282165443025868	33.557217526420274	5.025333543950646E-4
3.0	20.466023976709657	23.98880038129204	11.354927747062028	44.190181095349566	6.679958671095702E-5
4.0	39.341395022257664	10.653167343081773	10.849654980831714	39.15559945633646	1.8319749239272413E-4
5.0	43.15617985386927	11.478683550831507	24.233365248239323	21.1317713470599	0.0
6.0	34.32578919230307	14.827109175228252	21.619289571513235	29.227812060955443	0.0
7.0	39.5426717813585	15.889107790641702	20.22233691130178	24.345883516698013	0.0
8.0	18.552818853257065	32.335553824826036	23.155829376187928	25.955797945728975	0.0
9.0	29.715478791968604	20.190333218227494	14.111229145853157	35.98295884395075	0.0
10.0	27.324924689509672	15.792694496061758	28.76091266350704	28.121451709377958	1.6441543571570205E-5
11.0	27.179105489070444	19.207324427046903	18.730620360146872	34.882949723735784	0.0
12.0	24.646717004812626	21.305979461669622	23.83328016538616	30.214006991967164	1.6376164427171596E-5
13.0	23.39660037256415	27.11637407506627	18.893565872378552	30.59345967999103	0.0
14.0	32.17237147321027	21.195380427290736	20.659672346594874	25.97257575290412	0.0
15.0	32.16425745656713	19.52525078841547	19.834787717262035	28.47570403775536	0.0
16.0	31.27190671425047	19.06998674098304	18.881308231674907	30.77679831309158	0.0
17.0	31.33216725586997	18.877233521774567	19.156099292436917	30.63449992991855	0.0
18.0	30.899754836076987	18.93986844704686	19.78438853138066	30.375988185495494	0.0
19.0	30.419293324622437	19.587608370349802	19.66553125433376	30.32753472425385	3.232644015099034E-5
20.0	30.242479811903134	19.619033820618405	19.77448511096092	30.364001256517543	0.0
21.0	29.97544374633698	19.787618281758007	19.919072431687567	30.317865540217447	0.0
22.0	30.04169731463506	19.863115119798387	19.68122897348398	30.413958592082572	0.0
23.0	30.286287757249397	19.771907726935105	19.840984771593156	30.100755546225443	6.41979968941009E-5
24.0	29.981837297692394	19.854961144698866	19.86399763384979	30.29920392375895	0.0
25.0	30.129740011343493	19.932415681148655	19.718757487553667	30.218958861760687	1.2795819349902E-4
26.0	30.419618217089234	19.75858855066426	19.870122466954584	29.951431250797384	2.395144945389897E-4
27.0	30.17238782022925	19.81990469499801	19.9207157264412	30.086959876284908	3.1882046629724933E-5
28.0	30.218106065910845	19.85955592618291	19.87271708754798	30.049557262987697	6.365737056865129E-5
29.0	29.819719768862534	19.501818372473227	19.70280056370341	29.440919974134466	1.5347413208263625
30.0	29.95848696413895	19.89254740352768	20.10368978852924	30.0447364868477	5.39356956427731E-4
31.0	30.120793772714077	20.04522103706468	19.756293015466046	30.0776921747552	0.0
32.0	30.238741012929232	19.96376068895182	19.913621628187705	29.88227917935169	0.0015974905795506022
33.0	30.024415332620407	19.856935216373166	20.056345262084594	30.06148292150721	8.21267414620171E-4
34.0	30.039562845149746	20.036637229134087	19.893242615579577	30.030320737412953	2.3657272363811E-4
35.0	30.20317196027561	19.753855807015697	20.03058848098473	30.01236800232587	1.5749398097378214E-5
36.0	30.10509735874033	19.8209610860742	20.086779482720544	29.987020512372037	1.4156009288858717E-4
37.0	30.100959768157615	19.98278587882817	19.91415246451924	30.00148923041348	6.126580814942071E-4
38.0	30.230457755374037	19.8854191543198	20.010694881739653	29.873334063480776	9.414508573636049E-5
39.0	30.041249654999035	19.86102162288139	20.038455166801793	30.058881731397808	3.918239199726287E-4
40.0	30.043367239103784	19.86258691060869	19.93056544930495	30.163182936165615	2.9746481695737333E-4
41.0	30.231709641919203	19.819108746033017	19.982049747440666	29.967131864607115	0.0
42.0	29.959970823678063	19.928930754039826	20.103354417792872	30.007072242953964	6.717615352781819E-4
43.0	29.99003377529519	20.10702220879381	19.901065009562018	30.001363996303166	5.150100458171665E-4
44.0	30.188575400380497	19.96702721361869	19.973903040549917	29.87027606523086	2.1828022003893497E-4
45.0	29.999799047046828	19.94710419784488	20.044200303049518	30.00889645205878	0.0
46.0	30.040341093909774	19.983051137628184	19.903318335120566	30.073289433341476	0.0
47.0	30.194421991573616	19.902316275820844	20.00518135198454	29.898080380620996	0.0
48.0	29.93217403247704	19.866666210909642	20.100329729848987	30.10083002676433	0.0
49.0	29.966861148741064	20.126007120832146	19.894177988512403	30.0127363972514	2.1734466299312786E-4
50.0	30.11878959885979	19.91073018575592	20.039078424279502	29.93140179110479	0.0
51.0	29.882725129465815	19.99658994560963	20.050623807449732	30.070061117474822	0.0
52.0	30.023693133266242	20.046649002269255	19.892009371929838	30.037648492534657	0.0
53.0	30.089082774776365	19.952374650684238	20.053801012096713	29.904741562442684	0.0
54.0	29.945964908590145	19.930524985236016	20.09036887217408	30.033141233999753	0.0
55.0	29.98694423335784	20.121261268057182	19.94748323278466	29.944311265800323	0.0
56.0	30.15697905879921	19.879595781202276	19.989328025565776	29.974097134432736	0.0
57.0	29.956449452275358	20.025084102614144	20.060581056885916	29.957885388224586	0.0
58.0	29.988835453722686	20.076323214772078	19.880407417209142	30.054433914296098	0.0
59.0	30.135808425199716	19.925036537824436	20.01452258990711	29.92457075382359	6.169324514489585E-5
60.0	29.900786303767983	19.965079886773243	20.09942951893428	30.034534715544137	1.6957498035242614E-4
61.0	29.92687289683884	20.008172657560564	20.009312885048274	30.05564156055232	0.0
62.0	30.18938830956706	19.917307702674293	19.90286080848701	29.990011928698877	4.3125057275466693E-4
63.0	29.863968954696656	20.051754488873616	20.00261112604503	30.081650034594343	1.5395790359833493E-5
64.0	29.98566686330546	20.052216757411394	19.878704695675943	30.083257778993282	1.539046139218112E-4
65.0	30.134823059158748	19.937919543112454	20.028293918269195	29.8986096131626	3.5386629700459875E-4
66.0	29.919207902761556	20.022114467980778	20.06033567602935	29.998341953228312	0.0
67.0	30.00880333804126	20.146281493076888	19.830514599317414	30.014400569564437	0.0
68.0	30.116879858463854	20.00686280598983	20.1398604193814	29.73638154249559	1.5373669332050963E-5
69.0	29.948146501810168	20.02879793520526	20.035822196727892	29.986956699500862	2.766667558148435E-4
70.0	29.9672378943182	20.0898756502976	19.943345945491565	29.99930999646085	2.3051343178715682E-4
71.0	30.10597135233323	19.953507696628886	20.046114317164847	29.894406633873032	0.0
72.0	29.964916701171262	20.03164948350655	20.09820558183197	29.90522823349022	0.0
73.0	29.90140864976336	20.112202235011743	19.87161525254797	30.114773862676923	0.0
74.0	30.111145896155072	20.00838118154383	19.96275781426896	29.91771510803214	0.0
75.0	29.95629455491476	19.955901310364574	19.997560654899644	30.090243479821027	0.0
76.0	29.98864327803569	20.118802402715534	19.800052259662007	30.091826155668965	6.759039178002523E-4
77.0	30.04714049267852	20.034417506288523	19.99326213253966	29.925179868493295	0.0
78.0	29.825494277706277	20.045903717727935	20.045657898234108	30.082944106331684	0.0
79.0	29.74836388354652	20.328315750769754	19.91697610739113	30.006113781483705	2.3047680888571068E-4
80.0	29.96340249951016	20.070966725703155	19.996573066298872	29.969057708487806	0.0
81.0	29.73657228112257	20.09393520352243	19.967839842291653	30.201652673063347	0.0
82.0	29.76804026639081	20.288986159465843	19.793619527742177	30.1492925540967	6.149230446869188E-5
83.0	30.010180808138742	20.14351541259951	19.76788187986831	30.078345016685855	7.688270758753903E-5
84.0	29.792232592204787	20.183482146564856	19.845364867978308	30.17832056729386	5.998259581912079E-4
85.0	29.831501089868954	20.274162659403334	19.726212733066415	30.167738894229174	3.846234321210413E-4
86.0	30.038312006306228	20.13581109136738	19.812496787325735	30.012918413309812	4.617016908439322E-4
87.0	29.72525925379676	20.28260007091097	19.920717041371454	30.071238889755303	1.8474416550983463E-4
88.0	29.78820268682062	20.419091282502738	19.717761702572005	30.074744111038537	2.002170661022804E-4
89.0	29.849296790257373	20.397566191697074	19.765447810866778	29.987026673898036	6.625332807415443E-4
90.0	29.71329067277856	20.35027469457099	19.952865898579365	29.982844210664894	7.245234061910988E-4
91.0	29.71772418692209	20.479609472139014	19.822139062934248	29.980527278004647	0.0
92.0	29.908842505352855	20.4150137979944	19.918273655181608	29.754367307486962	0.0035027339841731974
93.0	29.692835030353056	20.411141490669284	19.902799823929282	29.992621519133333	6.021359150451069E-4
94.0	29.663708950742823	20.567523682865335	19.773159218463512	29.995299188936304	3.089589920274677E-4
95.0	29.890109006832304	20.43332847457056	19.924333142538014	29.75222937605912	0.0
96.0	29.718722008970737	20.485253372612096	19.95288342692871	29.843063854850886	7.733663756695226E-5
97.0	29.697365451817475	20.572004864886114	19.92826490784545	29.80236477545096	0.0
98.0	29.853497639504354	20.442011540958134	19.92014847711982	29.783289137445262	0.0010532049724284876
99.0	29.599733033424762	20.511182712767276	20.050873066259296	29.838009691643062	2.0149590560319814E-4
100.0	29.657665690066597	20.59306117586619	19.947568241015464	29.801704893051745	0.0
101.0	29.66816486831241	20.477626870947415	20.043441793445634	29.810611229324824	1.552379697171083E-4
102.0	29.497354949468267	20.512541656632823	20.141535449891634	29.848474726367385	9.321763988472085E-5
103.0	29.480448458844492	20.66965616424106	20.018438293060015	29.830430833776877	0.0010262500775518526
104.0	29.696415387737467	20.522969680445115	20.092307625269076	29.688260618940728	4.6687607614935555E-5
105.0	29.430083450480726	20.521030066316456	20.196075529889136	29.85281095331368	0.0
106.0	29.481817423562713	20.611358000824726	20.115352625289493	29.7904118099636	0.0010601403594655333
107.0	29.634975260375825	20.454637312131553	20.275568218614413	29.633882899892495	9.363089857105204E-4
108.0	29.33793469090252	20.464122267143363	20.424663314061554	29.772264354990615	0.0010153729019466886
109.0	29.3909527301205	20.603675710433695	20.27986528410389	29.725240433971962	2.658413699525129E-4
110.0	29.480080789561104	20.527480316858888	20.291911932991376	29.70047999719472	4.696339391298059E-5
111.0	29.338346793176445	20.5639719189413	20.334711601208348	29.762954015041004	1.5671632902655966E-5
112.0	29.351924488989024	20.56142173075354	20.29328609711248	29.793053890712372	3.1379243258169585E-4
113.0	29.56414609967379	20.421708766699858	20.44029143530616	29.573759449789645	9.424853054759809E-5
114.0	29.418612624616486	20.473025213626013	20.554320426125944	29.554041735631554	0.0
115.0	29.189922029540615	20.74873121427837	20.381516823152996	29.679829933028017	0.0
116.0	29.400365677994568	20.51072227554282	20.560208973272452	29.528324589842324	3.7848334783660494E-4
117.0	29.246194937153035	20.494017406349396	20.63976253761082	29.620025118886744	0.0
118.0	29.32301729187938	20.550744523774277	20.509165948649432	29.617072235696906	0.0
119.0	29.358710118651558	20.424261728112704	20.712064579595758	29.504963573639976	0.0
120.0	29.176169740563108	20.463811866339473	20.778394740678106	29.581338143835733	2.8550858357764147E-4
121.0	29.143842612758846	20.602300848910243	20.75002374940706	29.50383278892385	0.0
122.0	29.308880637567096	20.44477577028617	20.810961545958598	29.432374654209593	0.003007391978537723
123.0	29.125754000416	20.503551542189356	20.870396802058007	29.4975402591793	0.0027573961573373433
124.0	29.077679590647477	20.51726257473797	20.88520088448244	29.51977712319691	7.982693520447669E-5
125.0	29.183120692387643	20.503902988455675	20.929056941843704	29.383439609827494	4.797674854858341E-4
126.0	29.003561512341943	20.468363222995656	21.08962541322963	29.437873140186326	5.76711246446017E-4
127.0	28.985436779473297	20.646061781278576	20.970370006640216	29.39620580237321	0.0019256302347054413
128.0	29.066623114372675	20.38755326020106	21.110490262300765	29.434545692454144	7.876706713558256E-4
129.0	28.897745443302753	20.553470239561744	21.141658172425842	29.404114916208947	0.0030112285007141606
130.0	29.001521334903224	20.53587574189475	21.123455254670752	29.337711990380633	0.0014356781506400624
131.0	28.98167298381975	20.403337861515205	21.341553874213506	29.272934303870418	5.009765811224914E-4
132.0	28.887383946666546	20.4865683636824	21.333300737644752	29.29151651872865	0.0012304332776508309
133.0	28.73252791462557	20.61463592178682	21.29142833415999	29.3606130723589	7.94757068715345E-4
134.0	28.90201617371912	20.461236665846595	21.40970312648787	29.226394043225035	6.499907213824523E-4
135.0	28.657393712648695	20.481567590385904	21.589337150223127	29.271310827814563	3.907189277109748E-4
136.0	28.74069335532442	20.529055031920727	21.492703681913902	29.237074922414386	4.7300842656356607E-4
137.0	28.784716899793146	20.356130016560765	21.629514704502913	29.22829835264987	0.0013400264933042798
138.0	28.57878463994886	20.37546777111077	21.78611612119021	29.2591075379096	5.239298405550513E-4
139.0	28.62153365618069	20.59123062587766	21.622143916427156	29.16330367337297	0.0017881281415278816
140.0	28.763983256665647	20.3707335194617	21.87899793132866	28.985529163170256	7.561293737358462E-4
141.0	28.641249627971227	20.394522616467032	21.82266839871075	29.140175829815636	0.0013835270353535628
142.0	28.515557890953247	20.46748515241028	21.888780755721566	29.126855938400514	0.0013202625143970501
143.0	28.613998591078815	20.32737573546678	21.99441723249515	29.062687070667646	0.001521370291606997
144.0	28.34766930351297	20.412620735770435	22.0778691343151	29.160448796930243	0.00139202947125252
145.0	28.36822765942429	20.454820615235146	22.069794188108	29.10619428609389	9.632511386707966E-4
146.0	28.497960625413754	20.31802358360304	22.19043961701739	28.99249418932634	0.0010819846394802212
147.0	28.2714192955929	20.43025574010572	22.366666894728418	28.930006012486547	0.0016520570864154349
148.0	28.246049195246414	20.430556303967222	22.27039948002031	29.051773389798345	0.001221630967709114
149.0	28.367632471253774	20.2720963349537	22.488797781496835	28.871086127299904	3.8728499578785474E-4
150.0	28.161051405433845	20.23062062201562	22.505601940414284	29.10157457155083	0.0011514605854194948
