#Position (bp)	Coverage	Std
15197.0	66.38245648669101	82.77914948371676
45590.0	62.6228078833942	39.05166627807997
75983.0	60.41085118283815	39.33050251721311
106376.0	58.18530582699964	37.36083159635437
136769.0	53.01339124140427	36.53168053110718
167162.0	71.264370085217	45.33429644154522
197555.0	59.24489191590169	49.936939801777605
221485.0	63.97601190816969	51.073203810590364
236681.5	75.82825313321986	57.47156997514253
258341.0	63.2913170795907	46.345492219813906
288734.0	69.95239035304182	47.30827807841017
319127.0	65.98433849899648	45.98760238290291
349520.0	59.31875760865989	38.831714060955235
379913.0	52.62412397591551	38.926813532138326
410306.0	55.09245549962162	35.62976162055948
440699.0	55.50682722995427	41.354201796811886
471092.0	41.41864903102688	31.817463270555034
501485.0	52.570591912611455	39.44808257736614
531878.0	46.267989339650576	31.295913134509725
562271.0	40.2517684993255	31.753791279455456
592664.0	41.304346395551605	29.38883880455969
623057.0	41.65001809627217	32.570416541579085
653450.0	50.46142203796927	36.303875028505544
683843.0	44.49573915046228	31.356184058054502
714236.0	38.32517355970125	33.13842284420492
744629.0	44.11966571249959	30.051103120127742
775022.0	43.19080051327608	30.0729697462806
805415.0	50.86895008719113	37.64646345025764
835808.0	48.47455006086928	34.384825013779604
866201.0	55.19425525614451	38.01111978776073
896594.0	56.31734280919949	36.200184543331765
926987.0	58.43529760142138	39.99690130464625
957380.0	58.17007205606554	39.154251881468255
987773.0	64.2416674892245	47.74636904433375
1018166.0	73.55117954792222	50.393853655938905
1038382.5	75.80268924302788	49.256438291328074
1053579.0	73.84415073944874	56.999583662597296
1078952.0	64.27361563517915	44.971506349885054
1109345.0	69.97272398249596	42.3841120814259
1139738.0	47.43947619517652	39.450264434252965
1170131.0	40.088638831309844	30.584809833815505
1200524.0	42.53439936827559	38.74413612533272
1230917.0	51.28911262461751	38.11206066195455
1261310.0	57.386635080446155	38.46882023098885
1291703.0	67.24683315237061	42.62170664431884
1322096.0	64.55335110058238	54.16938384869171
1348657.5	63.43312802463704	49.93950057373315
1363854.0	60.11261907868981	37.97836049448271
1382882.0	66.39900635014642	50.870221053098604
1413275.0	60.94646793669595	43.5596211516333
1443668.0	55.08495377225019	37.94953460389888
1474061.0	61.21087092422597	38.53852503689282
1504454.0	56.172144901786595	39.68162292514278
1534847.0	53.49340308623696	38.65102994253488
1565240.0	54.36268219655842	35.23324567828732
1595633.0	48.51209160003948	33.59023595582197
1626026.0	47.27855098213404	33.2733593327428
1656419.0	47.175698351594114	30.17914410625243
1686812.0	35.53749218570066	27.57366279393536
1717205.0	41.89836475504228	30.327171659010023
1747598.0	42.025433487974205	32.726146900430756
1777991.0	38.3320830454381	27.99025569453222
1808384.0	30.613200407988682	25.30042501498478
1838777.0	35.04583292205442	26.320381422050435
1869170.0	36.13114861974797	34.120731644709146
1899563.0	50.73474155233113	39.22177640732813
1929956.0	31.05034053893989	23.882497180343417
1960349.0	29.96551837594183	24.314941201049663
1990742.0	32.237686309347545	24.58697948966277
2021135.0	38.68387457638272	37.025864182996195
2051528.0	34.49633139209686	25.06021636210313
2081921.0	32.13006284341789	23.401558533478237
2112314.0	35.58460829796335	27.956193316987164
2142707.0	31.447471457243445	24.229764733265196
2173100.0	33.91175599644655	26.347735610161575
2203493.0	28.70266179712434	20.429448990996825
2233886.0	37.3893001678018	31.857897620096434
2264279.0	28.75333135919455	22.335375884274196
2294672.0	31.710591254565195	23.336537563597084
2325065.0	31.82565064324022	26.102749574585726
2355458.0	44.32839798637844	40.64235564796171
2385851.0	31.699470272760173	24.889958191092216
2416244.0	36.97979797979798	28.444162459942056
2446637.0	43.26940413911098	37.41759082370275
2477030.0	38.04399039252459	27.793360088370203
2507423.0	39.859441318724706	29.5378862465934
2537816.0	40.797420458658245	30.795122209052792
2568209.0	45.22317638930017	39.289479659621335
2598602.0	43.93876879544632	33.057559757167105
2628995.0	44.655183759418286	31.61274703365691
2659388.0	49.2954627710328	34.85443971558491
2689781.0	46.29322541374658	31.48194960694968
2720174.0	42.284736616984176	33.400155113358686
2750567.0	55.240088178198924	39.291663624598236
2780960.0	55.1118020596848	35.27565956949227
2811353.0	57.098772743723885	43.8167717402463
2841746.0	53.53706445563123	41.074435305665105
2872139.0	62.86217221070641	53.2695295604101
2889645.5	112.65779220779221	51.91735440401107
2904842.0	79.34008458464284	53.85360996633307
2932925.0	65.00954167077946	41.78290291748082
2963318.0	57.480209258710886	39.89281447323886
2993711.0	52.89945053137235	40.201262168569286
3024104.0	51.739709801599055	36.55334963392648
3054497.0	52.60230974237489	37.05838621791877
3084890.0	50.61494423057941	37.20044969760549
3115283.0	52.6092850327378	38.78829929258293
3145676.0	53.57569177113151	36.48825683038205
3176069.0	49.03296811765867	34.77803137694961
3206462.0	56.37906754844865	39.800735864175245
3236855.0	58.30724179909848	39.65338960554188
3267248.0	68.79238640476426	41.83930005688619
3297641.0	77.09498897772514	43.767015811940134
3322340.5	65.82779122382405	46.90989950957384
3337537.0	0.02125230526038465	0.2760928769799496
3358427.0	0.027703747573454413	0.2348281853667655
3388820.0	0.03286941071957358	0.3007465021020767
3410819.5	0.0	0.0
3426016.0	57.133853577172815	44.06224984001432
3449606.0	67.71062415687823	46.75335589348638
3479999.0	60.70621524693186	42.348419982613926
3510392.0	62.12298884611588	39.72944809787754
3540785.0	48.8913236600533	41.161658183702244
3571178.0	46.74125621031158	37.3640458791107
3601571.0	46.83881156845326	30.10494754924921
3631964.0	51.285986904879415	33.35453229765309
3662357.0	47.66617313197118	36.2258927131657
3692750.0	46.949758167999214	33.63661702768214
3723143.0	44.73615635179153	33.1305752235232
3753536.0	52.82288684894548	37.92534014348688
3783929.0	46.60254005856612	33.581272640291814
3814322.0	46.965518375941826	36.86212742091252
3844715.0	46.29704208205837	36.61236680710285
3875108.0	63.82173526798934	51.1987456096544
3905501.0	55.11196657124996	41.617761448402995
3935894.0	70.301714210509	47.604153846372256
3966287.0	61.38854341460205	45.20889013142667
3987990.0	79.97809882425267	53.66714858423948
4003186.5	73.21680092059839	45.871685247872264
4027073.0	75.07070707070707	56.431212892952566
4057466.0	72.80650149705524	47.79246900341694
4087859.0	55.37785016286645	39.82428048595644
4118252.0	46.72332444970881	35.05538670266842
4148645.0	47.64370085216991	40.12001703375019
4179038.0	61.94564537887013	40.00458673073942
4209431.0	60.937485605238045	42.025150205102875
4239824.0	68.82565064324022	49.61685065761836
4259839.0	50.88129085815088	46.411041211012915
4275035.5	55.423106571593756	47.87708947571922
4300610.0	72.47333267528707	51.33474181075511
4331003.0	60.864968907314186	45.72319903668584
4361396.0	57.36255058730629	39.4452716740658
4391789.0	63.23689665383476	38.11508901378482
4422182.0	46.8430888691475	38.77149896132414
4452575.0	48.76833481393742	33.08882736658862
4482968.0	51.59553186589017	36.50394209269073
4513361.0	53.98062053762379	35.90298842753672
4543754.0	43.36370216826243	29.589740214416125
4574147.0	41.06981870825519	29.887036027599873
4604540.0	37.88362451880367	29.676014626442694
4634933.0	45.438357516533415	31.998865878300286
4665326.0	44.373013522850655	31.726144082440108
4695719.0	37.83134274339486	31.245583901439378
4726112.0	46.930378705623006	31.079107667991703
4756505.0	35.612377850162865	26.53117042237639
4786898.0	43.80590925542066	32.475819826831184
4817291.0	48.58480571184154	43.47269338236838
4847684.0	39.49356759780213	32.80938829441972
4878077.0	40.38301582601257	30.397527420499706
4908470.0	38.571447372750306	28.547614752049853
4938863.0	38.44460895600961	29.18047264094335
4969256.0	44.12614746816701	31.977046517224334
4999649.0	40.841377948869805	30.539567548715883
5030042.0	41.549073799888134	33.19313325104878
5060435.0	41.8838548349949	30.996471822176137
5090828.0	46.46418583226401	38.1846304426263
5121221.0	52.9742703912085	38.77692296814908
5151614.0	49.339025433487976	36.18835874408777
5182007.0	46.691277596815056	34.40642755501759
5212400.0	51.78057447438555	38.32191252663772
5242793.0	63.00460632382457	42.390586224002256
5273186.0	64.38851051228902	44.41460078702097
5303579.0	63.393544566183	44.947555323686835
5333972.0	72.43888395354193	50.16576640867348
5352383.0	85.54658578317002	42.641451173952355
5367579.5	66.58596227674846	49.422865958170405
5394758.0	63.580561313460336	39.321265813612186
5425151.0	59.4933372816109	41.14989056168406
5455544.0	51.99085315697693	41.790163050247386
5485937.0	54.54180238870793	42.96597396273911
5516330.0	52.7224031849439	38.15315252259285
5546723.0	53.57529694337512	32.98869661813802
5577116.0	58.9877932418649	60.87038900450125
5607509.0	49.3016155035699	32.341472069903375
5637902.0	45.72895074523739	32.365005292720134
5668295.0	51.63876550521502	35.441429474177525
5698688.0	55.748922449248184	35.75542337962402
5729081.0	48.619155726647584	37.29288476070925
5759474.0	48.35310762346593	38.5706395954875
5789867.0	58.63475142302504	38.31425024868136
5820260.0	58.11272332444971	40.1856952941525
5850653.0	66.97693547856414	44.68729202324758
5881046.0	76.9816405093278	59.37945009186472
5907241.5	80.98695335939631	52.619958501791395
5922438.0	79.99678379988089	48.133027396837946
5941832.0	73.54808673049715	48.995242698925786
5972225.0	59.03464613562333	44.439729375134014
6002618.0	64.19563715329187	44.20070548844562
6033011.0	60.02181423354062	39.21335945357707
6063404.0	48.15885236732142	35.19745104403681
6093797.0	61.10390550455697	38.22514807276417
6124190.0	44.78636528147929	36.69979614405374
6154583.0	43.475767446451485	32.62847698883593
6184976.0	41.835685848715165	32.54810794450198
6215369.0	45.661698417398746	30.41637862358086
6245762.0	46.504162142598624	31.207006815335372
6276155.0	40.40621195670056	27.382703606760856
6306548.0	41.558023229033004	30.999825935661722
6336941.0	41.30276708452604	30.3180895855081
6367334.0	48.47879445925049	33.108465681546384
6397727.0	59.73553120784391	46.66676925126562
6428120.0	47.438357516533415	31.052412592883133
6458513.0	46.7980785049189	34.28830973931772
6488906.0	55.78712203467904	35.2070084670822
6519299.0	56.369723291547395	40.05181924607435
6549692.0	57.59457769881222	40.96622711323319
6580085.0	63.727239824959696	41.86691629388533
6610478.0	70.1269371236798	46.55646950844933
6640871.0	76.61106175764156	56.66861870792283
6660029.5	63.65522463402322	46.51876185414011
6675226.0	56.87863278294539	49.66214574068648
6701657.0	74.99184022636791	50.26320844042517
6732050.0	64.6743658079163	44.25260475949261
6762443.0	61.983812061987955	45.20743745095249
6792836.0	61.79564373375448	42.799858120071065
6823229.0	54.65097226335011	37.97599277668359
6853622.0	50.90283946961471	38.307406268937946
6884015.0	47.38038364096996	34.545660011129904
6914408.0	51.617773829500216	33.48011213734183
6944801.0	43.664198993189224	32.38474878810041
6975194.0	43.11417102622315	33.29078421462684
7005587.0	44.705886223801535	32.183191359369054
7035980.0	46.48172276511039	31.25732237444855
7066373.0	43.98664166090876	34.492848847123334
7096766.0	46.536669627874836	33.142461613769065
7127159.0	47.799657815944464	36.345603069714414
7157552.0	50.45063007929458	38.04988785418151
7187945.0	54.490408975750995	36.02403945171494
7218338.0	55.35189023788372	38.09450693419639
7248731.0	65.98141019313658	48.74879624557942
7279124.0	59.63524495772053	40.64903475588404
7309517.0	70.28013029315962	53.73040269827727
7327760.5	72.78667541844437	49.957605919772746
7342957.0	74.12691880324293	44.28314154817305
7370303.0	57.91718487809693	41.32475926876916
7400696.0	55.14312506169184	38.36376419124856
7431089.0	54.569440331655315	37.68089088281356
7461482.0	42.613364919553845	33.63164168961706
7491875.0	48.95344322705886	38.55203584300802
7522268.0	48.841377948869805	34.06640411678679
7552661.0	46.395452900338896	40.91055821626346
7583054.0	49.30174711282203	35.99472290477331
7613447.0	47.454249333728164	35.239140067949855
7643840.0	50.04382588095943	29.634872649719465
7674233.0	46.35531207843911	30.194099494109633
7704626.0	36.999473562991476	29.574647759242087
7735019.0	40.06073766985819	27.175948226529087
7765412.0	33.41196986148126	25.229847231542056
7795805.0	782.9134011120982	835.2093244224927
7826198.0	59.72141611555293	122.22466292134457
7856591.0	32.53492580528411	21.39982758503519
7886984.0	39.414931069654195	25.58844850199755
7917377.0	41.86493600500115	42.36846114955041
7947770.0	38.33922284736617	27.1867728846139
7978163.0	47.374165103806796	36.84143299968581
8008556.0	33.85891488171618	31.216901136926396
8038949.0	41.48767808376929	31.825272839581274
8069342.0	39.94959365643405	32.50905029274264
8099735.0	39.20442207087158	28.848672619162322
8130128.0	32.09400190833416	30.44633212611229
8160521.0	42.48211759286678	31.414969980788204
8190914.0	47.607804428651335	35.63061303153688
8221307.0	55.231961306879874	34.51028008359293
8251700.0	51.45816470897904	38.06698375490537
8282093.0	50.00641595104136	36.109336519217926
8312486.0	53.37455993156319	41.510407222860614
8342879.0	56.063929194222354	41.729541742417666
8373272.0	51.68097917283585	41.755746845558185
8398726.5	92.10898810684344	59.01220624137647
8413923.0	64.80763389693227	45.06300585074797
8434058.0	76.57733688678314	48.392229916552886
8464451.0	60.39742703912085	47.067950859979774
8494844.0	63.851873786727204	43.96537388983881
8525237.0	63.69782515710855	39.58891224601516
8555630.0	60.73184614878426	40.98536548882971
8586023.0	54.39736123449479	44.69878054783002
8616416.0	58.75974731023591	42.114295179359814
8646809.0	49.21968874411871	34.20706628277076
8677202.0	45.795314710624154	34.59476334324098
8707595.0	42.887572796367586	33.86897535882474
8737988.0	45.87655052150166	33.09564004206147
8768381.0	45.14960681735926	36.20148833552796
8798774.0	50.2425887539894	41.95938988003826
8829167.0	35.29947685322278	28.228533967674206
8859560.0	46.38393709077748	29.711789666196402
8889953.0	41.254466488994176	29.465772194033683
8920346.0	37.1976770966999	29.472057582278214
8950739.0	37.07692560787023	27.95633160520744
8981132.0	39.968973118810254	32.076600525204945
9011525.0	53.26624551705985	32.72561756197964
9041918.0	48.12845063007929	33.6983786824385
9072311.0	53.20123054650742	36.87129573149225
9102704.0	50.332214654690226	33.580469699671426
9133097.0	48.133484683973286	33.45755601484111
9163490.0	50.24824795183101	36.51223118839429
9193883.0	53.69644325996118	38.567017842517046
9224276.0	57.556904550389895	41.14590849891117
9254669.0	56.2005066956207	39.8142183194675
9285062.0	70.89698285789491	46.01175284992349
9315455.0	70.53380712664101	47.10236243510565
9332033.5	66.58502170767004	47.057340241691165
9347230.0	80.84747909804915	54.90315144820547
9376241.0	69.46096140558681	44.86784720372711
9406634.0	68.03800217155266	41.65534976112804
9437027.0	69.44852433126049	46.28886475630754
9467420.0	61.46490968315072	38.13753258194372
9497813.0	49.4253282005725	37.380443223920636
9528206.0	54.57391504622775	34.18549897366291
9558599.0	50.61912282433455	35.642256943756344
9588992.0	49.39209686440957	32.498558720183546
9619385.0	43.60026979896687	32.739592644520414
9649778.0	49.9833514296055	33.59736659543219
9680171.0	46.14013095120587	31.238310352705838
9710564.0	37.314151284835326	26.685945799636492
9740957.0	40.884183858125226	29.16197051748852
9771350.0	45.57746849603527	28.950364660744142
9801743.0	45.58704306912776	31.49305044767056
9832136.0	50.619221531273645	36.24777275699016
9862529.0	53.122363702168265	39.48830993169339
9892922.0	45.876188596058306	34.940666319726205
9923315.0	56.51367091106505	35.861538070875746
9953708.0	44.35462112986543	30.62346106475624
9984101.0	58.16487349060639	38.73089196706005
1.0014494E7	62.7178626657454	39.3634575281407
1.0044887E7	67.51870496495904	47.23978070292796
1.007528E7	67.51814562563749	46.02436593513113
1.01041125E7	78.15305074801995	53.969765853516236
1.0119309E7	64.35469400833067	50.86211263565696
1.0136066E7	69.49524561576679	56.07474383352802
1.0166459E7	67.03507386569275	45.687198138003396
1.0196852E7	60.75714802750633	43.702861289485014
1.0227245E7	59.5155463429079	46.9091392423088
1.0257638E7	50.64870200375086	38.51121581171066
1.0288031E7	53.55654262494653	37.3488108102109
1.0318424E7	58.16214259862468	37.12875260579306
1.0348817E7	50.35182443325766	35.11725216562931
1.037921E7	47.746685091961965	33.56791360032807
1.0409603E7	44.4043365248577	32.771166646005184
1.0439996E7	42.45194617181588	30.072050155792514
1.0470389E7	38.96252426545586	31.91285832961428
1.0500782E7	38.53611028855329	28.73729056783891
1.0531175E7	38.35317342809199	25.95656683689786
1.0561568E7	37.27213503109269	27.815899153442334
1.0591961E7	38.047872865462445	29.376862203140643
1.0622354E7	42.80479057677755	30.91729744679317
1.0652747E7	39.29661435198894	26.812970366171736
1.068314E7	43.94094034810647	29.71224756529154
1.0713533E7	42.21195670055605	37.720956103977755
1.0743926E7	39.67508965880302	29.472612981115027
1.0774319E7	37.54831704668838	29.50225386175944
1.0804712E7	39.422761820155955	28.79574242302415
1.0835105E7	45.29589050110223	38.754528765281584
1.0865498E7	41.34323692955615	27.682930098288068
1.0895891E7	44.9200802816438	33.28962241129971
1.0926284E7	46.013029315960914	32.98437468133677
1.0956677E7	47.785213700523144	33.638603142226074
1.098707E7	46.759023459349194	33.251047384109505
1.1017463E7	45.219524232553546	33.21562228700138
1.1047856E7	63.06955548975093	36.07941581725616
1.1078249E7	56.64794525055111	42.26650534123214
1.1108642E7	45.186918040338234	35.724855371995304
1.1139035E7	64.3494554667193	45.01268863323209
1.1169428E7	65.39318264073964	42.79040685515848
1.1196832E7	83.25377841490887	57.984054387205234
1.12120285E7	93.60639009702241	66.2329912769268
1.1230214E7	68.78096930214194	48.82442253466783
1.1260607E7	64.58125226203403	47.71429864722908
1.1291E7	55.500773204356264	36.81359547815298
1.1321393E7	66.64830717599447	45.30782129772467
1.1351786E7	57.82324877438884	38.80037654309759
1.1382179E7	53.680123712697004	38.25611823878586
1.1412572E7	46.058006777876486	34.318721597082245
1.1442965E7	47.9907215477248	34.616050475867745
1.1473358E7	46.36903234297371	33.45006950176071
1.1503751E7	45.7267462902642	33.12391624681591
1.1534144E7	39.464449050768266	29.605914111264504
1.1564537E7	46.68311782318297	32.349284815569476
1.159493E7	46.44957720527753	30.311879223244308
1.1625323E7	34.17293455729938	25.598740118868072
1.1655716E7	36.93100384957062	31.868627467181415
1.1686109E7	39.98437140130951	28.906598761858408
1.1716502E7	37.62889481130524	26.570367652818348
1.1746895E7	36.58579278123252	26.95363006946609
1.1777288E7	38.27417497450071	29.52642754106244
1.1807681E7	39.45234099957227	26.772901852724804
1.1838074E7	40.31701378606916	30.826761818813694
1.1868467E7	41.83733096436679	33.782278763248016
1.189886E7	49.12183726515974	35.30760195993149
1.1929253E7	48.83831803375777	34.908079491045726
1.1959646E7	51.71677688941533	35.29432209079501
1.1990039E7	42.137169743032935	32.48691983733183
1.2020432E7	56.959957885039316	46.219251704368126
1.2050825E7	63.737604053564965	55.8732352037572
1.2081218E7	56.02161681966242	38.77016236001477
1.2111611E7	69.40690290527424	45.50473614993442
1.21419565E7	71.35395075582547	66.03759603467518
