#Insert size (bp)	insert size
142.0	1.0
143.0	1.0
144.0	2.0
145.0	4.0
146.0	6.0
147.0	2.0
148.0	5.0
149.0	10.0
150.0	27.0
151.0	13794.0
152.0	26710.0
153.0	26824.0
154.0	27089.0
155.0	26859.0
156.0	26897.0
157.0	26905.0
158.0	27210.0
159.0	27236.0
160.0	26668.0
161.0	26623.0
162.0	26747.0
163.0	26367.0
164.0	26848.0
165.0	26648.0
166.0	26675.0
167.0	26998.0
168.0	26770.0
169.0	26766.0
170.0	26425.0
171.0	26608.0
172.0	26142.0
173.0	26196.0
174.0	26033.0
175.0	26135.0
176.0	26077.0
177.0	26488.0
178.0	26242.0
179.0	26163.0
180.0	26330.0
181.0	25930.0
182.0	25664.0
183.0	25607.0
184.0	25699.0
185.0	25413.0
186.0	25791.0
187.0	25393.0
188.0	25546.0
189.0	25549.0
190.0	25582.0
191.0	25290.0
192.0	25054.0
193.0	24885.0
194.0	24620.0
195.0	24740.0
196.0	24746.0
197.0	24620.0
198.0	24637.0
199.0	24447.0
200.0	24541.0
201.0	24455.0
202.0	24258.0
203.0	24063.0
204.0	23657.0
205.0	23642.0
206.0	23520.0
207.0	23332.0
208.0	23489.0
209.0	23422.0
210.0	23667.0
211.0	23470.0
212.0	22882.0
213.0	22683.0
214.0	22216.0
215.0	22076.0
216.0	21764.0
217.0	22022.0
218.0	21428.0
219.0	21856.0
220.0	21753.0
221.0	21587.0
222.0	21818.0
223.0	21424.0
224.0	21102.0
225.0	20347.0
226.0	20212.0
227.0	20134.0
228.0	19956.0
229.0	19896.0
230.0	20009.0
231.0	20129.0
232.0	20150.0
233.0	19752.0
234.0	19739.0
235.0	18690.0
236.0	18627.0
237.0	18127.0
238.0	18188.0
239.0	18390.0
240.0	18366.0
241.0	18353.0
242.0	18368.0
243.0	18018.0
244.0	17891.0
245.0	17400.0
246.0	16868.0
247.0	16605.0
248.0	16657.0
249.0	16443.0
250.0	16510.0
251.0	16532.0
252.0	16599.0
253.0	16311.0
254.0	16015.0
255.0	15903.0
256.0	15109.0
257.0	14981.0
258.0	14688.0
259.0	14040.0
260.0	13972.0
261.0	14145.0
262.0	13865.0
263.0	13979.0
264.0	13397.0
265.0	12011.0
266.0	9542.0
267.0	7058.0
268.0	5832.0
269.0	5531.0
270.0	5455.0
271.0	5219.0
272.0	4705.0
273.0	2592.0
274.0	2489.0
275.0	2360.0
276.0	2455.0
277.0	2434.0
278.0	2426.0
279.0	2299.0
280.0	2243.0
281.0	2207.0
282.0	2141.0
283.0	2096.0
284.0	1933.0
285.0	2105.0
286.0	2040.0
287.0	2054.0
288.0	1943.0
289.0	1865.0
290.0	1865.0
291.0	1818.0
292.0	1805.0
293.0	1839.0
294.0	1824.0
295.0	1767.0
296.0	1699.0
297.0	1674.0
298.0	1634.0
299.0	1656.0
300.0	1590.0
301.0	1580.0
302.0	1514.0
303.0	1532.0
304.0	1524.0
305.0	1452.0
306.0	1380.0
307.0	1436.0
308.0	1386.0
309.0	1375.0
310.0	1404.0
311.0	1275.0
312.0	1271.0
313.0	1284.0
314.0	1279.0
315.0	1223.0
316.0	1158.0
317.0	1141.0
318.0	1195.0
319.0	1119.0
320.0	1085.0
321.0	1105.0
322.0	1099.0
323.0	1037.0
324.0	1027.0
325.0	997.0
326.0	1021.0
327.0	956.0
328.0	978.0
329.0	990.0
330.0	912.0
331.0	914.0
332.0	895.0
333.0	916.0
334.0	865.0
335.0	822.0
336.0	840.0
337.0	854.0
338.0	782.0
339.0	781.0
340.0	798.0
341.0	786.0
342.0	697.0
343.0	763.0
344.0	737.0
345.0	713.0
346.0	680.0
347.0	680.0
348.0	674.0
349.0	667.0
350.0	649.0
351.0	633.0
352.0	639.0
353.0	571.0
354.0	647.0
355.0	639.0
356.0	645.0
357.0	588.0
358.0	564.0
359.0	573.0
360.0	551.0
361.0	518.0
362.0	478.0
363.0	523.0
364.0	505.0
365.0	524.0
366.0	520.0
367.0	469.0
368.0	528.0
369.0	461.0
370.0	460.0
371.0	432.0
372.0	421.0
373.0	456.0
374.0	427.0
375.0	402.0
376.0	413.0
377.0	396.0
378.0	403.0
379.0	365.0
380.0	372.0
381.0	385.0
382.0	334.0
383.0	369.0
384.0	367.0
385.0	347.0
386.0	332.0
387.0	332.0
388.0	324.0
389.0	350.0
390.0	347.0
391.0	304.0
392.0	345.0
393.0	290.0
394.0	289.0
395.0	313.0
396.0	258.0
397.0	293.0
398.0	261.0
399.0	303.0
400.0	239.0
401.0	284.0
402.0	266.0
403.0	266.0
404.0	222.0
405.0	243.0
406.0	244.0
407.0	223.0
408.0	232.0
409.0	211.0
410.0	216.0
411.0	227.0
412.0	227.0
413.0	211.0
414.0	212.0
415.0	203.0
416.0	191.0
417.0	191.0
418.0	188.0
419.0	198.0
420.0	204.0
421.0	183.0
422.0	189.0
423.0	178.0
424.0	161.0
425.0	146.0
426.0	186.0
427.0	149.0
428.0	158.0
429.0	134.0
430.0	148.0
431.0	162.0
432.0	161.0
433.0	188.0
434.0	168.0
435.0	133.0
436.0	144.0
437.0	139.0
438.0	132.0
439.0	144.0
440.0	115.0
441.0	113.0
442.0	131.0
443.0	129.0
444.0	143.0
445.0	127.0
446.0	129.0
447.0	110.0
448.0	119.0
449.0	112.0
450.0	103.0
451.0	103.0
452.0	105.0
453.0	129.0
454.0	88.0
455.0	128.0
456.0	102.0
457.0	104.0
458.0	100.0
459.0	85.0
460.0	85.0
461.0	94.0
462.0	95.0
463.0	77.0
464.0	94.0
465.0	83.0
466.0	92.0
467.0	80.0
468.0	77.0
469.0	90.0
470.0	78.0
