#Position (bp)	insert size
15197.0	212.50434201736806
45590.0	211.7340478153339
75983.0	213.21027498765025
106376.0	213.90873555404488
136769.0	213.56536972155632
167162.0	210.20436645018654
197555.0	220.66650732950924
221485.0	214.30083203328132
236681.5	215.4687757909216
258341.0	209.44741339133137
288734.0	209.25141964792732
319127.0	208.55830230826507
349520.0	209.94292351086776
379913.0	210.12050193762687
410306.0	209.48004900245013
440699.0	210.0949720670391
471092.0	207.5024266235267
501485.0	209.4173700994185
531878.0	210.09662248824284
562271.0	208.74061516105596
592664.0	207.4528663948189
623057.0	210.61908160837498
653450.0	209.8879326831134
683843.0	209.49283475145543
714236.0	211.08670967741935
744629.0	206.21949058693244
775022.0	206.98501022030433
805415.0	208.61821366024517
835808.0	211.51026631429153
866201.0	211.32438200248978
896594.0	211.27186719028919
926987.0	210.20431752507224
957380.0	211.52167182662538
987773.0	207.42916538343087
1018166.0	210.0644945025476
1038382.5	210.2916970138383
1053579.0	209.74389088842585
1078952.0	210.70574497898178
1109345.0	214.28084486525856
1139738.0	215.84613841524575
1170131.0	210.58081791626094
1200524.0	209.99289153863793
1230917.0	208.2362441314554
1261310.0	213.85639733669245
1291703.0	212.6166518254675
1322096.0	212.80950965824667
1348657.5	208.15679176986092
1363854.0	206.59427904261528
1382882.0	210.38181554524363
1413275.0	210.75211038961038
1443668.0	208.905102954342
1474061.0	210.130629882001
1504454.0	209.38897610326183
1534847.0	210.1543660942638
1565240.0	209.43018867924528
1595633.0	210.01619676064786
1626026.0	206.6220045842884
1656419.0	209.16308281882053
1686812.0	208.9136004360861
1717205.0	210.77300169041294
1747598.0	212.47379454926624
1777991.0	207.97649463464487
1808384.0	208.10419859025436
1838777.0	208.70478054235392
1869170.0	210.48127244740894
1899563.0	209.8953738044115
1929956.0	207.88235294117646
1960349.0	208.76448362720404
1990742.0	209.05460546054604
2021135.0	208.34414459024512
2051528.0	208.1535623048538
2081921.0	207.51588502269288
2112314.0	215.56108843537416
2142707.0	210.43385579937305
2173100.0	207.4874675885912
2203493.0	210.5388583218707
2233886.0	215.41489081820575
2264279.0	208.2702795995858
2294672.0	211.68206854345166
2325065.0	208.30539108756622
2355458.0	209.92064530194025
2385851.0	207.49469857618902
2416244.0	210.12483185364542
2446637.0	208.90446146913024
2477030.0	206.90564153769347
2507423.0	207.07412790697674
2537816.0	208.97796530707924
2568209.0	207.77457015495648
2598602.0	209.6448362720403
2628995.0	209.202434625789
2659388.0	212.39984456965223
2689781.0	209.5648744031555
2720174.0	207.93246390312063
2750567.0	210.29107303877367
2780960.0	211.26158821415737
2811353.0	210.32963523281225
2841746.0	207.44380403458214
2872139.0	211.517536103743
2889645.5	221.48632218844986
2904842.0	215.86811534782015
2932925.0	210.65663743574237
2963318.0	208.66050109298806
2993711.0	210.65061796716472
3024104.0	209.99655502392343
3054497.0	210.03375447859702
3084890.0	209.58996212121212
3115283.0	208.06324912410105
3145676.0	210.37416974169741
3176069.0	212.65284455128204
3206462.0	207.1588833362054
3236855.0	208.55882352941177
3267248.0	212.7955276235019
3297641.0	212.6743919521202
3322340.5	210.2688794831811
3337537.0	241.5
3358427.0	227.0
3388820.0	197.0
3410819.5	0.0
3426016.0	210.90264458006394
3449606.0	209.8854241167215
3479999.0	211.70277282309064
3510392.0	211.07902298850576
3540785.0	210.0340685309177
3571178.0	208.83644278606965
3601571.0	210.8720083246618
3631964.0	209.28796533385858
3662357.0	211.0692588092345
3692750.0	211.21123829344432
3723143.0	210.6529590948651
3753536.0	212.93517474633597
3783929.0	211.59953752364936
3814322.0	210.07317578772802
3844715.0	208.77129859387924
3875108.0	208.98357939138296
3905501.0	211.82700573065904
3935894.0	209.86268151698857
3966287.0	209.0666029318037
3987990.0	213.69569951007077
4003186.5	209.4522783949218
4027073.0	210.42573491490458
4057466.0	211.57706688824263
4087859.0	210.42552045944007
4118252.0	208.05079496180053
4148645.0	207.41272727272727
4179038.0	210.62040238918578
4209431.0	214.44576523031205
4239824.0	209.9445412311266
4259839.0	210.445727482679
4275035.5	207.82430174265934
4300610.0	209.94374313940725
4331003.0	208.52228078581697
4361396.0	209.53508619188577
4391789.0	209.22144085013284
4422182.0	208.31061383699446
4452575.0	210.43663967611337
4482968.0	210.63497518136694
4513361.0	207.99203619909503
4543754.0	209.4793848896813
4574147.0	208.4479692381639
4604540.0	209.28507014028057
4634933.0	209.16141042487953
4665326.0	210.0751570283734
4695719.0	209.78645144218046
4726112.0	210.30467044958533
4756505.0	210.30683365096652
4786898.0	215.2213025484644
4817291.0	209.65913555992142
4847684.0	208.19288742345736
4878077.0	208.68606658446362
4908470.0	211.5145092101943
4938863.0	209.62509391435012
4969256.0	207.57720836142954
4999649.0	209.257758824923
5030042.0	208.8253893345918
5060435.0	210.1095729704364
5090828.0	209.40675818373813
5121221.0	212.15602836879432
5151614.0	209.41412935323382
5182007.0	211.91365546218486
5212400.0	208.7644824311491
5242793.0	210.9991993594876
5273186.0	209.26769182488624
5303579.0	208.62430080795525
5333972.0	210.42677330536253
5352383.0	215.09648662821186
5367579.5	208.53087971274687
5394758.0	211.52931061435046
5425151.0	209.5583250249252
5455544.0	210.01097092704333
5485937.0	213.49077625570777
5516330.0	211.19117925421162
5546723.0	210.53044125861106
5577116.0	210.13520157325468
5607509.0	208.71687226422603
5637902.0	209.03485930281394
5668295.0	210.0714559386973
5698688.0	209.2356130837852
5729081.0	209.09561034275407
5759474.0	208.21561264822134
5789867.0	208.01960455764075
5820260.0	210.10961667787493
5850653.0	209.9243022066345
5881046.0	214.59678230266465
5907241.5	211.88866365195696
5922438.0	218.58899676375404
5941832.0	210.55354070152217
5972225.0	208.0891677675033
6002618.0	208.67054322876817
6033011.0	210.60841689955615
6063404.0	209.97885497705965
6093797.0	210.22856672700345
6124190.0	208.81913752413647
6154583.0	208.8959174517721
6184976.0	208.26118721461188
6215369.0	210.92600748733759
6245762.0	210.18811457887986
6276155.0	213.71874250059994
6306548.0	212.17006641366223
6336941.0	208.16847313854853
6367334.0	209.31389226407452
6397727.0	210.31244820155808
6428120.0	210.13485184438622
6458513.0	210.8330218068536
6488906.0	209.61560641557037
6519299.0	208.80597539543058
6549692.0	211.01601515412435
6580085.0	208.82102628285358
6610478.0	208.3350704225352
6640871.0	214.06985705407084
6660029.5	209.14543579164518
6675226.0	210.63764404609475
6701657.0	210.5390194761585
6732050.0	211.12007389162562
6762443.0	211.15137105721985
6792836.0	208.69605825550101
6823229.0	208.86262951053948
6853622.0	208.15314632297193
6884015.0	207.99216494845362
6914408.0	209.59489262913522
6944801.0	207.8365185355745
6975194.0	210.15708465368945
7005587.0	211.43600867678958
7035980.0	209.41400862068966
7066373.0	208.8764705882353
7096766.0	208.49358839604793
7127159.0	210.633968382651
7157552.0	208.14176538020635
7187945.0	213.1051667277391
7218338.0	209.06543713424367
7248731.0	208.2282039778675
7279124.0	210.05834552250934
7309517.0	212.28736263736263
7327760.5	208.44023668639053
7342957.0	211.79216190170254
7370303.0	209.9106779661017
7400696.0	214.87736668403682
7431089.0	214.21770947676546
7461482.0	209.03755975415433
7491875.0	207.96341463414635
7522268.0	209.01470296046097
7552661.0	210.80745469522242
7583054.0	211.33734697973108
7613447.0	210.3264088852324
7643840.0	209.4560273696921
7674233.0	209.06061264392787
7704626.0	208.0316742081448
7735019.0	210.2363184079602
7765412.0	210.36257309941521
7795805.0	214.3701678780472
7826198.0	211.02510390689943
7856591.0	209.79489516864174
7886984.0	209.41753759877645
7917377.0	210.57906976744187
7947770.0	208.1261600200652
7978163.0	210.82135394901798
8008556.0	207.89259468626344
8038949.0	209.5722706908748
8069342.0	209.11140647655873
8099735.0	208.20435762584523
8130128.0	212.50915750915752
8160521.0	212.01759737212575
8190914.0	209.407507258399
8221307.0	209.5094098300749
8251700.0	209.76192307692307
8282093.0	208.5680566483084
8312486.0	207.88304607808652
8342879.0	209.98829805541214
8373272.0	209.1530649256438
8398726.5	213.38697146272224
8413923.0	211.3587004895416
8434058.0	210.9258917993945
8464451.0	209.88924818108327
8494844.0	209.76446732179068
8525237.0	208.824506911011
8555630.0	210.52998192870052
8586023.0	209.40165086055498
8616416.0	212.07799253984402
8646809.0	209.81915111749026
8677202.0	208.577975811585
8707595.0	209.02921926133706
8737988.0	208.30123617436564
8768381.0	212.5371032163128
8798774.0	207.42807153965785
8829167.0	207.5965304980414
8859560.0	211.07840205084383
8889953.0	209.7152365105776
8920346.0	209.07046632124352
8950739.0	208.75264652723988
8981132.0	210.00725864989113
9011525.0	210.74275887038377
9041918.0	208.760546158549
9072311.0	211.8048872180451
9102704.0	208.80869565217392
9133097.0	209.99192571659265
9163490.0	208.92854315122725
9193883.0	209.24457121825543
9224276.0	210.38791018998273
9254669.0	208.64891416752843
9285062.0	210.26638418079096
9315455.0	211.65526463963963
9332033.5	207.44489247311827
9347230.0	209.29642401021712
9376241.0	208.61166147749788
9406634.0	209.16343283582088
9437027.0	210.91144278606964
9467420.0	208.76019339242546
9497813.0	209.03146853146853
9528206.0	211.79224892863797
9558599.0	209.0180286106212
9588992.0	212.2764786795048
9619385.0	208.8748305467691
9649778.0	209.22544951590595
9680171.0	208.4226382612438
9710564.0	209.11806656101427
9740957.0	208.83874045801528
9771350.0	208.97779693899548
9801743.0	207.4679802955665
9832136.0	212.5606
9862529.0	210.33671804170444
9892922.0	210.0667888413765
9923315.0	209.23336834733894
9953708.0	207.72633167996548
9984101.0	210.23693740300052
1.0014494E7	208.051007751938
1.0044887E7	211.11171702284452
1.007528E7	208.80461887220176
1.01041125E7	209.8511093290564
1.0119309E7	213.15770171149146
1.0136066E7	212.59559628008753
1.0166459E7	209.5108049311095
1.0196852E7	208.5741130730601
1.0227245E7	209.24826136179848
1.0257638E7	207.32700503680744
1.0288031E7	207.85221855518884
1.0318424E7	210.29669955767267
1.0348817E7	211.05706468633966
1.037921E7	210.2820618556701
1.0409603E7	209.87932986189722
1.0439996E7	207.82828749711118
1.0470389E7	210.4366266241726
1.0500782E7	210.62128966223133
1.0531175E7	208.23037716615698
1.0561568E7	209.50383091149274
1.0591961E7	212.63963494132986
1.0622354E7	208.79575471698112
1.0652747E7	207.58116883116884
1.068314E7	211.39123767798466
1.0713533E7	209.54753479594243
1.0743926E7	209.292300024919
1.0774319E7	209.07218355246198
1.0804712E7	209.61968019680197
1.0835105E7	211.0062630480167
1.0865498E7	207.3437200383509
1.0895891E7	208.92696381288613
1.0926284E7	208.82999582811848
1.0956677E7	209.7516625103907
1.098707E7	207.89892739273927
1.1017463E7	210.58838544990428
1.1047856E7	210.37494112105512
1.1078249E7	207.09539763710103
1.1108642E7	209.8026149304091
1.1139035E7	209.90303490136571
1.1169428E7	210.96103699211645
1.1196832E7	211.72937152629328
1.12120285E7	213.83540527100945
1.1230214E7	209.24925563589963
1.1260607E7	211.89397120575885
1.1291E7	208.28665130296048
1.1321393E7	210.8967896789679
1.1351786E7	209.8871635610766
1.1382179E7	206.5879140880961
1.1412572E7	208.29947862356622
1.1442965E7	207.5669099756691
1.1473358E7	209.11285594639867
1.1503751E7	210.34711272107393
1.1534144E7	207.74185647807985
1.1564537E7	208.41615433538266
1.159493E7	210.36331877729256
1.1625323E7	209.71159337521416
1.1655716E7	209.7748276742405
1.1686109E7	210.3236797274276
1.1716502E7	209.52908805031447
1.1746895E7	208.0351745700886
1.1777288E7	209.54757033248083
1.1807681E7	210.47080561714708
1.1838074E7	209.2888570062171
1.1868467E7	209.7262910798122
1.189886E7	211.570538585209
1.1929253E7	210.18999202551834
1.1959646E7	207.18070932632764
1.1990039E7	209.07306557749035
1.2020432E7	207.8944732297064
1.2050825E7	208.83580969533244
1.2081218E7	209.47033533963886
1.2111611E7	210.07464607464607
1.21419565E7	211.33178869323447
