# Position (bp)	A	C	G	T	N
0.0	24.484847748760107	24.278638990511755	36.163788369086745	15.072460859940687	2.640317007021131E-4
1.0	22.495036606258058	20.720356194795276	13.403614971237095	43.37915660461124	0.0018356230983272493
2.0	29.930202916894576	22.044813568249015	14.665350283929602	33.359190851382856	4.4237954395353035E-4
3.0	19.63902050930367	25.35053215624281	11.613219685119308	43.39720175113278	2.5898201421707667E-5
4.0	39.16035607004743	10.956753234462807	10.924803784217692	38.95785483294099	2.3207833107830554E-4
5.0	43.06714401651891	11.736873735142742	25.065618483095857	20.130363765242492	0.0
6.0	34.215427971054424	15.22924969640503	22.040086559421603	28.515235773118945	0.0
7.0	39.45129954766766	16.06255034302697	20.506216734742033	23.979933374563334	0.0
8.0	17.562809714504873	34.29837726923025	23.573571401194553	24.56524161507032	0.0
9.0	29.204108642035248	20.888007593836935	13.895745559936746	36.012138204191075	0.0
10.0	26.364883028738518	16.021883873099934	29.98349565627437	27.629712252107375	2.518977980102089E-5
11.0	26.633786130801262	19.601744672617922	19.08688004886408	34.67753895864195	5.018907479201021E-5
12.0	23.616843290574913	21.96922573825527	24.692287383782734	29.72161858636204	2.500102504202672E-5
13.0	22.489642057914814	28.286129510701652	19.362645655641856	29.86158277574168	0.0
14.0	31.540749967124114	21.898613258037223	21.2615902995055	25.299046475333164	0.0
15.0	31.649609288493785	20.218307088171088	20.31912390458414	27.81295971875099	0.0
16.0	30.697796139113624	19.80956282464659	19.40015022463531	30.09249081160447	0.0
17.0	30.658521841806152	19.606728553929834	19.74305055734095	29.991502864871027	1.961820520397416E-4
18.0	30.228690756836624	19.588169528629273	20.38594786496588	29.797045288943053	1.4656062516900273E-4
19.0	29.816913136303626	20.32572730320997	20.274384531566557	29.58297502891985	0.0
20.0	29.622212575203722	20.33087334361541	20.282638251107045	29.764275830073828	0.0
21.0	29.34648159241314	20.477249740383694	20.546762444017403	29.628975038927358	5.311842584027918E-4
22.0	29.527041263506682	20.538549903645688	20.305240654882226	29.628302287969998	8.658899954107831E-4
23.0	29.70595916685236	20.450429728026606	20.35739187314457	29.486099430463607	1.1980151285350432E-4
24.0	29.345025571400136	20.5606421469569	20.344408306014685	29.74935110752114	5.728681071435222E-4
25.0	29.56951381088302	20.617549679897202	20.195652194589783	29.61654718888776	7.371257422380659E-4
26.0	29.826551781390485	20.42359820438662	20.32352873604327	29.42594231687939	3.7896130023516917E-4
27.0	29.59067401273278	20.469153930030558	20.45629658428686	29.483875472949794	0.0
28.0	29.68196210897342	20.468603319136434	20.42884417682479	29.420590395065354	0.0
29.0	29.34015311028078	20.112974303424995	20.214905829781138	28.746422449184035	1.5855443073290523
30.0	29.49756260611626	20.540866088304124	20.522182395296095	29.437896080879632	0.001492829403887561
31.0	29.68768054533555	20.652491569223045	20.207988226555116	29.450932936235315	9.067226509780399E-4
32.0	29.736765506098244	20.543674038449954	20.313593565904338	29.404645919872298	0.0013209696751712394
33.0	29.477447217444837	20.52663008262019	20.4751613883149	29.520045185263044	7.161263570305706E-4
34.0	29.54203200541292	20.677614565693958	20.334516833966536	29.445537207726126	2.993872004602272E-4
35.0	29.634337740170725	20.460921130431288	20.49058835010534	29.41394611909368	2.066601989678471E-4
36.0	29.457082886550896	20.557153829607927	20.49264764665822	29.49261168262866	5.039545542945747E-4
37.0	29.55086104477762	20.601121658415504	20.42449063958492	29.42284071151776	6.859457041964329E-4
38.0	29.714848223973828	20.502838916082183	20.51544059415999	29.265822125944187	0.0010501398398171477
39.0	29.521578604802794	20.498585971883582	20.49749168168466	29.48170540567959	6.383359493708402E-4
40.0	29.566298846272836	20.498821549626385	20.436876925525077	29.49695547067101	0.0010472079046895109
41.0	29.641624789496312	20.49743780606446	20.464584793625107	29.39635261081412	0.0
42.0	29.366595583520578	20.59980037382227	20.536997142748156	29.4960392640533	5.676358556951586E-4
43.0	29.37223239470797	20.71258451642341	20.441850750357524	29.472901450459894	4.3088805120220034E-4
44.0	29.61539881676857	20.574417926656142	20.46199349827535	29.34780466555715	3.8509274279134706E-4
45.0	29.41326071732817	20.611141971153465	20.502444228487	29.473153083031363	0.0
46.0	29.464402562520952	20.625680767101763	20.41274009507176	29.497176575305527	0.0
47.0	29.641283968414513	20.522891668015887	20.5189399815603	29.31681663881292	6.774319638142942E-5
48.0	29.382412010191988	20.518411497614668	20.58661225646373	29.512564235729617	0.0
49.0	29.47872607789638	20.717339094586205	20.41701462966031	29.38651447582404	4.0572203307310775E-4
50.0	29.64928586340366	20.51267037609475	20.46931839653076	29.368702843461968	2.2520508864410097E-5
51.0	29.338695508949158	20.597896231866315	20.614052062276002	29.44935619690852	0.0
52.0	29.520449345341714	20.662479965232976	20.381380577275575	29.435690112149732	0.0
53.0	29.554507893261256	20.526657728638593	20.52789329719782	29.390941080902333	0.0
54.0	29.405416131489854	20.551979230126552	20.573236655073476	29.469367983310114	0.0
55.0	29.377985300925513	20.749635752914873	20.519603849894313	29.352775096265297	0.0
56.0	29.619391462927858	20.505835991591887	20.510385642288533	29.364005897960972	3.810052307535768E-4
57.0	29.422157199455917	20.660098043321913	20.59622004402923	29.321524713192936	0.0
58.0	29.41949849052955	20.690197753163083	20.422906885548837	29.467352105917193	4.476484133549637E-5
59.0	29.58444275049566	20.542849448512307	20.56065380458511	29.31160665077695	4.4734562997000995E-4
60.0	29.309614058807277	20.64905202484774	20.652762911874927	29.38832510231765	2.459021524038947E-4
61.0	29.372339634015415	20.622376220855372	20.552911496936872	29.452372648192345	0.0
62.0	29.594439016219535	20.516769492755646	20.45428100834706	29.434153150386642	3.5733229111415093E-4
63.0	29.260106328950027	20.70838342268492	20.55858975174657	29.472183806433538	7.366901849427223E-4
64.0	29.44703302039098	20.658279040924988	20.380957651363634	29.513239374014127	4.909133062721093E-4
65.0	29.582544425483643	20.49084658724542	20.576961980087518	29.34850950782187	0.0011374993615506034
66.0	29.34775411397788	20.60372155842349	20.614980361748696	29.433543965849935	0.0
67.0	29.530419433133414	20.713141079217344	20.353238521252482	29.40308952765575	1.1143874100967957E-4
68.0	29.488351863042368	20.627536805403295	20.72040817054106	29.163703161013277	0.0
69.0	29.361876833367194	20.711925663754666	20.577196565477273	29.34868906448819	3.118729126791487E-4
70.0	29.454520509074694	20.672690255430485	20.527672433896175	29.3448718014394	2.450001592501035E-4
71.0	29.626461826504315	20.573681311022167	20.613696577837377	29.18616028463614	0.0
72.0	29.274591845617685	20.669135181817918	20.66971405314796	29.386558919416434	0.0
73.0	29.364391007545954	20.766109283642002	20.345890331669317	29.523609377142723	0.0
74.0	29.608109046678578	20.5123450414143	20.519446289631198	29.360099622275925	0.0
75.0	29.386671534617925	20.579612708469455	20.49552923943085	29.537251514648933	9.350028328359637E-4
76.0	29.293503135256817	20.78214016672692	20.322959946003415	29.600817962768716	5.787892441368649E-4
77.0	29.168352030952082	20.767746969405213	20.53838901806614	29.525511981576567	0.0
78.0	28.75882068094154	20.968858362601093	20.424082866255155	29.847881867719007	3.562224832046665E-4
79.0	28.588495038238904	21.280627587903837	20.233586329521504	29.897157439190174	1.3360514557950675E-4
80.0	28.88875773513301	20.881457172668995	20.284249782575532	29.945535309622468	0.0
81.0	28.81104606678328	20.895742142019778	20.087285275571414	30.205926515625524	0.0
82.0	29.079111093287523	21.15479003260602	19.807638965474602	29.958459908631852	0.0
83.0	29.3810708766844	21.17573490117004	19.67907841010946	29.764115812036096	0.0
84.0	28.855383896529602	21.439526716284355	19.63410485522428	30.070427213546136	5.573184156284568E-4
85.0	28.78682477002118	21.519393607542213	19.584705474326793	30.108786200266973	2.8994784284380845E-4
86.0	28.99254927783266	21.54823110336781	19.654590491431705	29.80433905103536	2.900763324712116E-4
87.0	28.576732054391346	21.722406070628743	19.89136821313636	29.809382043140182	1.1161870336570573E-4
88.0	28.52635495384516	22.088305878348834	19.72846208165969	29.656765423022346	1.1166312396795357E-4
89.0	28.54739145948103	22.256897455816446	19.716914252749834	29.478282959289892	5.138726628010037E-4
90.0	28.434995059973268	22.23651327995422	19.98491168305146	29.34286467903238	7.152979886714681E-4
91.0	28.393618096791425	22.36562636717684	20.06196973668789	29.17876343244256	2.236690128054983E-5
92.0	28.795476616629923	22.395519409988804	20.04539856127474	28.76015866667353	0.003446745433006347
93.0	28.590579857824892	22.378402928604736	20.039178553784176	28.99143554216409	4.03117622107687E-4
94.0	28.717707479834264	22.45339783022234	19.974522772625157	28.853946101589774	4.258157284676192E-4
95.0	28.87993223223423	22.300206088827	20.14153271864782	28.677656127032712	6.728332582376658E-4
96.0	28.70851554333727	22.259678631045198	20.41578783516896	28.615995545034146	2.244541443549895E-5
97.0	28.7074266354482	22.22376971717608	20.398194912031276	28.670518880798735	8.98545457077719E-5
98.0	28.818497319830154	22.034114359159172	20.393278925836754	28.7529178588587	0.0011915363152166605
99.0	28.495470923594983	22.04059766078345	20.787783441342057	28.675877971214973	2.7000306453478246E-4
100.0	28.421527658772415	22.129945371754232	20.87441223236742	28.573867030809936	2.4770629599596286E-4
101.0	28.25926652107969	22.028549471402076	21.112951606978257	28.599097180435457	1.352201045251408E-4
102.0	28.01517405225335	21.940139324814677	21.587699245718678	28.45687458916955	1.127880437455195E-4
103.0	27.849071837589527	21.978521921286482	21.805777008918795	28.365613218474113	0.0010160137310869044
104.0	27.85975958398402	21.77652022789576	22.0564857858946	28.307211802487327	2.2599738295030544E-5
105.0	27.52042746031642	21.83064703868848	22.233732633236905	28.41503450219936	1.5836555883925283E-4
106.0	27.399361977529924	21.93880012366357	22.308114798746605	28.352273563741658	0.0014495363182456986
107.0	27.370109455858838	21.770566933415203	22.663301189428044	28.19425382249753	0.0017685988003911777
108.0	27.152984530776575	21.662474975855588	22.80133746645096	28.3814095069273	0.0017935199895748812
109.0	27.088384645496205	21.80530126923666	22.847760252165138	28.256985302642267	0.0015685304597249116
110.0	27.173610219628046	21.599762190253262	22.97579475525717	28.250741789782374	9.104507915003957E-5
111.0	27.106047272572287	21.536341505052253	23.147687870559864	28.20910282945739	8.205223582086084E-4
112.0	27.310519602309753	21.45110885267737	23.23568485583238	28.00227588043731	4.108087431968361E-4
113.0	27.46928874975314	21.17249957942319	23.662108589275658	27.69587450719369	2.285743543231639E-4
114.0	27.16718874195161	21.1678990910417	24.054133089008666	27.610779077998025	0.0
115.0	26.945225807117996	21.25397519455644	24.211026452330373	27.589772545995196	0.0
116.0	27.037524152301135	20.988933854752155	24.603658234780738	27.368962903124437	9.208550415317133E-4
117.0	26.77294146934217	20.955092272072488	24.926784141498164	27.34518211708718	0.0
118.0	26.728123195986626	20.862085580773005	25.14605848269676	27.2633389270296	3.9381351401188483E-4
119.0	26.692226279967706	20.76873128289365	25.499211923543335	27.03976079288254	6.972071276879077E-5
120.0	26.366806435848556	20.76651862822268	25.879021006412717	26.987024408623412	6.29520892632647E-4
121.0	26.325007486711087	20.706347795163584	26.14864864864865	26.81999606947668	0.0
122.0	26.378219545050435	20.52736473829654	26.326309867888696	26.76509931542645	0.003006533337874451
123.0	26.12934732576741	20.480229052850802	26.71176541607558	26.676252980592196	0.0024052247140140654
124.0	26.052912858669803	20.38363065399498	26.97445500418431	26.5889304623572	7.102079370471685E-5
125.0	26.00116171787843	20.323503254378664	27.30574142460646	26.36852410017963	0.0010695029568191746
126.0	25.7283752796534	20.26929754596909	27.611754592614457	26.38952280041581	0.0010497813472464354
127.0	25.67425712624956	20.244394931901894	27.801971225085758	26.277101470934454	0.0022752458283367737
128.0	25.603551384119022	20.0733741154296	28.094617027747294	26.227784315681795	6.73157022289912E-4
129.0	25.401815342808256	20.147529787115943	28.386777585512007	26.060546823150087	0.0033304614137084692
130.0	25.387941487940253	19.97760867316246	28.690819677135575	25.9418857606231	0.0017444011386093874
131.0	25.374135893842453	19.816688613378073	28.99193817107928	25.81580231323365	0.0014350084665499525
132.0	25.092840683190232	19.796075225735315	29.38975898290071	25.72017757047224	0.0011475377014966333
133.0	24.948923677573653	19.738464717444682	29.62612989894548	25.68559928366913	8.824223670538785E-4
134.0	24.885200653999448	19.625052785551375	29.993808463997055	25.495470532127573	4.675643245467333E-4
135.0	24.635289851062485	19.585303092587907	30.40064013881862	25.378519874146217	2.470433847710599E-4
136.0	24.57650825457368	19.45229905438818	30.563275145016135	25.407347153368665	5.703926533426249E-4
137.0	24.506641141845726	19.322828823962134	30.97212973347058	25.19695643893896	0.0014438617825967355
138.0	24.24890381975741	19.187670905288577	31.32425470113705	25.238146047916327	0.001024525900639479
139.0	24.10398247845926	19.30650255438861	31.521316001749746	25.06594155205695	0.00225741334542638
140.0	24.205789811721974	19.006963776729116	31.95625502443578	24.829984296946577	0.0010070901665450186
141.0	23.937591140337798	18.98344878829158	32.12557590584335	24.951766700953545	0.0016174645737349028
142.0	23.830123728899988	18.92242126175521	32.58237494237984	24.664039923252616	0.0010401437123439435
143.0	23.761342112521703	18.74084882183635	32.81491195385502	24.680655876988812	0.002241234798124596
144.0	23.487904256777075	18.647842770678942	33.27694721318249	24.585694970862626	0.0016107884988678456
145.0	23.36731231349164	18.589541209331358	33.521195665844786	24.519717716247026	0.002233095085188727
146.0	23.2776985113341	18.39976725986369	33.942798803212696	24.37818932193821	0.0015461036513041513
147.0	23.004693256525965	18.444816395323354	34.25854748898227	24.290209311634147	0.001733547534261497
148.0	22.875149763626865	18.363866487513416	34.471935400872724	24.286761285225314	0.0022870627616802634
149.0	22.90612700821098	18.132264243470825	34.871119275053125	24.089782172241943	7.073010231240281E-4
150.0	22.548310988336144	18.09799686403282	34.89573331194854	24.456191424839137	0.0017674108433556957
