#Position (bp)	Coverage	Std
15197.0	115.4353305037344	192.34496397784187
45590.0	130.3789030368835	117.00696538106321
75983.0	115.15776659099134	111.58907564973754
106376.0	105.49781199618333	104.24319845775578
136769.0	92.93508373638667	101.27452882078596
167162.0	111.86806172473925	115.84457426555069
197555.0	110.45145263712038	160.0041224010767
221485.0	128.3590771168489	134.89377427148855
236681.5	158.15844035277735	162.92610851023073
258341.0	90.82426874609286	112.09866626995104
288734.0	116.63231665186062	126.97755319827533
319127.0	95.96087914980423	101.52185770826772
349520.0	94.74003882472938	103.64182985074756
379913.0	84.66087585957293	96.98155463417943
410306.0	85.4307899845359	91.95397352908313
440699.0	87.46764057513244	95.06177773023941
471092.0	48.80001974138782	60.449414455055475
501485.0	78.24344421412826	88.01533525446898
531878.0	81.67581350968973	82.6192534404363
562271.0	52.083012535781265	63.63902866791476
592664.0	58.67239166913434	68.71159429243562
623057.0	61.80209258710887	78.30344610108735
653450.0	84.93409666699569	92.29575932379232
683843.0	74.07913006284342	75.64051828951796
714236.0	75.40950218800381	90.97069975038875
744629.0	55.464679366959494	74.84469668401434
775022.0	52.98098246306716	64.46514135591295
805415.0	78.02990820254664	95.79703213104762
835808.0	82.45250551113743	96.28508873874206
866201.0	93.97584970223407	97.39037159790973
896594.0	100.01250287895239	98.4282506253801
926987.0	91.40769256078703	93.23747703936901
957380.0	108.54509262001119	121.86695815417289
987773.0	85.09285032737802	94.87253994311588
1018166.0	107.53298456881518	110.4951565170476
1038382.5	118.30866533864541	123.34017029971116
1053579.0	111.20375374637645	129.05218333939442
1078952.0	100.46089560096075	108.37126963843065
1109345.0	144.2840456684105	109.96598212338613
1139738.0	77.2082716414964	94.12907431218555
1170131.0	53.6259336031323	72.80650850970675
1200524.0	50.355114664560915	68.57902893705669
1230917.0	63.39466324482611	78.82308984040328
1261310.0	117.12006054025598	103.4150924241635
1291703.0	132.78847102951337	128.87538019308607
1322096.0	97.2408778337117	127.54097005489135
1348657.5	86.78512978442586	110.08558662983071
1363854.0	81.97194310322328	92.5440229808599
1382882.0	102.25653933471523	128.2983273347475
1413275.0	116.16714375020564	116.6535212640186
1443668.0	83.24249004705031	95.69444897985389
1474061.0	107.53765669726582	105.7747594659129
1504454.0	95.26233014180897	104.73979490743716
1534847.0	85.03747573454415	99.0449322028706
1565240.0	99.99884841904385	96.61282439541858
1595633.0	76.8396670285921	85.90592176599836
1626026.0	61.42101799756523	71.93418357103701
1656419.0	85.66587701115388	87.44339060251022
1686812.0	51.78077188826374	67.01166285487913
1717205.0	81.90744579343928	87.45971994263219
1747598.0	70.45931628993519	84.19429142711064
1777991.0	68.16283354719837	77.50578523127241
1808384.0	46.05300562629553	60.54272739607451
1838777.0	58.988188069621295	70.20209087804668
1869170.0	50.75375908926397	67.69667178604702
1899563.0	112.1149277794229	117.7356409235725
1929956.0	46.608988911920505	58.59548382068289
1960349.0	49.83946961471391	71.57064978998841
1990742.0	51.376139242588756	63.73009304081202
2021135.0	57.984864936005	79.01168945193506
2051528.0	68.0224064751752	73.97032260972286
2081921.0	49.405850031257195	58.806368345475526
2112314.0	70.73013522850657	88.96212156200423
2142707.0	52.09643667949857	63.076987458630136
2173100.0	59.924916921659594	71.12582928596679
2203493.0	57.00618563485013	65.612165084086
2233886.0	60.628993518244336	76.90303415593799
2264279.0	52.98302240647517	64.95975079367523
2294672.0	60.79590695225875	66.60915395042274
2325065.0	52.31480933109598	67.49592407244735
2355458.0	65.93113545882275	91.1492624035926
2385851.0	39.17819892738459	54.32632468862272
2416244.0	61.23242193926233	70.56121483731883
2446637.0	66.77692231763893	83.85654974861404
2477030.0	56.96262297239496	75.08680835888488
2507423.0	59.41897805415721	67.14129363974011
2537816.0	68.4226960155299	76.66894247157582
2568209.0	52.51018326588359	75.470441127372
2598602.0	81.58651663211924	88.9258927312635
2628995.0	78.7000954167078	86.96822304249345
2659388.0	83.17974533609713	87.28525622538774
2689781.0	71.53163557398085	80.39674041963187
2720174.0	55.701608923107294	66.05142348106689
2750567.0	81.71088737538248	93.09170412499707
2780960.0	101.98815516730826	95.61892392981909
2811353.0	79.66370545849374	110.97262857019163
2841746.0	84.08696081334517	103.09505979081702
2872139.0	106.86904879413022	133.9230343643433
2889645.5	324.11277056277055	193.77138200686002
2904842.0	169.12936018313738	169.30085085761846
2932925.0	104.16434705359787	103.66311823429955
2963318.0	83.45711183496199	100.52385081479002
2993711.0	77.95676636067516	94.7496654093638
3024104.0	80.83917349389662	91.20704704241741
3054497.0	84.65827657684335	85.63429446802812
3084890.0	78.38370677458626	92.56891227916364
3115283.0	73.40002632185043	82.3787330017418
3145676.0	90.8171618464778	87.92039872722836
3176069.0	88.80304675418682	96.5273290448112
3206462.0	89.89362682196558	103.36124133977229
3236855.0	80.46889086302767	91.94555541763192
3267248.0	136.6618629289639	120.60910092746907
3297641.0	147.74240779126774	136.62479454664987
3322340.5	100.04540671366937	114.25173964814536
3337537.0	0.007201194344427856	0.12000995245751793
3358427.0	0.014806040864672786	0.16723326845372383
3388820.0	0.045207778106800905	0.4969554925974177
3410819.5	0.0	0.0
3426016.0	114.85125394650622	141.6395445790146
3449606.0	121.70042443983812	137.49593115003486
3479999.0	97.07129931234165	106.03538053303394
3510392.0	106.01951107162833	104.84063186109506
3540785.0	67.90139176784128	84.53469892657796
3571178.0	63.658408186095485	81.49935118600844
3601571.0	81.09795018589807	86.29819356213842
3631964.0	78.73832790445168	82.05967171100193
3662357.0	69.72595663475143	81.65235733862411
3692750.0	81.37120389563387	86.75582340727638
3723143.0	70.00417859375514	76.62110545537845
3753536.0	102.26121146316586	95.15334544033719
3783929.0	73.39864442470305	85.87569973104756
3814322.0	71.54739578192347	92.98620689358972
3844715.0	61.95163359984207	79.46017030866587
3875108.0	96.64330602441352	106.7778528265237
3905501.0	91.23811403941697	106.64320669118777
3935894.0	106.03849570624816	114.24085141376031
3966287.0	88.3513638008752	107.01017201994011
3987990.0	193.18519941596864	168.41516680072067
4003186.5	154.52387802071345	145.0274990788571
4027073.0	117.79232060013818	130.5810164949384
4057466.0	132.32198203533707	127.99128547433126
4087859.0	84.48488138716152	85.54318708799117
4118252.0	57.76668969828579	73.49929108603052
4148645.0	57.943046096140556	76.1334940733516
4179038.0	107.45566413318856	107.87242407413147
4209431.0	127.01444411542131	119.04137161434824
4239824.0	113.76856513012865	123.60408539884872
4259839.0	62.27456677389229	105.50123179244375
4275035.5	78.39092310657159	115.48715201191301
4300610.0	108.89217912019215	125.7535814524435
4331003.0	97.84104892573949	117.807037320834
4361396.0	108.13634718520711	119.4019017220148
4391789.0	97.71638206165893	102.00722083440513
4422182.0	66.66834468463134	77.74804074043332
4452575.0	73.68884282565064	83.07325222606883
4482968.0	75.49241601684598	84.9582239248021
4513361.0	69.45526930543217	72.16460809611256
4543754.0	71.78202217615899	79.75482389789993
4574147.0	65.21399664396407	73.83982158119936
4604540.0	46.817655381173296	62.70576158361579
4634933.0	72.91254565195933	76.15380986670222
4665326.0	73.58622051130195	76.82135133579388
4695719.0	64.76208337446123	81.96292395247664
4726112.0	95.87595827986708	93.89665302701643
4756505.0	65.40259270226697	79.1680647082371
4786898.0	84.37219096502484	90.9670382058436
4817291.0	69.21133155660843	87.12981622913475
4847684.0	60.0982792090284	76.92050992530376
4878077.0	69.12121212121212	75.62789512719532
4908470.0	65.9912150824203	78.09842001368253
4938863.0	59.309873984141085	70.49867660287826
4969256.0	62.11374329615372	69.83556203684816
4999649.0	63.24795183101372	78.16809101165772
5030042.0	76.86118514131543	94.26822636999572
5060435.0	64.5717434935676	75.74545400998242
5090828.0	60.124831375645705	74.10567080747829
5121221.0	82.14740236238607	91.02002138592259
5151614.0	80.79797979797979	93.46237642105609
5182007.0	85.55032408778337	97.3335593111148
5212400.0	67.95150199058993	80.20442964489298
5242793.0	108.28230184581976	107.1774028879082
5273186.0	111.96150429375184	112.558565459832
5303579.0	92.2807225347942	105.14579280947721
5333972.0	125.42657848846774	135.34515443173876
5352383.0	234.72624047285737	158.2557598280176
5367579.5	107.73572859288933	124.38728651099497
5394758.0	117.40019083341559	117.58967719044209
5425151.0	89.9622610469516	99.12169035532925
5455544.0	63.74826440298753	80.19516323054435
5485937.0	100.34547428684236	104.80808057818318
5516330.0	88.16865725660514	97.33678091635771
5546723.0	93.73286612048827	87.34346772517797
5577116.0	86.59931563188893	99.44102500817792
5607509.0	60.55085052479189	69.88247651453706
5637902.0	67.84815582535452	81.07829424076908
5668295.0	76.78271312473267	82.26744986330549
5698688.0	83.8216036587372	87.20688409957437
5729081.0	78.88326259336031	97.04643219770196
5759474.0	58.03290231303261	80.66335563351568
5789867.0	83.73530089165268	93.93673486418416
5820260.0	98.57947553713026	112.64703892194888
5850653.0	125.53137235547659	124.43524392724983
5881046.0	131.9083670582042	172.19867395525097
5907241.5	167.0685062278389	150.4481096390785
5922438.0	180.30351399642643	159.05571036402438
5941832.0	136.36906524528675	138.888922975681
5972225.0	75.33096436679499	95.3142642481729
6002618.0	99.45849373210936	103.061296339341
6033011.0	81.25199881551673	85.40210551403123
6063404.0	76.40713322146547	92.5110267308265
6093797.0	94.46777218438456	91.17517541226111
6124190.0	63.03971309183036	85.12010091417919
6154583.0	64.60267166781824	75.81146295889225
6184976.0	53.46918698384496	63.92262096264039
6215369.0	84.34813937419801	85.90889401724603
6245762.0	82.98170631395386	87.15383717043528
6276155.0	69.44493797913994	77.75871141762352
6306548.0	62.14542822360412	69.94593119374655
6336941.0	52.49310696541967	67.76142777908355
6367334.0	74.24413516270194	82.07614333275716
6397727.0	96.75211397361234	106.17488377882957
6428120.0	68.45441384529333	79.3879794939105
6458513.0	62.45013654459908	73.97970271397337
6488906.0	97.81225940183595	90.48792200012751
6519299.0	69.65311091369723	79.61702515109303
6549692.0	94.05484815582535	100.09610474230242
6580085.0	103.98532556838745	106.01974932560192
6610478.0	98.18069950317508	114.94400766103585
6640871.0	136.89194880400092	156.1762099508161
6660029.5	86.81347804139324	116.23599284346874
6675226.0	71.85740353375762	99.29127150953119
6701657.0	130.82025466390286	138.29227776022924
6732050.0	102.18333168821768	99.45375650267152
6762443.0	97.93557727108215	104.4363363172442
6792836.0	88.36093837396768	94.82671466332002
6823229.0	91.84512881255553	103.44065848871492
6853622.0	65.51873786727207	79.65952227672534
6884015.0	61.6019149146185	69.54928977416434
6914408.0	83.6409699601882	82.18735042491674
6944801.0	58.24199651235482	68.30662042178531
6975194.0	53.05086697594841	66.52275751794964
7005587.0	82.10689961504293	91.25310591422371
7035980.0	83.2867765603922	94.34651449743805
7066373.0	69.82726285657881	86.72941890411161
7096766.0	54.4736616984174	63.75138173701601
7127159.0	68.13661040371139	81.83082898336922
7157552.0	66.8734577040766	79.1534942727015
7187945.0	113.30816306386339	103.50515754748658
7218338.0	72.79501858980686	87.14366486778232
7248731.0	94.1491461849768	107.71529620266581
7279124.0	81.21083802191293	94.1080576919667
7309517.0	110.54907379988813	147.6889499150924
7327760.5	121.31851000984575	142.0815963210143
7342957.0	167.7558335733981	155.0468622281991
7370303.0	94.73115520021058	108.7568841467399
7400696.0	81.05596683446846	99.2763700523687
7431089.0	113.27950514921199	105.73866877554792
7461482.0	62.50097061823446	82.40475898250354
7491875.0	71.93422827624782	86.40904437246914
7522268.0	83.36725561806995	90.9573950897607
7552661.0	77.80432994439509	102.4530420968367
7583054.0	90.30579409732505	94.8195384689503
7613447.0	81.60816635409469	90.93480891773483
7643840.0	83.14009804889284	82.70188818728612
7674233.0	77.36837429671306	79.39247365771271
7704626.0	54.79695982627579	59.95914582089608
7735019.0	80.96907182574935	84.32942358959482
7765412.0	56.15826012568684	65.40211701324935
7795805.0	2162.506498206824	2669.9555695975873
7826198.0	161.41424012108052	505.2776660971133
7856591.0	73.74569802257099	73.15819890881234
7886984.0	91.34774454644162	86.22488175657561
7917377.0	70.24597769223176	87.54416044657684
7947770.0	69.75757575757575	79.52408741417709
7978163.0	94.96170170763004	98.69986646218862
8008556.0	50.351791530944624	69.83160387918133
8038949.0	67.20570526107986	81.226003469664
8069342.0	68.23979205738164	77.7818607771502
8099735.0	60.70210245780278	72.71169862116743
8130128.0	57.11709933208304	78.08374921553124
8160521.0	85.70068765834237	97.43131099694538
8190914.0	71.69874642187345	85.08166708152913
8221307.0	97.71460533675517	99.0070877021443
8251700.0	86.18622709176455	85.21073472287769
8282093.0	73.80834402658508	92.07077980229714
8312486.0	74.77702102457803	100.4217646380313
8342879.0	86.08011713223439	95.88039172834618
8373272.0	56.92541045635508	76.87982410013021
8398726.5	212.35523493858452	193.28070186491567
8413923.0	153.7485066315683	166.5526574047061
8434058.0	124.48988253874248	118.29385036587031
8464451.0	92.22251834303951	106.64768887785085
8494844.0	102.8612509459415	109.09668885971135
8525237.0	92.024216102392	97.91502701517183
8555630.0	90.44388510512289	94.70649661681743
8586023.0	76.1760931793505	94.0620434376242
8616416.0	103.45010364228605	101.87013286206633
8646809.0	86.48886256703847	88.50148779477063
8677202.0	69.81841213437305	89.82381717821121
8707595.0	61.940841641167374	78.84598783066092
8737988.0	68.34287500411278	75.04350573568004
8768381.0	71.88250584016056	76.85785493643145
8798774.0	79.8416740696871	97.42859333817373
8829167.0	52.212746356068834	67.98576027500974
8859560.0	69.71595433158951	71.72382755551307
8889953.0	67.4602375547001	72.94136436081537
8920346.0	58.248873095778634	71.32186972296635
8950739.0	50.46059948014345	61.69111953056367
8981132.0	49.656269535748365	59.268299172571695
9011525.0	74.00407988681604	70.28692950647297
9041918.0	63.05514427664265	70.8428403218995
9072311.0	90.87576086598888	99.6958080235366
9102704.0	73.86042838811568	83.9302720138949
9133097.0	58.45194617181588	71.96177381590464
9163490.0	78.86644951140065	92.28304734080959
9193883.0	84.0788010397131	99.91557453509958
9224276.0	91.46148784259533	98.78681006753476
9254669.0	81.82130753791992	95.33665272778325
9285062.0	126.04083177047346	123.26205206024889
9315455.0	128.12022505182114	141.88643326521432
9332033.5	116.75072358900145	147.64347065943923
9347230.0	164.87784574179304	164.72920877204683
9376241.0	122.113019445267	125.54149577012917
9406634.0	113.27917612608167	110.80155831741894
9437027.0	119.27558977396112	118.92575378211549
9467420.0	92.82384101602342	97.0900376224101
9497813.0	51.664133188563156	68.75156779229543
9528206.0	95.66291580298095	90.63995216153431
9558599.0	64.22561116046458	75.37469350791964
9588992.0	82.61721449017865	87.89681075163435
9619385.0	67.30816306386339	86.03584935401287
9649778.0	76.3004968249268	77.83458221973
9680171.0	78.30405027473431	85.23511082526645
9710564.0	49.11854703385648	63.84753621013086
9740957.0	59.38035073865693	65.17683489701265
9771350.0	71.31740861382555	71.35547138665517
9801743.0	64.50133254367782	78.66831769019747
9832136.0	94.32981278583884	90.7521624515679
9862529.0	89.27838647056888	97.49307487173256
9892922.0	72.76247820221762	87.60348027443807
9923315.0	97.4694173000362	94.00944213959235
9953708.0	60.43417892277827	79.17268002867141
9984101.0	100.18089691705327	90.30277253843421
1.0014494E7	107.74902115618728	112.4506359560965
1.0044887E7	119.87493830816307	121.65960715791816
1.007528E7	100.31132168591452	113.29588252305052
1.01041125E7	129.06072161924317	143.19241107140544
1.0119309E7	121.6408202499199	129.85075355690122
1.0136066E7	146.23936432731222	171.32002667952563
1.0166459E7	102.65294640213207	117.20270597064884
1.0196852E7	90.60520514592176	98.96523260137192
1.0227245E7	78.93870299082026	103.74423272822183
1.0257638E7	62.65093936103708	78.4744749195427
1.0288031E7	82.94242095219293	86.87030622509792
1.0318424E7	100.50228671075577	101.02964030902977
1.0348817E7	87.74684960352712	88.24256459124166
1.037921E7	70.47320106603495	76.58326565353194
1.0409603E7	71.44872174513868	81.39097495302234
1.0439996E7	63.38169973349127	77.86600624007515
1.0470389E7	66.41871483565295	83.89468065089788
1.0500782E7	59.921626690356334	71.05369480763454
1.0531175E7	56.10275392360083	67.27209325550623
1.0561568E7	64.95094265126838	74.56908463197946
1.0591961E7	66.14088770440561	71.02319767027457
1.0622354E7	66.5599315631889	69.4350758396065
1.0652747E7	56.79139933537328	65.13907558118613
1.068314E7	76.36735432500905	80.71908687999615
1.0713533E7	63.18741157503373	77.08885718922522
1.0743926E7	69.59043200737011	78.33403918977505
1.0774319E7	54.093080643569245	63.88090671826828
1.0804712E7	65.47320106603495	71.59684087629796
1.0835105E7	72.14273023393545	91.03055424963111
1.0865498E7	52.86921330569539	59.91344808533959
1.0895891E7	73.28891521073932	79.96842996502002
1.0926284E7	65.75523969335045	81.7469037909476
1.0956677E7	74.06313953870958	79.35179788423366
1.098707E7	63.57575757575758	74.19544796282476
1.1017463E7	59.94817885697365	75.36175600672445
1.1047856E7	106.41667489224493	94.05575236190518
1.1078249E7	75.56183989734478	92.2313867259808
1.1108642E7	66.91800743592275	84.20838839808755
1.1139035E7	102.76109630507024	114.50388222752484
1.1169428E7	120.47089790412267	114.02985017885995
1.1196832E7	171.91062871185747	170.74672144282383
1.12120285E7	252.0893275342924	209.51342528912093
1.1230214E7	113.94597440200046	124.8779041120276
1.1260607E7	97.13799230085876	108.35444377961487
1.1291E7	87.9236995360774	97.28823781622104
1.1321393E7	107.58901720790972	111.33747894759229
1.1351786E7	93.21547724805053	99.67392119760741
1.1382179E7	68.60727799164282	78.57847737498221
1.1412572E7	65.52956272825979	79.32519166675942
1.1442965E7	62.550258283157305	77.07394726593614
1.1473358E7	63.99364985358471	75.80691578543615
1.1503751E7	76.70430691277596	81.1537327469428
1.1534144E7	50.24403645576284	68.22695591847277
1.1564537E7	82.25749350179318	88.58026026047959
1.159493E7	77.728555917481	80.91680744591834
1.1625323E7	51.697923864047645	60.8441678889395
1.1655716E7	49.388806633106306	67.11284927313093
1.1686109E7	70.57454019017537	74.75020334207022
1.1716502E7	63.20432336393248	67.01974682618895
1.1746895E7	46.55094923173099	53.790977735032705
1.1777288E7	58.15944460895601	68.60149634826253
1.1807681E7	62.50725496002369	69.92051129329887
1.1838074E7	65.78126542295924	82.3994705904994
1.1868467E7	71.50570855131116	84.13638257163377
1.189886E7	87.95693087224032	101.80437557100011
1.1929253E7	69.6486361991248	79.41064830606678
1.1959646E7	67.29937814628369	80.30525285455873
1.1990039E7	58.59737439542	76.00690484282161
1.2020432E7	83.33869641035764	102.21576611960549
1.2050825E7	95.83963412627908	115.52266344639744
1.2081218E7	84.83785740137532	99.30572500807526
1.2111611E7	116.16809791728359	116.15915814685687
1.21419565E7	127.56132417981385	218.97903109765107
