# Position (bp)	A	C	G	T	N
0.0	22.530276489658267	25.704133519245765	37.6782565244694	14.08707167958313	2.617870434393058E-4
1.0	21.45607735982805	23.144683380683247	14.531196828850284	40.866043561056046	0.001998869582372766
2.0	27.971973658513317	24.17655460727865	15.828434212994265	32.02269913224177	3.383889720000851E-4
3.0	18.991234213394932	27.174948100479142	12.590661900383049	41.243107708372925	4.8077369949912996E-5
4.0	38.377981804688865	11.900461882937567	11.924476096290299	37.796952650540895	1.2756554237838938E-4
5.0	41.100478658708326	12.627434054508221	26.885037016114765	19.387050270668684	0.0
6.0	32.93396293014258	16.515387286846583	24.20673281549896	26.343916967511877	0.0
7.0	37.37109305917446	17.476685098506195	22.579624367756466	22.572597474562883	0.0
8.0	17.018343678646325	35.7366190909007	24.31837267191341	22.926664558539567	0.0
9.0	28.125450736364982	22.530618920413392	14.854448174079641	34.48948216914198	0.0
10.0	25.11125083634858	17.045307415766228	31.4049958405468	26.43844590733839	0.0
11.0	25.434953445614205	21.055079413127164	20.478758669084364	33.031208472174264	0.0
12.0	22.181484171966346	23.082799446824474	26.102781906138116	28.632934475071064	0.0
13.0	21.355194353729175	29.75512078867612	20.482267272486915	28.40741758510779	0.0
14.0	30.214676311420796	23.22060470938846	22.510120076031193	24.054598903159548	0.0
15.0	30.59876021307653	21.39697825633637	21.67641940437148	26.327842126215618	0.0
16.0	29.599349414075565	21.03363862011402	20.741004805560298	28.626007160250115	0.0
17.0	29.473190822679058	20.87647645185842	21.02122597085076	28.628791068673564	3.156859381907979E-4
18.0	28.865414322831345	20.903720735516888	21.828198286559903	28.40244214381923	2.2451127263616196E-4
19.0	28.537710610039174	21.63489699137245	21.601347236534565	28.226030257675827	1.490437798217973E-5
20.0	28.389087936208824	21.687628098117575	21.57255775665962	28.35072620901398	0.0
21.0	28.11106978852638	21.8884056756841	21.856741444784333	28.1432363917316	5.46699273584422E-4
22.0	28.29049289324484	21.93095454210385	21.452908817743925	28.32483449745094	8.092494564418537E-4
23.0	28.456847555820598	21.918845302337438	21.642434640929878	27.98185784887597	1.4652036120199443E-5
24.0	28.111336858257317	21.882549291639698	21.68759189014564	28.31793829884966	5.836611076837233E-4
25.0	28.35758630335042	22.016891953254696	21.460598156779124	28.16421158170438	7.120049113808173E-4
26.0	28.53543816633413	21.716581492819987	21.75031241986915	27.99745086224411	2.170587326201073E-4
27.0	28.18176001328129	21.935733880725465	21.85325901804907	28.029218265696166	2.8822248008526777E-5
28.0	28.377956747273743	21.875365969592664	21.752055744488356	27.99430580017314	3.157384721013486E-4
29.0	27.97656183783411	21.433460640698936	21.595442719332212	27.387720606427283	1.6068141957074535
30.0	28.05492643084978	21.88852353147867	21.977036014913722	28.07762047920035	0.0018935435574814333
31.0	28.254536563115895	22.133495170416833	21.56444625734252	28.046699397167263	8.22611957487414E-4
32.0	28.45145987350862	21.881075269971962	21.66332289836461	28.00272889928649	0.0014130588683150657
33.0	28.092890837258714	21.852399253377275	22.01462835414966	28.03974366591308	3.3788930127026667E-4
34.0	28.131685033016783	22.08062284833993	21.716928997006228	28.0706649283652	9.819327185312306E-5
35.0	28.194699343012868	21.74883350851033	21.960737334171874	28.095687878063952	4.193624097794196E-5
36.0	28.04456144906909	21.959088753419625	22.087723560970364	27.908486915835244	1.3932070567609274E-4
37.0	28.15185080459017	22.05088691851438	21.781819878685123	28.014664667528464	7.777306818642648E-4
38.0	28.26283810970654	21.911012662749716	21.91801875472669	27.907465863301457	6.646095156021237E-4
39.0	28.09112695529141	21.845557071494035	21.95954239091387	28.103331778737044	4.418035636427698E-4
40.0	28.148885177126516	21.687954229674382	21.932646932646932	28.229370944390197	0.0011427161619716178
41.0	28.262823786157615	21.866950871542244	21.9002200876039	27.97000525469624	0.0
42.0	27.916621530216723	21.982001204338633	22.03935588014845	28.061227075077245	7.943102189516118E-4
43.0	27.99731798478907	22.144098480450946	21.831237690182707	28.02658080356356	7.650410137121307E-4
44.0	28.289811619040478	22.020913046292858	21.868640992705306	27.820416284782674	2.1805717868082222E-4
45.0	27.90703461149162	21.963941218606024	22.07115542238725	28.05786874751511	0.0
46.0	27.973366876847244	22.034827262389634	21.80357345869462	28.188232402068504	0.0
47.0	28.247628427413407	21.96932637078263	21.934186948763852	27.848628141262644	2.301117774727067E-4
48.0	27.906985539632558	21.8759387568536	22.06179910657362	28.155276596940222	0.0
49.0	28.054445456477968	22.129641449418326	21.853480761021054	27.961731383417177	7.00949665478512E-4
50.0	28.198037510948414	21.87734194561729	21.964014532153	27.96045803697555	1.4797430574155104E-4
51.0	27.864431173741195	22.052194320329953	22.107334271352467	27.976040234576388	0.0
52.0	28.074494242233055	22.081544109646025	21.874261283566874	27.969700364554047	0.0
53.0	28.0870545194311	21.88645324397805	22.036230357387694	27.99026187920316	0.0
54.0	27.938688431459774	21.95000947493376	22.107564469278845	28.003737624327623	0.0
55.0	27.99985919956821	22.136534552039294	21.97584072591156	27.887765522480933	0.0
56.0	28.233882757475754	21.88340023902593	21.98624502567392	27.89603264087173	4.393369526710289E-4
57.0	27.916331092508923	22.15615026667344	22.099289890073486	27.828228750744156	0.0
58.0	27.936322987363326	22.154411259012683	21.9465350378378	27.962730715786194	0.0
59.0	28.12336485974359	21.970702529847898	22.039668486045432	27.865733719008745	5.30405354335971E-4
60.0	27.80445856903254	22.0424671786977	22.183635067168314	27.969399453075418	3.973202602606633E-5
61.0	28.00256582296298	22.061712037302588	21.976784302603075	27.95893783713136	0.0
62.0	28.203177328123104	21.924235302885293	21.863161807368485	28.009121647647156	3.0391397595987596E-4
63.0	27.86333083021081	22.125851931744876	22.015171588850972	27.994998858877086	6.46790316255385E-4
64.0	28.055146866818347	22.09213933739144	21.766112989408793	28.08632385345445	2.7695292697041456E-4
65.0	28.152671667204093	21.88058193742208	22.01978981508044	27.94578377632599	0.0011728039673981581
66.0	27.858084551761266	22.02551100759368	22.13677995821028	27.97962448243478	0.0
67.0	28.097258952936023	22.210024466866557	21.74230883418118	27.950197187784255	2.1055823198463768E-4
68.0	28.148620067557445	22.083259297566176	22.137696136694203	27.630424498182172	0.0
69.0	27.890923412811926	22.117200777398242	22.140863467330764	27.85072313180434	2.892106547308553E-4
70.0	27.998267033251068	22.100082903300112	21.929125234179814	27.972170036258532	3.547930104725698E-4
71.0	28.26982110792503	21.888369453708606	22.08500755946759	27.756801878898774	0.0
72.0	27.85174282201125	22.064149381854648	22.22524709989306	27.858860696241038	0.0
73.0	28.04022870335868	22.12049546267053	21.722446788759786	28.116829045211006	0.0
74.0	28.1850781250718	21.95189069487732	21.93143563410754	27.93159554594334	0.0
75.0	27.932834300310468	21.98314161838783	21.972021556378056	28.111057254008998	9.452709146441369E-4
76.0	28.098879942526683	22.02409898602449	21.7342772877468	28.141982304268275	7.614794337533899E-4
77.0	27.844645004547463	22.1241654616911	22.044730951374657	27.98645858238678	0.0
78.0	27.601012223372013	22.237567827370476	21.954833405997697	28.206297636744704	2.8890651510455787E-4
79.0	27.47530955982529	22.57440758443245	21.71580498164472	28.234477874097543	0.0
80.0	27.75578094606903	22.248476222661488	21.796493669695213	28.19924916157427	0.0
81.0	27.671120911870194	22.1152761708266	21.76340315585494	28.450199761448264	0.0
82.0	27.8601978274072	22.302229799518727	21.44322160883177	28.394350764242304	0.0
83.0	28.176646547818567	22.240246389548606	21.407328973233454	28.175764930938474	1.315846089693596E-5
84.0	27.64763150729158	22.482852714256147	21.42593051971958	28.44280841018867	7.768485440278254E-4
85.0	27.717449883925354	22.47341641584582	21.26454820227269	28.544348315119013	2.3718283713366123E-4
86.0	27.976431538115115	22.425934802977444	21.39803231300479	28.199073851231997	5.274946706554055E-4
87.0	27.493932111717516	22.560836940276985	21.58006240200603	28.365049755430014	1.1879056945427217E-4
88.0	27.558287558340407	22.864762559083598	21.269579750882745	28.307238009043793	1.3212264945548953E-4
89.0	27.593188854571064	22.860551985993283	21.328921205342645	28.216610476758223	7.274773347822918E-4
90.0	27.43092735232089	22.73951465806586	21.582201357020857	28.24656209288116	7.945397112271903E-4
91.0	27.509977730334327	22.807176408711804	21.421198966343862	28.261646894610003	0.0
92.0	27.708949598585136	23.072493105307778	21.45390320428282	27.761932590128836	0.002721501695429178
93.0	27.428091360328814	23.006152013760943	21.381411560149626	28.183707000374863	6.380653857504048E-4
94.0	27.550276865866145	23.228073099297657	21.184438538280276	28.036825463087077	3.860334688355181E-4
95.0	27.65992959193209	22.99409862168748	21.379808292858314	27.965603577808086	5.599157140211827E-4
96.0	27.411442082448968	23.103343206927825	21.548973099884957	27.936201553782603	4.005695565000689E-5
97.0	27.54643431387261	23.159606393339704	21.389355436593693	27.904389863935698	2.1399225829507552E-4
98.0	27.666058653812915	22.94318683948273	21.37289784714144	28.01651683397069	0.0013398255922230091
99.0	27.279728243710817	23.030945487660034	21.65656592232405	28.032545570134083	2.147761710133784E-4
100.0	27.396922371741727	23.12502252835075	21.491037885826586	27.986949965272718	6.724880821662079E-5
101.0	27.280289008257803	22.96620249715167	21.681387425078846	28.072053685283848	6.738422783200411E-5
102.0	27.140807147273144	23.015535401317024	21.898044725555827	27.945491184613854	1.2154124015819806E-4
103.0	27.09669377799925	23.178389392502787	21.749543039296864	27.974142236107053	0.0012315540940512147
104.0	27.269370906939976	23.053340210964976	21.895391548244312	27.781843079591134	5.4254259603648216E-5
105.0	26.857753423316755	23.077117576129968	22.17946295422754	27.88542135377513	2.4469255060717733E-4
106.0	26.888471269467356	23.09688086255367	22.051595377650653	27.961935164584805	0.0011173257435121526
107.0	27.03241355742747	22.986462185821996	22.326439452980416	27.652554112057448	0.0021306917126745835
108.0	26.69603198510283	22.965536599392063	22.52393405810992	27.813032286332394	0.001465071062792672
109.0	26.647039952206214	23.14204333535723	22.38447558551026	27.825150738630615	0.0012903882956839668
110.0	26.77894180498618	22.95534296746879	22.48397732567062	27.781737901874408	0.0
111.0	26.574809208455076	23.071336362736712	22.612260705726857	27.7408484031728	7.453199085575285E-4
112.0	26.814639895743724	22.96665307865383	22.5044484016552	27.71399563015044	2.6299379680684007E-4
113.0	26.91884836125261	22.79949225646685	22.84272514945128	27.438823165666808	1.1106716245196866E-4
114.0	26.702111657989956	22.854206185394712	22.994440219828583	27.44924193678675	0.0
115.0	26.475979322392345	23.069159982320095	22.869890738689406	27.584969956598155	0.0
116.0	26.66817551876256	22.795922565598257	23.10965442379028	27.42602312722498	2.2436462392492535E-4
117.0	26.404641442252885	22.85222115107205	23.34303467008184	27.400102736593222	0.0
118.0	26.556602094622423	22.80208433971144	23.18997424237031	27.45122632645578	1.1299684004336819E-4
119.0	26.519916231720348	22.729858072535663	23.507671954071483	27.242468680462462	8.506121004674965E-5
120.0	26.177216962443815	22.80311750026185	23.755100391181788	27.26425206406456	3.1308204798921634E-4
121.0	26.175944206324363	22.85497984642624	23.744885886897972	27.22419006035143	0.0
122.0	26.30395925979056	22.742992397073593	23.903600631186343	27.04685124085497	0.0025964710945345
123.0	26.090321510074492	22.724522145509297	24.10580132067995	27.07766971132039	0.0016853124158694203
124.0	26.1350962188651	22.724488386405763	24.07712841163117	27.063286983097967	0.0
125.0	25.986428367680215	22.749825568999444	24.339239103218418	26.924143864763543	3.630953383787125E-4
126.0	25.803042596023467	22.667120148400535	24.54000748769904	26.98921721750745	6.125503695064259E-4
127.0	25.791398014813836	22.796835125566137	24.567568458167198	26.841943007362985	0.0022553940898423054
128.0	25.804066282469062	22.627862179478694	24.69677008706067	26.870448462900754	8.529880908155831E-4
129.0	25.645553262270205	22.73275266855955	24.93649732867128	26.68160789251179	0.0035888479871805756
130.0	25.686862554512107	22.613344614112652	25.011024420444773	26.687032982485075	0.001735428445392816
131.0	25.709654881665838	22.428073656627593	25.22559241564958	26.635963991020102	7.150550368923708E-4
132.0	25.464190267144282	22.491415741417836	25.516716115666377	26.526226720172918	0.00145115559858822
133.0	25.340320617983746	22.5990349037195	25.511602144865407	26.548110802320235	9.315311111107772E-4
134.0	25.350524921530017	22.440823618307263	25.85047821455299	26.357494145782205	6.790998275237349E-4
135.0	25.054092844617458	22.472490520205294	26.090401856595264	26.382651001833583	3.6377674839062894E-4
136.0	25.117079403281757	22.349224870405738	26.088533952722454	26.44464412733367	5.176462563822739E-4
137.0	25.08568174408455	22.269576818125934	26.28747410279607	26.355783999427462	0.001483335565982742
138.0	24.843603558328155	22.183274358601796	26.660966304995252	26.31161820130499	5.375767698025619E-4
139.0	24.810190203955575	22.422863906048413	26.58171744639546	26.18308409235397	0.0021443512465854292
140.0	24.95954508247658	22.170612047801423	26.90020335162909	25.96869420111572	9.453169771800482E-4
141.0	24.745537329390455	22.109919903258728	27.028384745814428	26.114243246760605	0.0019147747757845438
142.0	24.649418092050016	22.08217989589429	27.28138222959366	25.985424700069775	0.001595082392260785
143.0	24.633627769678853	21.943700930221524	27.469696591209203	25.950979435645603	0.001995273244815471
144.0	24.32197689148379	21.917325642068953	27.84100181727902	25.917959495858963	0.0017361533092818229
145.0	24.23868004098113	21.981720868139043	27.84011650540244	25.937167446546063	0.002315138931328698
146.0	24.30186958417144	21.728339235136506	28.157560299092676	25.81087652611962	0.0013543554797541383
147.0	23.987209127152926	21.79108721298542	28.37913276742227	25.840553707625713	0.0020171848136721583
148.0	23.932732393677163	21.827694870620526	28.433037026117923	25.804427582286966	0.0021081272974162084
149.0	23.943768512204358	21.627627663699954	28.865135623734773	25.562802665968448	6.655343924636834E-4
150.0	23.648813866942834	21.609252779325118	28.8335857020689	25.906794864753895	0.0015527869092544792
