# Position (bp)	A	C	G	T	N
0.0	27.115544711685917	22.367665338639128	34.61503846121963	15.901297540668788	4.539477865308561E-4
1.0	22.881507139846942	18.905122054294203	12.440247737937812	45.77200423116581	0.0011188367552399346
2.0	32.5593708932791	19.747533236150694	13.592426777459037	34.1002203777637	4.487153474695576E-4
3.0	20.69687120361958	22.78418841547315	10.622344175580144	45.8965183682786	7.783704852809168E-5
4.0	40.12708124711942	9.930481754761033	9.968009337437229	39.97421410485747	2.1355582485160782E-4
5.0	44.702131114315506	10.853170397301898	22.99439523096663	21.45030325741596	0.0
6.0	34.89696698901052	14.032992614041348	20.203735242831403	30.866305154116723	0.0
7.0	40.87119806244229	15.079952063135153	19.29493569346051	24.75391418096205	0.0
8.0	18.261880161803756	32.12299275638802	22.846403460183463	26.76872362162476	0.0
9.0	30.18416262276096	19.141489471471406	13.608583295730527	37.0657646100371	0.0
10.0	27.641206818964275	15.435881278835495	28.128448701582176	28.794463200618054	0.0
11.0	27.63044692576575	18.433274019644543	17.713869997447016	36.22240905714269	0.0
12.0	25.27438129070002	20.675053883317602	23.306729683248133	30.743835142734245	0.0
13.0	23.68295622385686	26.58688806008433	18.245259875148445	31.484895840910358	0.0
14.0	32.72959130519724	20.588297701721363	20.167730049129627	26.514380943951778	0.0
15.0	32.604213218619776	18.97389679865102	19.229875668224352	29.19201431450485	0.0
16.0	31.77320259406854	18.46595204019712	18.320871186694657	31.439974179039687	0.0
17.0	31.857373023316743	18.27748716419661	18.602042685353265	31.26309712713338	0.0
18.0	31.51156573005462	18.30780412001798	19.22050075188084	30.960129398046554	0.0
19.0	30.947215647382375	18.95783507674473	19.142036102185514	30.952913173687378	0.0
20.0	30.730990779913686	19.038488094009676	19.28031429629315	30.95020682978349	0.0
21.0	30.519314562598765	19.18198261076482	19.29938732434525	30.9992965568799	1.8945411260356745E-5
22.0	30.652494863355216	19.276562858945407	19.127922797241332	30.942924865523796	9.461493424829759E-5
23.0	30.86329118517869	19.160978530752224	19.223958821625907	30.751639150907735	1.3231153544890657E-4
24.0	30.55409077581469	19.266822200787033	19.20264880006691	30.976438223331364	0.0
25.0	30.667910830562377	19.360245040945763	19.148840272287835	30.822664401624557	3.394545794685801E-4
26.0	30.95618793724374	19.16834729260674	19.27592870202681	30.599140478979336	3.9558914337619884E-4
27.0	30.688799203975307	19.190829909935406	19.368083895703904	30.751647220160738	6.397702246421427E-4
28.0	30.861708530396804	19.256764503877488	19.229960990173677	30.651096068229037	4.69907322998129E-4
29.0	30.454309645097993	18.89790908624923	19.06777552695304	30.067336356393948	1.5126693853057924
30.0	30.659139835166744	19.24597759619697	19.4226127941505	30.67146322107048	8.06553415312923E-4
31.0	30.673454423344566	19.43855780346225	19.140345745343694	30.74764202784949	0.0
32.0	30.763267301282767	19.40478483840766	19.24994060653783	30.580565710324276	0.0014415434474642594
33.0	30.579357940675813	19.25495276962128	19.37658481239805	30.788468541666784	6.359356380763097E-4
34.0	30.570325024662154	19.39444065825291	19.283047518956547	30.75186911932147	3.176788069179979E-4
35.0	30.744402609237405	19.12687742674332	19.434128778961057	30.694497835312752	9.334974546324905E-5
36.0	30.755095100648443	19.221745562930437	19.36874159273183	30.654100620274743	3.1712341454615255E-4
37.0	30.65564013652498	19.360343448566127	19.329420104349047	30.653981198830394	6.151117294537305E-4
38.0	30.76153838703597	19.25222594817458	19.3547413757779	30.631419786520564	7.450249099078628E-5
39.0	30.646429882218236	19.27819306501336	19.42585764196756	30.649091343587592	4.2806721325266316E-4
40.0	30.638101759876683	19.224345686157744	19.28867698472006	30.84842921157986	4.4635766565355873E-4
41.0	30.770511719934078	19.204723471407288	19.30250032570602	30.72226448295261	0.0
42.0	30.637384181529665	19.277126334995454	19.414878996071533	30.669904730207598	7.057571957517874E-4
43.0	30.55463473213938	19.478199376727318	19.25999825528195	30.706629371771577	5.382640797818732E-4
44.0	30.781484735856747	19.31828278550697	19.292554877701544	30.60715821995525	5.193809794894597E-4
45.0	30.52537655873664	19.326016960715684	19.42549579986474	30.723110680682936	0.0
46.0	30.623513106893256	19.37713538231218	19.257016653202797	30.742334857591768	0.0
47.0	30.77939463771393	19.32785589853875	19.331652213816625	30.561097249930697	0.0
48.0	30.567141073417613	19.287416307563944	19.396896212309947	30.7485464067085	0.0
49.0	30.60464651640766	19.496998920554873	19.217656651352176	30.680457418340946	2.4049334434669522E-4
50.0	30.731304227558454	19.259746445601035	19.39228523649521	30.616664090345303	0.0
51.0	30.455255835134707	19.36066351832083	19.48077798839035	30.703302658154108	0.0
52.0	30.64168073306227	19.403977706340953	19.240686204870148	30.713655355726626	0.0
53.0	30.633854899448654	19.32822471471073	19.406429162743365	30.631491223097257	0.0
54.0	30.556441086666354	19.306545150672683	19.357455754568804	30.779558008092167	0.0
55.0	30.586291064842392	19.468660113858547	19.323993478191873	30.62105534310719	0.0
56.0	30.75857036370656	19.236237069540365	19.344035862097968	30.661156704655102	0.0
57.0	30.561382047332607	19.432744848956126	19.372962738337833	30.632855045715246	5.531965819089597E-5
58.0	30.49997151952461	19.495779451622735	19.360160773666124	30.64386704761069	2.212075758433216E-4
59.0	30.711173375439156	19.30913501727135	19.35885556494189	30.620817613679087	1.842866852132787E-5
60.0	30.574847029501957	19.399968016766877	19.445732043883353	30.57937921576228	7.369408553377732E-5
61.0	30.582438081373503	19.363356874371014	19.39115008258764	30.66305496166784	0.0
62.0	30.765090631620694	19.315706497982095	19.27810673985792	30.640562147686403	5.339828528899336E-4
63.0	30.475395911671004	19.41790592520893	19.359973019870967	30.746725143249094	0.0
64.0	30.53861356544504	19.424502406112296	19.275420255221277	30.7609484275146	5.153457067837532E-4
65.0	30.736298770305147	19.3564734946244	19.33632361262542	30.570517686351906	3.864360931310984E-4
66.0	30.53948083302071	19.320276118278475	19.4454047472341	30.694838301466714	0.0
67.0	30.619874116468022	19.529846199579996	19.143432025983163	30.706847657968822	0.0
68.0	30.689856164319313	19.33960034424478	19.529821519124475	30.440721972311437	0.0
69.0	30.48113678600296	19.43736338917155	19.454485432929314	30.62673852652951	2.758653666664521E-4
70.0	30.53373924572748	19.471032768752224	19.325003608893418	30.669985316171243	2.3906045563083916E-4
71.0	30.734863430743008	19.36300717337743	19.40842575340138	30.493685254389096	1.8388089078523208E-5
72.0	30.62292838174242	19.409993191366365	19.390080282303636	30.576998144587574	0.0
73.0	30.497049422901835	19.51348572588462	19.253361319199197	30.736029988218284	7.354379606599527E-5
74.0	30.80384441573904	19.300987909534594	19.33351130192482	30.561656372801544	0.0
75.0	30.530187859552733	19.34290982370092	19.406779240343702	30.72012307640264	0.0
76.0	30.606496386973987	19.43010820693013	19.179391558476897	30.7836177619977	3.860856212889818E-4
77.0	30.698366745915028	19.35667075257505	19.33150077247386	30.61346172903606	0.0
78.0	30.461513059428434	19.393102291807786	19.375855447171332	30.769474041108534	5.5160483911893264E-5
79.0	30.44040524247562	19.628723253045965	19.373704472785587	30.556836053392683	3.3097830014325845E-4
80.0	30.647601397640795	19.413275527990788	19.371072675151492	30.5679216759185	1.2872329842050998E-4
81.0	30.43381108712728	19.424643017997926	19.411548666389944	30.72988688282523	1.1034565961784724E-4
82.0	30.47607959294181	19.597657767418866	19.260588456875137	30.665416681381032	2.575013831502866E-4
83.0	30.693133599464478	19.470391546102245	19.22328729047507	30.61283805298844	3.495109697696925E-4
84.0	30.453872318018433	19.433206499770847	19.364598257251288	30.747752569497354	5.703554620826768E-4
85.0	30.545373243091056	19.50817590619514	19.213508370964952	30.732280016046342	6.624637025096333E-4
86.0	30.653896916711282	19.395143649564154	19.26551606154467	30.68496483784956	4.785343303289353E-4
87.0	30.37026973491886	19.51627606611602	19.347263734345972	30.76595114860641	2.3931601274486628E-4
88.0	30.39750296091591	19.694933592990438	19.219124717902787	30.6881256960362	3.13032154662927E-4
89.0	30.554373704030734	19.639075437245157	19.280025874260083	30.52599084896969	5.341354943350326E-4
90.0	30.44062373164145	19.57508249685	19.40867938161861	30.574693203468158	9.211864217858378E-4
91.0	30.435099105129172	19.692852791002565	19.31061884635784	30.561152823916593	2.7643359383206623E-4
92.0	30.62327491000913	19.615511740059436	19.391942473681116	30.36514162858634	0.0041292476639795215
93.0	30.436460629663536	19.600317533198538	19.367496733852043	30.59496907186079	7.560314250915766E-4
94.0	30.378075243912967	19.760159935187733	19.302345829222926	30.559160746078913	2.5824559746594666E-4
95.0	30.637828154694326	19.579553080934538	19.402703052305277	30.37976809100691	1.4762105895597589E-4
96.0	30.460857105832584	19.62590271750226	19.442802571191972	30.47038222686254	5.537861063926484E-5
97.0	30.450032741136717	19.738842806718708	19.37401827372772	30.43708771189868	1.8466518171238545E-5
98.0	30.48395821309783	19.599452280330198	19.468101536526593	30.44761968805399	8.682819913881205E-4
99.0	30.453287320020227	19.620253398509004	19.501301886959837	30.424972572398516	1.848221124132445E-4
100.0	30.413003148756317	19.73173165695512	19.462472220255034	30.392719011820457	7.396221307515098E-5
101.0	30.501729361253727	19.66758080342409	19.438275789090444	30.39208104984142	3.3299639031912897E-4
102.0	30.364221550264002	19.63536199769637	19.513869056003173	30.486454851138756	9.254489769439195E-5
103.0	30.319880518186626	19.83836992139793	19.439813258740536	30.401102966026755	8.333356481545783E-4
104.0	30.55126061319116	19.69059739585987	19.451490826219274	30.306465882614514	1.852821151806269E-4
105.0	30.368475302737053	19.687752589857105	19.547173589019152	30.39646874745093	1.2977093575967905E-4
106.0	30.401657566682466	19.69621788765979	19.489040601665543	30.411933886535703	0.0011500574564995405
107.0	30.52508391932237	19.655431949016403	19.555888830215228	30.262722930276198	8.723711698033359E-4
108.0	30.256862089965157	19.64569772760914	19.72684061468012	30.369020912355094	0.0015786553904859825
109.0	30.292583772918015	19.796243834616913	19.57881645088407	30.33205857957231	2.973620086952368E-4
110.0	30.35804387509055	19.70523661136482	19.691715696257383	30.244910826124194	9.299116304977537E-5
111.0	30.259357466179566	19.658984379143977	19.658146859608834	30.423455460431946	5.583463567621048E-5
112.0	30.31128195223274	19.705602039563857	19.63329795114203	30.34952004948416	2.980075772151602E-4
113.0	30.45832276314458	19.57922664802213	19.736004060443648	30.226316051408674	1.304769809714235E-4
114.0	30.379123207860566	19.655854011243452	19.823651390358453	30.141240808919544	1.3058161798832675E-4
115.0	30.11413515714588	19.964261349570005	19.642777794166136	30.27876968827727	5.601084071151691E-5
116.0	30.40803432561458	19.68938988914737	19.73263140309369	30.169122158024376	8.222241199819335E-4
117.0	30.245060722762666	19.63175427341235	19.8708483979029	30.252336605922082	0.0
118.0	30.238293863564202	19.722671952600333	19.78022163178989	30.258681502027905	1.3105001767303094E-4
119.0	30.323586510857425	19.62240744766174	19.817331404456905	30.236543463432554	1.311735913830194E-4
120.0	30.17503014332994	19.68284414979303	19.931512553655878	30.21018173032843	4.3142289272425925E-4
121.0	30.164263228236965	19.79662558521263	19.914879187178293	30.12423199937212	0.0
122.0	30.356088261951403	19.677669524800883	19.914086808637332	30.04882849578234	0.0033269088280371575
123.0	30.170584680044588	19.672070070381984	19.994701217139454	30.159821527359103	0.0028225050748641248
124.0	30.187890197768645	19.743936452416357	19.956594354063633	30.11146597002633	1.1302572503176964E-4
125.0	30.25223174210913	19.680159710812692	20.021955333475148	30.04474799456265	9.052190403772952E-4
126.0	30.144513046804466	19.65807528151365	20.088110251473317	30.108583971516534	7.174486920343937E-4
127.0	30.156422978075607	19.819997425618425	20.00137602774435	30.020521336841195	0.0016822317204259409
128.0	30.149008862569154	19.636584518935734	20.110793941246097	30.103026065433706	5.866118153081084E-4
129.0	29.993670306919068	19.78975415744889	20.083238968932594	30.12988848486548	0.0034480818339703125
130.0	30.169447223293925	19.74614403810647	20.09019026298728	29.99247339607274	0.001745079539587319
131.0	30.11325890359395	19.646894913984692	20.26355542100991	29.973366039573385	0.00292472183806233
132.0	29.991551322152475	19.781315586355927	20.24421489952767	29.98133988842725	0.0015783035366739744
133.0	29.91171066535924	19.85527555906741	20.221437343513486	30.01068154339734	8.948886625222531E-4
134.0	30.081136049586828	19.722038776313262	20.255377041079342	29.94070460514476	7.435278758133051E-4
135.0	29.96796670675601	19.752438768302692	20.370616421358072	29.90853902983793	4.3907374529904736E-4
136.0	29.921895922527113	19.86688720872019	20.333649822522013	29.877280313525013	2.867327056690688E-4
137.0	30.036311988315845	19.6464318733885	20.3976516843824	29.91843680431533	0.0011676495979265605
138.0	29.826425414720468	19.650056124123253	20.53061831609229	29.99199924554457	9.008995194180266E-4
139.0	29.87489879770328	19.886169729639672	20.374455215896315	29.862863929985096	0.001612326775642042
140.0	29.972351690191307	19.702515411856787	20.577981150557196	29.746382884496803	7.688628979057713E-4
141.0	29.86805868224997	19.733276149715078	20.55618896850236	29.84070525264771	0.0017709468848755554
142.0	29.82718867357089	19.815216804571286	20.62639286237556	29.729775059955738	0.0014265995265231842
143.0	29.878047603141106	19.738119005921913	20.691378954136553	29.690620130641214	0.0018343061592139128
144.0	29.682153953566182	19.72378367244712	20.713536282645002	29.87895953746046	0.0015665538812339415
145.0	29.759779883955513	19.795836246651017	20.712463342568768	29.730699984752913	0.0012205420717946096
146.0	29.86274772764898	19.66977862906098	20.692411794468804	29.773548015587824	0.0015138332334138705
147.0	29.704333071939352	19.76838626561362	20.84303836267792	29.682783628023923	0.0014586717451782146
148.0	29.630589120966665	19.849735859398958	20.7686578234487	29.74980862696205	0.001208569223628776
149.0	29.784665506796497	19.712018976412292	20.892807085238687	29.61017494762831	3.334839242112664E-4
150.0	29.54190231555175	19.582972244508408	20.95984758023964	29.914291502791684	9.863569085128323E-4
