#Coverage	Number of genomic locations
0.0	18332.0
1.0	2720.0
2.0	6629.0
3.0	4635.0
4.0	6787.0
5.0	7336.0
6.0	10642.0
7.0	12031.0
8.0	14669.0
9.0	18488.0
10.0	21356.0
11.0	25077.0
12.0	29513.0
13.0	33697.0
14.0	38827.0
15.0	44718.0
16.0	49786.0
17.0	55291.0
18.0	61492.0
19.0	67817.0
20.0	73943.0
21.0	77983.0
22.0	83898.0
23.0	90589.0
24.0	95767.0
25.0	102546.0
26.0	108714.0
27.0	113950.0
28.0	122284.0
29.0	126448.0
30.0	131079.0
31.0	137477.0
32.0	143129.0
33.0	146807.0
34.0	151575.0
35.0	155841.0
36.0	160518.0
37.0	164130.0
38.0	166004.0
39.0	169120.0
40.0	172042.0
41.0	173272.0
42.0	173850.0
43.0	174329.0
44.0	177013.0
45.0	177815.0
46.0	179215.0
47.0	179667.0
48.0	178345.0
49.0	177351.0
50.0	176624.0
51.0	174456.0
52.0	173368.0
53.0	171215.0
54.0	170068.0
55.0	167509.0
56.0	166220.0
57.0	162926.0
58.0	160717.0
59.0	156637.0
60.0	155702.0
61.0	153525.0
62.0	149492.0
63.0	146326.0
64.0	145070.0
65.0	140402.0
66.0	137920.0
67.0	134921.0
68.0	132548.0
69.0	126937.0
70.0	124601.0
71.0	121971.0
72.0	118623.0
73.0	115275.0
74.0	113167.0
75.0	109950.0
76.0	105600.0
77.0	103931.0
78.0	99848.0
79.0	96741.0
80.0	94828.0
81.0	92955.0
82.0	90053.0
83.0	87945.0
84.0	85562.0
85.0	82671.0
86.0	79838.0
87.0	78215.0
88.0	75662.0
89.0	73554.0
90.0	71180.0
91.0	68852.0
92.0	66828.0
93.0	64874.0
94.0	62734.0
95.0	60643.0
96.0	59606.0
97.0	56909.0
98.0	55334.0
99.0	54400.0
100.0	52160.0
101.0	49893.0
102.0	48232.0
103.0	47994.0
104.0	45726.0
105.0	44940.0
106.0	42900.0
107.0	41368.0
108.0	40137.0
109.0	38914.0
110.0	37285.0
111.0	36075.0
112.0	34638.0
113.0	34442.0
114.0	32674.0
115.0	31440.0
116.0	30230.0
117.0	29623.0
118.0	28243.0
119.0	27471.0
120.0	26642.0
121.0	25226.0
122.0	24226.0
123.0	23435.0
124.0	23285.0
125.0	22113.0
126.0	20993.0
127.0	20881.0
128.0	19600.0
129.0	19236.0
130.0	18821.0
131.0	17954.0
132.0	16958.0
133.0	16648.0
134.0	15999.0
135.0	15323.0
136.0	14723.0
137.0	14548.0
138.0	14083.0
139.0	13519.0
140.0	13254.0
141.0	12847.0
142.0	12139.0
143.0	11868.0
144.0	11456.0
145.0	10703.0
146.0	10329.0
147.0	10210.0
148.0	9758.0
149.0	9586.0
150.0	9221.0
151.0	8967.0
152.0	8739.0
153.0	8210.0
154.0	8172.0
155.0	7830.0
156.0	7506.0
157.0	7358.0
158.0	7206.0
159.0	6911.0
160.0	6712.0
161.0	6423.0
162.0	6191.0
163.0	6025.0
164.0	5726.0
165.0	5682.0
166.0	5518.0
167.0	5387.0
168.0	4984.0
169.0	5014.0
170.0	4910.0
171.0	4635.0
172.0	4509.0
173.0	4300.0
174.0	4145.0
175.0	4099.0
176.0	3970.0
177.0	3837.0
178.0	3978.0
179.0	3773.0
180.0	3691.0
181.0	3505.0
182.0	3482.0
183.0	3481.0
184.0	3341.0
185.0	3322.0
186.0	3152.0
187.0	3106.0
188.0	2885.0
189.0	3038.0
190.0	2896.0
191.0	2792.0
192.0	2717.0
193.0	2637.0
194.0	2620.0
195.0	2573.0
196.0	2518.0
197.0	2623.0
198.0	2416.0
199.0	2357.0
200.0	2263.0
201.0	2248.0
202.0	2189.0
203.0	2039.0
204.0	2196.0
205.0	2144.0
206.0	2009.0
207.0	2043.0
208.0	2015.0
209.0	1979.0
210.0	1827.0
211.0	1880.0
212.0	1803.0
213.0	1724.0
214.0	1685.0
215.0	1564.0
216.0	1592.0
217.0	1538.0
218.0	1558.0
219.0	1522.0
220.0	1542.0
221.0	1594.0
222.0	1569.0
223.0	1491.0
224.0	1498.0
225.0	1438.0
226.0	1428.0
227.0	1364.0
228.0	1317.0
229.0	1210.0
230.0	1255.0
231.0	1205.0
232.0	1176.0
233.0	1229.0
234.0	1176.0
235.0	1207.0
236.0	1124.0
237.0	1113.0
238.0	1080.0
239.0	1022.0
240.0	1014.0
241.0	1053.0
242.0	993.0
243.0	1034.0
244.0	957.0
245.0	931.0
246.0	980.0
247.0	912.0
248.0	911.0
249.0	826.0
250.0	907.0
251.0	947.0
252.0	820.0
253.0	826.0
254.0	863.0
255.0	805.0
256.0	821.0
257.0	738.0
258.0	751.0
259.0	722.0
260.0	681.0
261.0	726.0
262.0	614.0
263.0	601.0
264.0	667.0
265.0	630.0
266.0	651.0
267.0	579.0
268.0	615.0
269.0	579.0
270.0	583.0
271.0	566.0
272.0	600.0
273.0	515.0
274.0	507.0
275.0	505.0
276.0	463.0
277.0	456.0
278.0	518.0
279.0	483.0
280.0	436.0
281.0	475.0
282.0	452.0
283.0	437.0
284.0	415.0
285.0	463.0
286.0	437.0
287.0	446.0
288.0	449.0
289.0	437.0
290.0	400.0
291.0	427.0
292.0	366.0
293.0	370.0
294.0	373.0
295.0	348.0
296.0	304.0
297.0	325.0
298.0	337.0
299.0	313.0
300.0	336.0
301.0	339.0
302.0	345.0
303.0	299.0
304.0	309.0
305.0	319.0
306.0	325.0
307.0	312.0
308.0	266.0
309.0	303.0
310.0	269.0
311.0	298.0
312.0	258.0
313.0	284.0
314.0	268.0
315.0	280.0
316.0	283.0
317.0	245.0
318.0	281.0
319.0	303.0
320.0	268.0
321.0	282.0
322.0	287.0
323.0	284.0
324.0	277.0
325.0	236.0
326.0	222.0
327.0	229.0
328.0	225.0
329.0	231.0
330.0	227.0
331.0	222.0
332.0	236.0
333.0	209.0
334.0	227.0
335.0	229.0
336.0	220.0
337.0	201.0
338.0	183.0
339.0	207.0
340.0	238.0
341.0	222.0
342.0	188.0
343.0	171.0
344.0	190.0
345.0	194.0
346.0	215.0
347.0	197.0
348.0	208.0
349.0	233.0
350.0	164.0
351.0	173.0
352.0	190.0
353.0	195.0
354.0	194.0
355.0	172.0
356.0	204.0
357.0	160.0
358.0	148.0
359.0	151.0
360.0	179.0
361.0	146.0
362.0	148.0
363.0	136.0
364.0	151.0
365.0	120.0
366.0	138.0
367.0	150.0
368.0	143.0
369.0	125.0
370.0	139.0
371.0	132.0
372.0	160.0
373.0	127.0
374.0	156.0
375.0	160.0
376.0	136.0
377.0	137.0
378.0	126.0
379.0	122.0
380.0	121.0
381.0	147.0
382.0	117.0
383.0	106.0
384.0	129.0
385.0	102.0
386.0	103.0
387.0	122.0
388.0	108.0
389.0	131.0
390.0	108.0
391.0	103.0
392.0	112.0
393.0	99.0
394.0	87.0
395.0	93.0
396.0	105.0
397.0	120.0
398.0	113.0
399.0	79.0
400.0	100.0
401.0	83.0
402.0	77.0
403.0	58.0
404.0	81.0
405.0	78.0
406.0	71.0
407.0	58.0
408.0	71.0
409.0	82.0
410.0	93.0
411.0	83.0
412.0	85.0
413.0	81.0
414.0	74.0
415.0	61.0
416.0	94.0
417.0	91.0
418.0	71.0
419.0	69.0
420.0	72.0
421.0	83.0
422.0	75.0
423.0	65.0
424.0	72.0
425.0	60.0
426.0	55.0
427.0	81.0
428.0	77.0
429.0	68.0
430.0	58.0
431.0	55.0
432.0	59.0
433.0	50.0
434.0	43.0
435.0	60.0
436.0	61.0
437.0	64.0
438.0	55.0
439.0	70.0
440.0	69.0
441.0	64.0
442.0	71.0
443.0	53.0
444.0	58.0
445.0	49.0
446.0	69.0
447.0	55.0
448.0	55.0
449.0	78.0
450.0	53.0
451.0	48.0
452.0	50.0
453.0	67.0
454.0	53.0
455.0	67.0
456.0	48.0
457.0	67.0
458.0	53.0
459.0	64.0
460.0	58.0
461.0	59.0
462.0	52.0
463.0	61.0
464.0	52.0
465.0	58.0
466.0	54.0
467.0	58.0
468.0	66.0
469.0	75.0
470.0	68.0
471.0	53.0
472.0	49.0
473.0	63.0
474.0	39.0
475.0	52.0
476.0	39.0
477.0	57.0
478.0	51.0
479.0	45.0
480.0	42.0
481.0	58.0
482.0	52.0
483.0	53.0
484.0	34.0
485.0	51.0
486.0	60.0
487.0	70.0
488.0	58.0
489.0	42.0
490.0	40.0
491.0	62.0
492.0	46.0
493.0	45.0
494.0	45.0
495.0	54.0
496.0	31.0
497.0	36.0
498.0	33.0
499.0	42.0
500.0	45.0
501.0	47.0
502.0	39.0
503.0	37.0
504.0	42.0
505.0	41.0
506.0	37.0
507.0	40.0
508.0	66.0
509.0	59.0
510.0	47.0
511.0	44.0
512.0	47.0
513.0	46.0
514.0	42.0
515.0	37.0
516.0	51.0
517.0	32.0
518.0	25.0
519.0	35.0
520.0	36.0
521.0	23.0
522.0	37.0
523.0	33.0
524.0	38.0
525.0	42.0
526.0	28.0
527.0	39.0
528.0	38.0
529.0	27.0
530.0	28.0
531.0	47.0
532.0	26.0
533.0	31.0
534.0	32.0
535.0	33.0
536.0	34.0
537.0	37.0
538.0	41.0
539.0	38.0
540.0	39.0
541.0	26.0
542.0	23.0
543.0	35.0
544.0	29.0
545.0	20.0
546.0	26.0
547.0	41.0
548.0	33.0
549.0	34.0
550.0	31.0
551.0	39.0
552.0	46.0
553.0	34.0
554.0	23.0
555.0	28.0
556.0	38.0
557.0	29.0
558.0	28.0
559.0	34.0
560.0	30.0
561.0	17.0
562.0	32.0
563.0	24.0
564.0	20.0
565.0	25.0
566.0	31.0
567.0	34.0
568.0	26.0
569.0	33.0
570.0	21.0
571.0	25.0
572.0	18.0
573.0	16.0
574.0	24.0
575.0	30.0
576.0	29.0
577.0	26.0
578.0	24.0
579.0	25.0
580.0	38.0
581.0	24.0
582.0	31.0
583.0	33.0
584.0	23.0
585.0	28.0
586.0	30.0
587.0	28.0
588.0	33.0
589.0	19.0
590.0	20.0
591.0	29.0
592.0	35.0
593.0	27.0
594.0	34.0
595.0	35.0
596.0	31.0
597.0	30.0
598.0	33.0
599.0	28.0
600.0	24.0
601.0	28.0
602.0	27.0
603.0	29.0
604.0	26.0
605.0	21.0
606.0	14.0
607.0	21.0
608.0	24.0
609.0	25.0
610.0	21.0
611.0	15.0
612.0	17.0
613.0	19.0
614.0	21.0
615.0	30.0
616.0	32.0
617.0	22.0
618.0	16.0
619.0	20.0
620.0	18.0
621.0	16.0
622.0	29.0
623.0	22.0
624.0	31.0
625.0	27.0
626.0	22.0
627.0	18.0
628.0	25.0
629.0	22.0
630.0	17.0
631.0	23.0
632.0	22.0
633.0	13.0
634.0	23.0
635.0	12.0
636.0	26.0
637.0	23.0
638.0	15.0
639.0	16.0
640.0	19.0
641.0	15.0
642.0	23.0
643.0	24.0
644.0	28.0
645.0	25.0
646.0	21.0
647.0	34.0
648.0	26.0
649.0	30.0
650.0	24.0
651.0	22.0
652.0	29.0
653.0	19.0
654.0	27.0
655.0	22.0
656.0	26.0
657.0	19.0
658.0	24.0
659.0	22.0
660.0	19.0
661.0	22.0
662.0	21.0
663.0	36.0
664.0	25.0
665.0	21.0
666.0	23.0
667.0	14.0
668.0	26.0
669.0	23.0
670.0	16.0
671.0	20.0
672.0	16.0
673.0	23.0
674.0	16.0
675.0	30.0
676.0	14.0
677.0	22.0
678.0	28.0
679.0	22.0
680.0	23.0
681.0	22.0
682.0	16.0
683.0	13.0
684.0	23.0
685.0	18.0
686.0	10.0
687.0	21.0
688.0	26.0
689.0	17.0
690.0	30.0
691.0	17.0
692.0	26.0
693.0	30.0
694.0	26.0
695.0	17.0
696.0	18.0
697.0	25.0
698.0	20.0
699.0	29.0
700.0	15.0
701.0	32.0
702.0	25.0
703.0	22.0
704.0	23.0
705.0	20.0
706.0	29.0
707.0	21.0
708.0	22.0
709.0	17.0
710.0	15.0
711.0	26.0
712.0	20.0
713.0	25.0
714.0	19.0
715.0	20.0
716.0	22.0
717.0	21.0
718.0	28.0
719.0	14.0
720.0	35.0
721.0	19.0
722.0	33.0
723.0	28.0
724.0	17.0
725.0	19.0
726.0	25.0
727.0	20.0
728.0	18.0
729.0	16.0
730.0	23.0
731.0	28.0
732.0	20.0
733.0	25.0
734.0	27.0
735.0	23.0
736.0	28.0
737.0	26.0
738.0	25.0
739.0	22.0
740.0	34.0
741.0	26.0
742.0	25.0
743.0	23.0
744.0	30.0
745.0	18.0
746.0	24.0
747.0	23.0
748.0	25.0
749.0	17.0
750.0	24.0
751.0	17.0
752.0	10.0
753.0	19.0
754.0	17.0
755.0	19.0
756.0	27.0
757.0	23.0
758.0	25.0
759.0	23.0
760.0	13.0
761.0	29.0
762.0	14.0
763.0	21.0
764.0	29.0
765.0	30.0
766.0	27.0
767.0	35.0
768.0	19.0
769.0	26.0
770.0	26.0
771.0	35.0
772.0	30.0
773.0	33.0
774.0	27.0
775.0	25.0
776.0	30.0
777.0	26.0
778.0	27.0
779.0	32.0
780.0	24.0
781.0	24.0
782.0	23.0
783.0	34.0
784.0	31.0
785.0	35.0
786.0	30.0
787.0	25.0
788.0	31.0
789.0	19.0
790.0	21.0
791.0	23.0
792.0	28.0
793.0	21.0
794.0	16.0
795.0	16.0
796.0	21.0
797.0	17.0
798.0	19.0
799.0	28.0
800.0	36.0
801.0	29.0
802.0	33.0
803.0	20.0
804.0	28.0
805.0	25.0
806.0	28.0
807.0	30.0
808.0	32.0
809.0	27.0
810.0	22.0
811.0	27.0
812.0	26.0
813.0	30.0
814.0	35.0
815.0	30.0
816.0	31.0
817.0	25.0
818.0	32.0
819.0	20.0
820.0	22.0
821.0	28.0
822.0	22.0
823.0	27.0
824.0	20.0
825.0	23.0
826.0	28.0
827.0	28.0
828.0	25.0
829.0	36.0
830.0	26.0
831.0	24.0
832.0	19.0
833.0	30.0
834.0	21.0
835.0	25.0
836.0	20.0
837.0	19.0
838.0	20.0
839.0	30.0
840.0	23.0
841.0	21.0
842.0	17.0
843.0	26.0
844.0	21.0
845.0	26.0
846.0	18.0
847.0	30.0
848.0	22.0
849.0	30.0
850.0	17.0
851.0	26.0
852.0	30.0
853.0	26.0
854.0	27.0
855.0	17.0
856.0	27.0
857.0	24.0
858.0	25.0
859.0	36.0
860.0	25.0
861.0	18.0
862.0	23.0
863.0	42.0
864.0	24.0
865.0	18.0
866.0	27.0
867.0	16.0
868.0	20.0
869.0	27.0
870.0	24.0
871.0	26.0
872.0	32.0
873.0	21.0
874.0	24.0
875.0	24.0
876.0	25.0
877.0	23.0
878.0	27.0
879.0	26.0
880.0	28.0
881.0	22.0
882.0	25.0
883.0	26.0
884.0	27.0
885.0	25.0
886.0	26.0
887.0	19.0
888.0	29.0
889.0	25.0
890.0	21.0
891.0	26.0
892.0	18.0
893.0	17.0
894.0	14.0
895.0	22.0
896.0	26.0
897.0	17.0
898.0	8.0
899.0	16.0
900.0	19.0
901.0	23.0
902.0	19.0
903.0	22.0
904.0	21.0
905.0	13.0
906.0	20.0
907.0	21.0
908.0	11.0
909.0	19.0
910.0	14.0
911.0	20.0
912.0	24.0
913.0	20.0
914.0	15.0
915.0	26.0
916.0	25.0
917.0	22.0
918.0	22.0
919.0	19.0
920.0	15.0
921.0	18.0
922.0	21.0
923.0	29.0
924.0	11.0
925.0	15.0
926.0	28.0
927.0	23.0
928.0	21.0
929.0	22.0
930.0	18.0
931.0	22.0
932.0	27.0
933.0	20.0
934.0	19.0
935.0	19.0
936.0	13.0
937.0	19.0
938.0	7.0
939.0	5.0
940.0	22.0
941.0	15.0
942.0	19.0
943.0	13.0
944.0	17.0
945.0	11.0
946.0	13.0
947.0	18.0
948.0	22.0
949.0	15.0
950.0	16.0
951.0	11.0
952.0	7.0
953.0	13.0
954.0	10.0
955.0	13.0
956.0	22.0
957.0	15.0
958.0	14.0
959.0	10.0
960.0	13.0
961.0	9.0
962.0	19.0
963.0	22.0
964.0	23.0
965.0	19.0
966.0	19.0
967.0	19.0
968.0	24.0
969.0	17.0
970.0	13.0
971.0	29.0
972.0	16.0
973.0	13.0
974.0	13.0
975.0	17.0
976.0	25.0
977.0	27.0
978.0	22.0
979.0	12.0
980.0	23.0
981.0	22.0
982.0	19.0
983.0	19.0
984.0	15.0
985.0	25.0
986.0	18.0
987.0	13.0
988.0	16.0
989.0	12.0
990.0	15.0
991.0	16.0
992.0	10.0
993.0	11.0
994.0	17.0
995.0	15.0
996.0	12.0
997.0	14.0
998.0	12.0
999.0	7.0
1000.0	11.0
1001.0	15.0
1002.0	17.0
1003.0	12.0
1004.0	15.0
1005.0	18.0
1006.0	13.0
1007.0	13.0
1008.0	20.0
1009.0	17.0
1010.0	13.0
1011.0	18.0
1012.0	14.0
1013.0	9.0
1014.0	20.0
1015.0	19.0
1016.0	12.0
1017.0	16.0
1018.0	8.0
1019.0	11.0
1020.0	15.0
1021.0	16.0
1022.0	8.0
1023.0	19.0
1024.0	8.0
1025.0	9.0
1026.0	13.0
1027.0	14.0
1028.0	16.0
1029.0	14.0
1030.0	16.0
1031.0	18.0
1032.0	16.0
1033.0	19.0
1034.0	12.0
1035.0	11.0
1036.0	23.0
1037.0	22.0
1038.0	31.0
1039.0	27.0
1040.0	16.0
1041.0	10.0
1042.0	20.0
1043.0	15.0
1044.0	20.0
1045.0	9.0
1046.0	12.0
1047.0	15.0
1048.0	12.0
1049.0	16.0
1050.0	10.0
1051.0	19.0
1052.0	19.0
1053.0	20.0
1054.0	25.0
1055.0	20.0
1056.0	18.0
1057.0	15.0
1058.0	13.0
1059.0	12.0
1060.0	14.0
1061.0	19.0
1062.0	24.0
1063.0	14.0
1064.0	20.0
1065.0	12.0
1066.0	26.0
1067.0	21.0
1068.0	13.0
1069.0	16.0
1070.0	19.0
1071.0	15.0
1072.0	22.0
1073.0	7.0
1074.0	14.0
1075.0	8.0
1076.0	15.0
1077.0	17.0
1078.0	13.0
1079.0	13.0
1080.0	23.0
1081.0	13.0
1082.0	18.0
1083.0	13.0
1084.0	21.0
1085.0	10.0
1086.0	21.0
1087.0	20.0
1088.0	24.0
1089.0	21.0
1090.0	16.0
1091.0	22.0
1092.0	19.0
1093.0	18.0
1094.0	18.0
1095.0	15.0
1096.0	10.0
1097.0	9.0
1098.0	7.0
1099.0	15.0
1100.0	13.0
1101.0	14.0
1102.0	13.0
1103.0	18.0
1104.0	13.0
1105.0	19.0
1106.0	22.0
1107.0	10.0
1108.0	12.0
1109.0	12.0
1110.0	11.0
1111.0	20.0
1112.0	16.0
1113.0	13.0
1114.0	9.0
1115.0	14.0
1116.0	8.0
1117.0	18.0
1118.0	16.0
1119.0	10.0
1120.0	15.0
1121.0	11.0
1122.0	13.0
1123.0	15.0
1124.0	16.0
1125.0	22.0
1126.0	16.0
1127.0	15.0
1128.0	9.0
1129.0	17.0
1130.0	10.0
1131.0	10.0
1132.0	20.0
1133.0	23.0
1134.0	13.0
1135.0	14.0
1136.0	16.0
1137.0	23.0
1138.0	20.0
1139.0	8.0
1140.0	18.0
1141.0	12.0
1142.0	10.0
1143.0	15.0
1144.0	21.0
1145.0	12.0
1146.0	15.0
1147.0	17.0
1148.0	14.0
1149.0	17.0
1150.0	15.0
1151.0	8.0
1152.0	16.0
1153.0	18.0
1154.0	17.0
1155.0	18.0
1156.0	16.0
1157.0	23.0
1158.0	17.0
1159.0	22.0
1160.0	19.0
1161.0	13.0
1162.0	16.0
1163.0	15.0
1164.0	9.0
1165.0	18.0
1166.0	14.0
1167.0	19.0
1168.0	20.0
1169.0	16.0
1170.0	21.0
1171.0	16.0
1172.0	18.0
1173.0	16.0
1174.0	17.0
1175.0	21.0
1176.0	12.0
1177.0	20.0
1178.0	15.0
1179.0	15.0
1180.0	15.0
1181.0	17.0
1182.0	18.0
1183.0	21.0
1184.0	14.0
1185.0	29.0
1186.0	19.0
1187.0	18.0
1188.0	23.0
1189.0	21.0
1190.0	17.0
1191.0	27.0
1192.0	16.0
1193.0	25.0
1194.0	27.0
1195.0	18.0
1196.0	23.0
1197.0	24.0
1198.0	18.0
1199.0	21.0
1200.0	27.0
1201.0	28.0
1202.0	20.0
1203.0	28.0
1204.0	17.0
1205.0	26.0
1206.0	17.0
1207.0	19.0
1208.0	22.0
1209.0	26.0
1210.0	22.0
1211.0	16.0
1212.0	20.0
1213.0	15.0
1214.0	32.0
1215.0	35.0
1216.0	17.0
1217.0	15.0
1218.0	20.0
1219.0	17.0
1220.0	21.0
1221.0	23.0
1222.0	17.0
1223.0	23.0
1224.0	19.0
1225.0	17.0
1226.0	17.0
1227.0	20.0
1228.0	20.0
1229.0	21.0
1230.0	18.0
1231.0	23.0
1232.0	15.0
1233.0	33.0
1234.0	26.0
1235.0	26.0
1236.0	24.0
1237.0	13.0
1238.0	17.0
1239.0	19.0
1240.0	25.0
1241.0	25.0
1242.0	12.0
1243.0	14.0
1244.0	16.0
1245.0	13.0
1246.0	20.0
1247.0	18.0
1248.0	24.0
1249.0	25.0
1250.0	20.0
1251.0	22.0
1252.0	23.0
1253.0	34.0
1254.0	28.0
1255.0	17.0
1256.0	26.0
1257.0	28.0
1258.0	23.0
1259.0	20.0
1260.0	25.0
1261.0	31.0
1262.0	17.0
1263.0	27.0
1264.0	29.0
1265.0	31.0
1266.0	26.0
1267.0	35.0
1268.0	23.0
1269.0	21.0
1270.0	13.0
1271.0	19.0
1272.0	21.0
1273.0	23.0
1274.0	20.0
1275.0	20.0
1276.0	22.0
1277.0	28.0
1278.0	21.0
1279.0	16.0
1280.0	25.0
1281.0	17.0
1282.0	31.0
1283.0	26.0
1284.0	23.0
1285.0	16.0
1286.0	21.0
1287.0	23.0
1288.0	18.0
1289.0	19.0
1290.0	21.0
1291.0	22.0
1292.0	19.0
1293.0	18.0
1294.0	22.0
1295.0	33.0
1296.0	21.0
1297.0	28.0
1298.0	28.0
1299.0	30.0
1300.0	32.0
1301.0	19.0
1302.0	25.0
1303.0	24.0
1304.0	21.0
1305.0	27.0
1306.0	29.0
1307.0	32.0
1308.0	37.0
1309.0	28.0
1310.0	34.0
1311.0	26.0
1312.0	22.0
1313.0	27.0
1314.0	26.0
1315.0	35.0
1316.0	30.0
1317.0	24.0
1318.0	25.0
1319.0	29.0
1320.0	24.0
1321.0	23.0
1322.0	33.0
1323.0	24.0
1324.0	25.0
1325.0	29.0
1326.0	27.0
1327.0	27.0
1328.0	24.0
1329.0	26.0
1330.0	26.0
1331.0	25.0
1332.0	19.0
1333.0	30.0
1334.0	25.0
1335.0	25.0
1336.0	30.0
1337.0	27.0
1338.0	20.0
1339.0	21.0
1340.0	25.0
1341.0	26.0
1342.0	27.0
1343.0	27.0
1344.0	37.0
1345.0	17.0
1346.0	22.0
1347.0	30.0
1348.0	36.0
1349.0	34.0
1350.0	25.0
1351.0	34.0
1352.0	26.0
1353.0	30.0
1354.0	24.0
1355.0	28.0
1356.0	31.0
1357.0	26.0
1358.0	28.0
1359.0	28.0
1360.0	28.0
1361.0	30.0
1362.0	24.0
1363.0	22.0
1364.0	19.0
1365.0	30.0
1366.0	22.0
1367.0	19.0
1368.0	26.0
1369.0	29.0
1370.0	16.0
1371.0	24.0
1372.0	24.0
1373.0	29.0
1374.0	27.0
1375.0	21.0
1376.0	16.0
1377.0	22.0
1378.0	23.0
1379.0	21.0
1380.0	30.0
1381.0	24.0
1382.0	35.0
1383.0	24.0
1384.0	23.0
1385.0	17.0
1386.0	29.0
1387.0	22.0
1388.0	31.0
1389.0	23.0
1390.0	21.0
1391.0	23.0
1392.0	28.0
1393.0	32.0
1394.0	22.0
1395.0	34.0
1396.0	33.0
1397.0	22.0
1398.0	18.0
1399.0	20.0
1400.0	33.0
1401.0	25.0
1402.0	27.0
1403.0	20.0
1404.0	35.0
1405.0	28.0
1406.0	28.0
1407.0	25.0
1408.0	25.0
1409.0	31.0
1410.0	37.0
1411.0	27.0
1412.0	24.0
1413.0	21.0
1414.0	19.0
1415.0	31.0
1416.0	34.0
1417.0	17.0
1418.0	31.0
1419.0	24.0
1420.0	22.0
1421.0	24.0
1422.0	26.0
1423.0	24.0
1424.0	30.0
1425.0	24.0
1426.0	25.0
1427.0	24.0
1428.0	25.0
1429.0	17.0
1430.0	19.0
1431.0	22.0
1432.0	23.0
1433.0	25.0
1434.0	27.0
1435.0	24.0
1436.0	22.0
1437.0	22.0
1438.0	22.0
1439.0	39.0
1440.0	29.0
1441.0	22.0
1442.0	31.0
1443.0	25.0
1444.0	20.0
1445.0	22.0
1446.0	29.0
1447.0	25.0
1448.0	24.0
1449.0	14.0
1450.0	21.0
1451.0	21.0
1452.0	25.0
1453.0	9.0
1454.0	14.0
1455.0	22.0
1456.0	38.0
1457.0	23.0
1458.0	26.0
1459.0	23.0
1460.0	18.0
1461.0	17.0
1462.0	19.0
1463.0	23.0
1464.0	20.0
1465.0	19.0
1466.0	23.0
1467.0	12.0
1468.0	20.0
1469.0	12.0
1470.0	15.0
1471.0	21.0
1472.0	27.0
1473.0	14.0
1474.0	11.0
1475.0	17.0
1476.0	15.0
1477.0	17.0
1478.0	15.0
1479.0	24.0
1480.0	17.0
1481.0	16.0
1482.0	13.0
1483.0	8.0
1484.0	17.0
1485.0	17.0
1486.0	11.0
1487.0	22.0
1488.0	17.0
1489.0	20.0
1490.0	18.0
1491.0	18.0
1492.0	11.0
1493.0	14.0
1494.0	15.0
1495.0	20.0
1496.0	8.0
1497.0	27.0
1498.0	19.0
1499.0	17.0
1500.0	13.0
1501.0	20.0
1502.0	8.0
1503.0	18.0
1504.0	12.0
1505.0	15.0
1506.0	16.0
1507.0	13.0
1508.0	10.0
1509.0	11.0
1510.0	16.0
1511.0	15.0
1512.0	16.0
1513.0	12.0
1514.0	9.0
1515.0	12.0
1516.0	11.0
1517.0	9.0
1518.0	9.0
1519.0	15.0
1520.0	9.0
1521.0	16.0
1522.0	15.0
1523.0	12.0
1524.0	22.0
1525.0	13.0
1526.0	6.0
1527.0	13.0
1528.0	17.0
1529.0	13.0
1530.0	8.0
1531.0	14.0
1532.0	16.0
1533.0	17.0
1534.0	16.0
1535.0	10.0
1536.0	16.0
1537.0	13.0
1538.0	16.0
1539.0	21.0
1540.0	12.0
1541.0	9.0
1542.0	17.0
1543.0	9.0
1544.0	17.0
1545.0	20.0
1546.0	10.0
1547.0	20.0
1548.0	15.0
1549.0	10.0
1550.0	14.0
1551.0	9.0
1552.0	18.0
1553.0	14.0
1554.0	17.0
1555.0	14.0
1556.0	11.0
1557.0	17.0
1558.0	10.0
1559.0	8.0
1560.0	12.0
1561.0	11.0
1562.0	4.0
1563.0	14.0
1564.0	11.0
1565.0	15.0
1566.0	17.0
1567.0	15.0
1568.0	18.0
1569.0	11.0
1570.0	12.0
1571.0	17.0
1572.0	12.0
1573.0	12.0
1574.0	7.0
1575.0	13.0
1576.0	12.0
1577.0	10.0
1578.0	9.0
1579.0	8.0
1580.0	11.0
1581.0	13.0
1582.0	9.0
1583.0	10.0
1584.0	9.0
1585.0	12.0
1586.0	8.0
1587.0	10.0
1588.0	6.0
1589.0	12.0
1590.0	9.0
1591.0	13.0
1592.0	13.0
1593.0	10.0
1594.0	9.0
1595.0	9.0
1596.0	12.0
1597.0	5.0
1598.0	11.0
1599.0	16.0
1600.0	9.0
1601.0	11.0
1602.0	16.0
1603.0	12.0
1604.0	13.0
1605.0	8.0
1606.0	10.0
1607.0	12.0
1608.0	9.0
1609.0	7.0
1610.0	11.0
1611.0	11.0
1612.0	9.0
1613.0	12.0
1614.0	7.0
1615.0	9.0
1616.0	10.0
1617.0	10.0
1618.0	6.0
1619.0	8.0
1620.0	13.0
1621.0	11.0
1622.0	12.0
1623.0	9.0
1624.0	6.0
1625.0	8.0
1626.0	10.0
1627.0	13.0
1628.0	13.0
1629.0	13.0
1630.0	8.0
1631.0	12.0
1632.0	9.0
1633.0	8.0
1634.0	13.0
1635.0	14.0
1636.0	11.0
1637.0	15.0
1638.0	7.0
1639.0	6.0
1640.0	9.0
1641.0	3.0
1642.0	12.0
1643.0	8.0
1644.0	6.0
1645.0	8.0
1646.0	4.0
1647.0	10.0
1648.0	7.0
1649.0	5.0
1650.0	12.0
1651.0	18.0
1652.0	15.0
1653.0	9.0
1654.0	9.0
1655.0	11.0
1656.0	8.0
1657.0	12.0
1658.0	11.0
1659.0	6.0
1660.0	7.0
1661.0	11.0
1662.0	13.0
1663.0	11.0
1664.0	10.0
1665.0	17.0
1666.0	12.0
1667.0	5.0
1668.0	7.0
1669.0	16.0
1670.0	9.0
1671.0	13.0
1672.0	6.0
1673.0	9.0
1674.0	12.0
1675.0	12.0
1676.0	11.0
1677.0	13.0
1678.0	17.0
1679.0	18.0
1680.0	10.0
1681.0	8.0
1682.0	8.0
1683.0	11.0
1684.0	13.0
1685.0	6.0
1686.0	11.0
1687.0	7.0
1688.0	9.0
1689.0	13.0
1690.0	5.0
1691.0	4.0
1692.0	2.0
1693.0	9.0
1694.0	10.0
1695.0	7.0
1696.0	6.0
1697.0	7.0
1698.0	9.0
1699.0	7.0
1700.0	8.0
1701.0	8.0
1702.0	7.0
1703.0	8.0
1704.0	9.0
1705.0	6.0
1706.0	7.0
1707.0	12.0
1708.0	10.0
1709.0	17.0
1710.0	13.0
1711.0	8.0
1712.0	8.0
1713.0	11.0
1714.0	10.0
1715.0	7.0
1716.0	7.0
1717.0	6.0
1718.0	8.0
1719.0	14.0
1720.0	10.0
1721.0	10.0
1722.0	9.0
1723.0	10.0
1724.0	5.0
1725.0	10.0
1726.0	6.0
1727.0	10.0
1728.0	13.0
1729.0	8.0
1730.0	9.0
1731.0	10.0
1732.0	6.0
1733.0	2.0
1734.0	8.0
1735.0	6.0
1736.0	8.0
1737.0	5.0
1738.0	13.0
1739.0	10.0
1740.0	5.0
1741.0	8.0
1742.0	6.0
1743.0	7.0
1744.0	9.0
1745.0	7.0
1746.0	5.0
1747.0	5.0
1748.0	12.0
1749.0	12.0
1750.0	10.0
1751.0	11.0
1752.0	7.0
1753.0	11.0
1754.0	7.0
1755.0	8.0
1756.0	10.0
1757.0	7.0
1758.0	12.0
1759.0	11.0
1760.0	5.0
1761.0	13.0
1762.0	7.0
1763.0	10.0
1764.0	14.0
1765.0	6.0
1766.0	13.0
1767.0	6.0
1768.0	11.0
1769.0	12.0
1770.0	6.0
1771.0	7.0
1772.0	9.0
1773.0	17.0
1774.0	4.0
1775.0	19.0
1776.0	8.0
1777.0	18.0
1778.0	16.0
1779.0	10.0
1780.0	9.0
1781.0	12.0
1782.0	11.0
1783.0	5.0
1784.0	16.0
1785.0	7.0
1786.0	8.0
1787.0	12.0
1788.0	10.0
1789.0	12.0
1790.0	10.0
1791.0	7.0
1792.0	5.0
1793.0	9.0
1794.0	9.0
1795.0	10.0
1796.0	6.0
1797.0	9.0
1798.0	11.0
1799.0	7.0
1800.0	9.0
1801.0	6.0
1802.0	10.0
1803.0	6.0
1804.0	5.0
1805.0	6.0
1806.0	4.0
1807.0	11.0
1808.0	1.0
1809.0	7.0
1810.0	8.0
1811.0	6.0
1812.0	6.0
1813.0	3.0
1814.0	7.0
1815.0	9.0
1816.0	3.0
1817.0	6.0
1818.0	4.0
1819.0	5.0
1820.0	3.0
1821.0	7.0
1822.0	3.0
1823.0	9.0
1824.0	7.0
1825.0	13.0
1826.0	8.0
1827.0	7.0
1828.0	8.0
1829.0	6.0
1830.0	13.0
1831.0	6.0
1832.0	7.0
1833.0	4.0
1834.0	10.0
1835.0	9.0
1836.0	3.0
1837.0	6.0
1838.0	5.0
1839.0	7.0
1840.0	4.0
1841.0	10.0
1842.0	9.0
1843.0	5.0
1844.0	6.0
1845.0	2.0
1846.0	8.0
1847.0	5.0
1848.0	4.0
1849.0	7.0
1850.0	4.0
1851.0	7.0
1852.0	6.0
1853.0	8.0
1854.0	3.0
1855.0	12.0
1856.0	4.0
1857.0	7.0
1858.0	7.0
1859.0	10.0
1860.0	8.0
1861.0	3.0
1862.0	4.0
1863.0	2.0
1864.0	2.0
1865.0	1.0
1866.0	5.0
1867.0	5.0
1868.0	2.0
1869.0	6.0
1870.0	7.0
1871.0	6.0
1872.0	7.0
1873.0	6.0
1874.0	5.0
1875.0	7.0
1876.0	3.0
1877.0	2.0
1878.0	5.0
1879.0	4.0
1880.0	4.0
1881.0	3.0
1882.0	7.0
1883.0	5.0
1884.0	1.0
1885.0	3.0
1886.0	6.0
1887.0	8.0
1888.0	4.0
1889.0	7.0
1890.0	14.0
1891.0	3.0
1892.0	8.0
1893.0	10.0
1894.0	10.0
1895.0	4.0
1896.0	6.0
1897.0	8.0
1898.0	8.0
1899.0	5.0
1900.0	8.0
1901.0	5.0
1902.0	6.0
1903.0	4.0
1904.0	7.0
1905.0	4.0
1906.0	5.0
1907.0	5.0
1908.0	8.0
1909.0	10.0
1910.0	7.0
1911.0	11.0
1912.0	6.0
1913.0	6.0
1914.0	7.0
1915.0	4.0
1916.0	11.0
1917.0	12.0
1918.0	13.0
1919.0	10.0
1920.0	12.0
1921.0	1.0
1922.0	7.0
1923.0	7.0
1924.0	6.0
1925.0	8.0
1926.0	6.0
1927.0	6.0
1928.0	2.0
1929.0	7.0
1930.0	3.0
1931.0	4.0
1932.0	6.0
1933.0	7.0
1934.0	9.0
1935.0	9.0
1936.0	3.0
1937.0	8.0
1938.0	2.0
1939.0	9.0
1940.0	5.0
1941.0	11.0
1942.0	11.0
1943.0	11.0
1944.0	11.0
1945.0	11.0
1946.0	12.0
1947.0	14.0
1948.0	10.0
1949.0	3.0
1950.0	10.0
1951.0	5.0
1952.0	6.0
1953.0	10.0
1954.0	8.0
1955.0	6.0
1956.0	11.0
1957.0	3.0
1958.0	10.0
1959.0	12.0
1960.0	11.0
1961.0	4.0
1962.0	6.0
1963.0	8.0
1964.0	4.0
1965.0	8.0
1966.0	13.0
1967.0	12.0
1968.0	7.0
1969.0	9.0
1970.0	12.0
1971.0	7.0
1972.0	6.0
1973.0	13.0
1974.0	9.0
1975.0	11.0
1976.0	6.0
1977.0	4.0
1978.0	7.0
1979.0	9.0
1980.0	11.0
1981.0	8.0
1982.0	10.0
1983.0	8.0
1984.0	11.0
1985.0	8.0
1986.0	13.0
1987.0	10.0
1988.0	10.0
1989.0	12.0
1990.0	7.0
1991.0	20.0
1992.0	16.0
1993.0	10.0
1994.0	18.0
1995.0	10.0
1996.0	15.0
1997.0	15.0
1998.0	9.0
1999.0	7.0
2000.0	8.0
2001.0	12.0
2002.0	12.0
2003.0	13.0
2004.0	12.0
2005.0	10.0
2006.0	11.0
2007.0	16.0
2008.0	16.0
2009.0	16.0
2010.0	10.0
2011.0	8.0
2012.0	6.0
2013.0	12.0
2014.0	8.0
2015.0	11.0
2016.0	7.0
2017.0	8.0
2018.0	11.0
2019.0	5.0
2020.0	4.0
2021.0	8.0
2022.0	7.0
2023.0	8.0
2024.0	14.0
2025.0	10.0
2026.0	12.0
2027.0	8.0
2028.0	13.0
2029.0	9.0
2030.0	6.0
2031.0	6.0
2032.0	9.0
2033.0	10.0
2034.0	6.0
2035.0	9.0
2036.0	4.0
2037.0	8.0
2038.0	6.0
2039.0	8.0
2040.0	6.0
2041.0	11.0
2042.0	13.0
2043.0	7.0
2044.0	2.0
2045.0	7.0
2046.0	10.0
2047.0	6.0
2048.0	12.0
2049.0	8.0
2050.0	12.0
2051.0	5.0
2052.0	7.0
2053.0	4.0
2054.0	13.0
2055.0	18.0
2056.0	6.0
2057.0	7.0
2058.0	6.0
2059.0	8.0
2060.0	5.0
2061.0	7.0
2062.0	4.0
2063.0	6.0
2064.0	4.0
2065.0	6.0
2066.0	4.0
2067.0	9.0
2068.0	10.0
2069.0	7.0
2070.0	5.0
2071.0	9.0
2072.0	7.0
2073.0	7.0
2074.0	14.0
2075.0	6.0
2076.0	5.0
2077.0	7.0
2078.0	5.0
2079.0	8.0
2080.0	4.0
2081.0	6.0
2082.0	4.0
2083.0	8.0
2084.0	5.0
2085.0	11.0
2086.0	3.0
2087.0	3.0
2088.0	6.0
2089.0	6.0
2090.0	12.0
2091.0	7.0
2092.0	6.0
2093.0	4.0
2094.0	5.0
2095.0	3.0
2096.0	9.0
2097.0	6.0
2098.0	5.0
2099.0	5.0
2100.0	4.0
2101.0	6.0
2102.0	6.0
2103.0	8.0
2104.0	13.0
2105.0	10.0
2106.0	8.0
2107.0	5.0
2108.0	8.0
2109.0	6.0
2110.0	12.0
2111.0	8.0
2112.0	7.0
2113.0	11.0
2114.0	8.0
2115.0	9.0
2116.0	10.0
2117.0	10.0
2118.0	5.0
2119.0	8.0
2120.0	6.0
2121.0	6.0
2122.0	5.0
2123.0	4.0
2124.0	6.0
2125.0	8.0
2126.0	5.0
2127.0	5.0
2128.0	3.0
2129.0	9.0
2130.0	7.0
2131.0	6.0
2132.0	12.0
2133.0	6.0
2134.0	6.0
2135.0	3.0
2136.0	6.0
2137.0	10.0
2138.0	7.0
2139.0	4.0
2140.0	7.0
2141.0	8.0
2142.0	14.0
2143.0	9.0
2144.0	12.0
2145.0	12.0
2146.0	9.0
2147.0	8.0
2148.0	7.0
2149.0	9.0
2150.0	6.0
2151.0	9.0
2152.0	4.0
2153.0	4.0
2154.0	7.0
2155.0	4.0
2156.0	6.0
2157.0	7.0
2158.0	3.0
2159.0	2.0
2160.0	4.0
2161.0	7.0
2162.0	5.0
2163.0	3.0
2164.0	9.0
2165.0	6.0
2167.0	5.0
2168.0	13.0
2169.0	6.0
2170.0	11.0
2171.0	8.0
2172.0	5.0
2173.0	7.0
2174.0	13.0
2175.0	5.0
2176.0	6.0
2177.0	5.0
2178.0	5.0
2179.0	3.0
2180.0	3.0
2181.0	7.0
2182.0	5.0
2183.0	6.0
2184.0	3.0
2185.0	6.0
2186.0	5.0
2187.0	3.0
2188.0	6.0
2189.0	7.0
2190.0	5.0
2191.0	10.0
2192.0	2.0
2193.0	10.0
2194.0	6.0
2195.0	9.0
2196.0	6.0
2197.0	5.0
2198.0	5.0
2199.0	3.0
2200.0	6.0
2201.0	4.0
2202.0	10.0
2203.0	5.0
2204.0	6.0
2205.0	7.0
2206.0	5.0
2207.0	2.0
2208.0	8.0
2209.0	8.0
2210.0	3.0
2211.0	3.0
2212.0	9.0
2213.0	5.0
2214.0	5.0
2215.0	6.0
2216.0	4.0
2217.0	12.0
2218.0	15.0
2219.0	6.0
2220.0	7.0
2221.0	7.0
2222.0	5.0
2223.0	3.0
2224.0	7.0
2225.0	2.0
2226.0	8.0
2227.0	6.0
2228.0	7.0
2229.0	5.0
2230.0	5.0
2231.0	6.0
2232.0	8.0
2233.0	7.0
2234.0	1.0
2235.0	3.0
2236.0	3.0
2237.0	4.0
2238.0	3.0
2239.0	4.0
2240.0	6.0
2241.0	5.0
2242.0	6.0
2243.0	8.0
2244.0	1.0
2245.0	8.0
2246.0	5.0
2247.0	3.0
2248.0	4.0
2249.0	5.0
2250.0	6.0
2251.0	3.0
2252.0	6.0
2253.0	5.0
2254.0	5.0
2255.0	8.0
2256.0	7.0
2257.0	5.0
2258.0	6.0
2259.0	4.0
2260.0	7.0
2261.0	8.0
2262.0	4.0
2263.0	8.0
2264.0	6.0
2265.0	7.0
2266.0	2.0
2267.0	5.0
2268.0	4.0
2269.0	5.0
2270.0	3.0
2271.0	5.0
2272.0	6.0
2273.0	11.0
2274.0	4.0
2275.0	8.0
2276.0	4.0
2277.0	5.0
2278.0	3.0
2279.0	3.0
2280.0	8.0
2281.0	8.0
2282.0	4.0
2283.0	6.0
2284.0	1.0
2285.0	12.0
2286.0	6.0
2287.0	7.0
2288.0	8.0
2289.0	7.0
2290.0	5.0
2291.0	7.0
2292.0	10.0
2293.0	9.0
2294.0	4.0
2295.0	4.0
2296.0	3.0
2297.0	7.0
2298.0	11.0
2299.0	9.0
2300.0	4.0
2301.0	8.0
2302.0	9.0
2303.0	4.0
2304.0	4.0
2305.0	5.0
2306.0	12.0
2307.0	10.0
2308.0	4.0
2309.0	4.0
2310.0	11.0
2311.0	4.0
2312.0	6.0
2313.0	5.0
2314.0	9.0
2315.0	4.0
2316.0	1.0
2317.0	4.0
2318.0	5.0
2319.0	7.0
2320.0	9.0
2321.0	5.0
2322.0	1.0
2323.0	7.0
2324.0	9.0
2325.0	9.0
2326.0	7.0
2327.0	9.0
2328.0	6.0
2329.0	7.0
2330.0	10.0
2331.0	7.0
2332.0	9.0
2333.0	7.0
2334.0	4.0
2335.0	4.0
2336.0	5.0
2337.0	13.0
2338.0	3.0
2339.0	4.0
2340.0	10.0
2341.0	8.0
2342.0	4.0
2343.0	6.0
2344.0	7.0
2345.0	9.0
2346.0	11.0
2347.0	4.0
2348.0	4.0
2349.0	8.0
2350.0	6.0
2351.0	4.0
2352.0	4.0
2353.0	10.0
2354.0	3.0
2355.0	3.0
2356.0	7.0
2357.0	4.0
2358.0	6.0
2359.0	4.0
2360.0	7.0
2361.0	4.0
2362.0	10.0
2363.0	5.0
2364.0	7.0
2365.0	6.0
2366.0	5.0
2367.0	6.0
2368.0	7.0
2369.0	6.0
2370.0	2.0
2371.0	7.0
2372.0	3.0
2373.0	4.0
2374.0	3.0
2375.0	5.0
2376.0	7.0
2377.0	7.0
2378.0	12.0
2379.0	9.0
2380.0	8.0
2381.0	4.0
2382.0	10.0
2383.0	11.0
2384.0	7.0
2385.0	7.0
2386.0	7.0
2387.0	7.0
2388.0	5.0
2389.0	3.0
2390.0	8.0
2391.0	9.0
2392.0	6.0
2393.0	6.0
2394.0	1.0
2395.0	7.0
2396.0	10.0
2397.0	4.0
2398.0	7.0
2399.0	6.0
2400.0	7.0
2401.0	6.0
2402.0	6.0
2403.0	7.0
2404.0	6.0
2405.0	10.0
2406.0	6.0
2407.0	7.0
2408.0	9.0
2409.0	8.0
2410.0	10.0
2411.0	10.0
2412.0	6.0
2413.0	8.0
2414.0	5.0
2415.0	7.0
2416.0	9.0
2417.0	4.0
2418.0	4.0
2419.0	3.0
2420.0	7.0
2421.0	11.0
2422.0	5.0
2423.0	6.0
2424.0	14.0
2425.0	6.0
2426.0	9.0
2427.0	4.0
2428.0	9.0
2429.0	5.0
2430.0	4.0
2431.0	8.0
2432.0	5.0
2433.0	6.0
2434.0	9.0
2435.0	3.0
2436.0	6.0
2437.0	6.0
2438.0	6.0
2439.0	7.0
2440.0	5.0
2441.0	6.0
2442.0	10.0
2443.0	5.0
2444.0	8.0
2445.0	8.0
2446.0	5.0
2447.0	6.0
2448.0	6.0
2449.0	4.0
2450.0	2.0
2451.0	8.0
2452.0	4.0
2453.0	9.0
2454.0	3.0
2455.0	10.0
2456.0	4.0
2457.0	8.0
2458.0	4.0
2459.0	6.0
2460.0	7.0
2461.0	5.0
2462.0	2.0
2463.0	8.0
2464.0	3.0
2465.0	3.0
2466.0	9.0
2467.0	5.0
2468.0	2.0
2469.0	5.0
2470.0	4.0
2471.0	8.0
2472.0	4.0
2473.0	4.0
2474.0	3.0
2475.0	1.0
2476.0	2.0
2477.0	5.0
2478.0	7.0
2479.0	7.0
2480.0	11.0
2481.0	2.0
2482.0	6.0
2483.0	3.0
2484.0	3.0
2485.0	11.0
2486.0	6.0
2487.0	4.0
2488.0	6.0
2489.0	4.0
2490.0	4.0
2491.0	5.0
2492.0	4.0
2493.0	2.0
2494.0	5.0
2495.0	7.0
2496.0	6.0
2497.0	3.0
2498.0	2.0
2499.0	4.0
2500.0	5.0
2501.0	3.0
2502.0	6.0
2503.0	2.0
2504.0	3.0
2505.0	5.0
2506.0	1.0
2507.0	4.0
2508.0	1.0
2509.0	5.0
2510.0	6.0
2511.0	2.0
2512.0	5.0
2513.0	3.0
2514.0	6.0
2515.0	2.0
2516.0	5.0
2517.0	6.0
2518.0	5.0
2519.0	7.0
2520.0	5.0
2521.0	4.0
2522.0	3.0
2523.0	8.0
2524.0	3.0
2525.0	4.0
2526.0	5.0
2527.0	5.0
2528.0	4.0
2529.0	5.0
2530.0	2.0
2531.0	2.0
2532.0	5.0
2533.0	8.0
2534.0	4.0
2535.0	3.0
2536.0	9.0
2537.0	5.0
2538.0	2.0
2539.0	5.0
2540.0	7.0
2541.0	6.0
2542.0	5.0
2543.0	9.0
2544.0	4.0
2545.0	4.0
2546.0	8.0
2547.0	8.0
2548.0	7.0
2549.0	4.0
2550.0	14.0
2551.0	6.0
2552.0	6.0
2553.0	3.0
2554.0	3.0
2555.0	5.0
2556.0	5.0
2557.0	5.0
2558.0	4.0
2559.0	8.0
2560.0	7.0
2561.0	3.0
2562.0	3.0
2563.0	1.0
2564.0	8.0
2565.0	2.0
2566.0	3.0
2567.0	4.0
2568.0	7.0
2570.0	4.0
2571.0	6.0
2572.0	8.0
2573.0	4.0
2574.0	5.0
2575.0	9.0
2576.0	5.0
2577.0	5.0
2578.0	5.0
2579.0	2.0
2580.0	3.0
2581.0	7.0
2582.0	10.0
2583.0	5.0
2584.0	6.0
2585.0	5.0
2586.0	4.0
2587.0	6.0
2589.0	7.0
2590.0	6.0
2591.0	5.0
2592.0	5.0
2593.0	4.0
2594.0	9.0
2595.0	3.0
2596.0	4.0
2597.0	5.0
2598.0	5.0
2599.0	4.0
2600.0	3.0
2601.0	1.0
2602.0	2.0
2603.0	2.0
2604.0	3.0
2605.0	6.0
2606.0	4.0
2607.0	4.0
2608.0	3.0
2609.0	2.0
2610.0	3.0
2611.0	4.0
2612.0	2.0
2613.0	2.0
2614.0	3.0
2615.0	4.0
2616.0	3.0
2617.0	5.0
2618.0	3.0
2619.0	3.0
2620.0	2.0
2621.0	2.0
2622.0	5.0
2623.0	2.0
2624.0	4.0
2625.0	9.0
2626.0	4.0
2627.0	4.0
2629.0	3.0
2630.0	2.0
2631.0	5.0
2632.0	2.0
2634.0	3.0
2635.0	3.0
2636.0	3.0
2637.0	6.0
2638.0	4.0
2639.0	3.0
2640.0	4.0
2641.0	4.0
2642.0	1.0
2643.0	6.0
2644.0	1.0
2645.0	5.0
2646.0	1.0
2648.0	4.0
2649.0	5.0
2650.0	4.0
2651.0	3.0
2652.0	1.0
2654.0	2.0
2655.0	1.0
2656.0	3.0
2658.0	2.0
2659.0	3.0
2660.0	2.0
2661.0	1.0
2663.0	2.0
2664.0	3.0
2666.0	1.0
2667.0	4.0
2668.0	2.0
2669.0	2.0
2670.0	1.0
2671.0	2.0
2672.0	2.0
2673.0	2.0
2674.0	3.0
2675.0	2.0
2676.0	1.0
2677.0	2.0
2678.0	1.0
2679.0	2.0
2680.0	1.0
2681.0	1.0
2682.0	1.0
2685.0	3.0
2686.0	1.0
2688.0	1.0
2689.0	4.0
2690.0	1.0
2692.0	1.0
2693.0	2.0
2694.0	2.0
2696.0	1.0
2701.0	1.0
2702.0	2.0
2703.0	1.0
2705.0	1.0
2706.0	1.0
2707.0	2.0
2708.0	1.0
2709.0	2.0
2710.0	2.0
2711.0	1.0
2715.0	3.0
2716.0	1.0
2717.0	1.0
2719.0	1.0
2720.0	1.0
2721.0	2.0
2722.0	2.0
2723.0	1.0
2729.0	1.0
2730.0	1.0
2732.0	2.0
2733.0	1.0
2734.0	1.0
2735.0	2.0
2736.0	1.0
2737.0	1.0
2741.0	1.0
2742.0	1.0
2747.0	1.0
2751.0	1.0
2752.0	1.0
2753.0	1.0
2756.0	1.0
2762.0	2.0
2765.0	1.0
2768.0	1.0
2772.0	1.0
2773.0	2.0
2777.0	1.0
2780.0	1.0
2781.0	1.0
2786.0	1.0
2788.0	1.0
2790.0	1.0
2794.0	1.0
2795.0	1.0
2796.0	1.0
2797.0	1.0
2802.0	1.0
2810.0	1.0
2832.0	1.0
2833.0	3.0
2844.0	1.0
2850.0	1.0
2853.0	1.0
2858.0	1.0
2878.0	1.0
2885.0	2.0
2893.0	1.0
