#Position (bp)	insert size
15197.0	271.7657667876588
45590.0	285.0011469205184
75983.0	288.2470571748879
106376.0	294.02076610074363
136769.0	283.1801801801802
167162.0	282.94758299359347
197555.0	290.4389806173726
221485.0	279.46448452460476
236681.5	283.6095666394113
258341.0	280.25775091960065
288734.0	280.3673340889057
319127.0	281.82960932145306
349520.0	283.5648233486943
379913.0	278.5318505338078
410306.0	279.412712309578
440699.0	282.25225817047135
471092.0	273.25660096690217
501485.0	272.8194916626194
531878.0	289.4803304484658
562271.0	278.1763300760043
592664.0	280.7202317099335
623057.0	286.44503219871206
653450.0	279.4825891028267
683843.0	284.8896595208071
714236.0	281.5307483329217
744629.0	281.5681818181818
775022.0	280.2271745533085
805415.0	281.1551580003344
835808.0	280.2521317505434
866201.0	281.1556056701031
896594.0	287.58187009279084
926987.0	284.46038744154976
957380.0	282.39885029354207
987773.0	280.19641825534376
1018166.0	281.84425858951175
1038382.5	269.91236352906463
1053579.0	261.25581395348837
1078952.0	279.7569596069869
1109345.0	291.3796462445527
1139738.0	279.82272871161763
1170131.0	276.2610181072771
1200524.0	277.6139285714286
1230917.0	278.5408970976253
1261310.0	286.0642912470953
1291703.0	285.6276463262765
1322096.0	284.7660503043528
1348657.5	265.778331947908
1363854.0	268.8121526491293
1382882.0	281.55922396187884
1413275.0	286.5405778749856
1443668.0	277.17600212370587
1474061.0	284.3305263157895
1504454.0	280.13877207737596
1534847.0	284.3249116607774
1565240.0	280.6837677334213
1595633.0	277.46312268966733
1626026.0	281.1600389863548
1656419.0	281.3769809825674
1686812.0	275.57697740112997
1717205.0	280.2052505966587
1747598.0	284.4456264775414
1777991.0	280.83774988377496
1808384.0	273.36453558504223
1838777.0	276.9583040524713
1869170.0	274.3738039549224
1899563.0	283.6021377672209
1929956.0	278.26996887966806
1960349.0	274.93962732919255
1990742.0	278.9775897553167
2021135.0	277.1780966448618
2051528.0	279.23422385997236
2081921.0	286.17685475444097
2112314.0	282.78956393924545
2142707.0	281.5118881118881
2173100.0	277.5226030799801
2203493.0	283.00968152866244
2233886.0	275.6217494089835
2264279.0	280.93658159319415
2294672.0	284.830900243309
2325065.0	278.0467552376086
2355458.0	276.02574704003007
2385851.0	280.3118922961855
2416244.0	288.1781338360038
2446637.0	278.2919348731541
2477030.0	275.56904133685134
2507423.0	280.39057899901866
2537816.0	275.4001211876389
2568209.0	278.76637168141593
2598602.0	279.4551218545671
2628995.0	282.4105596620908
2659388.0	284.52358667165856
2689781.0	280.66613276383697
2720174.0	276.8449875133785
2750567.0	281.6778916544656
2780960.0	284.50251324548293
2811353.0	280.9391100702576
2841746.0	280.6626290960092
2872139.0	275.10748763833294
2889645.5	291.0319465081724
2904842.0	285.8841899055082
2932925.0	281.85383693045566
2963318.0	278.3193359375
2993711.0	282.8227867127612
3024104.0	285.60896468457594
3054497.0	285.244493741087
3084890.0	278.8783889672465
3115283.0	280.7125809751108
3145676.0	281.32829504232166
3176069.0	282.3016403885969
3206462.0	278.94376858610434
3236855.0	277.77377558953094
3267248.0	288.2174328358209
3297641.0	286.9434838454698
3322340.5	276.77430613262425
3337537.0	214.8914309484193
3358427.0	222.01690090731188
3388820.0	217.00198586977277
3410819.5	218.78114478114477
3426016.0	278.2425203090945
3449606.0	285.01936677184204
3479999.0	280.47357321734546
3510392.0	286.27071134919646
3540785.0	273.69018537146144
3571178.0	277.18005451338786
3601571.0	283.19946304485154
3631964.0	283.0394873571181
3662357.0	279.21930294906167
3692750.0	278.095594792224
3723143.0	281.60282632949054
3753536.0	285.02870285188595
3783929.0	280.6286365229583
3814322.0	276.7418175776707
3844715.0	274.8096016646849
3875108.0	281.5962293794187
3905501.0	283.5916446852499
3935894.0	283.92938414303774
3966287.0	278.89495583151967
3987990.0	275.34335077260005
4003186.5	279.1902088085629
4027073.0	285.5720219914478
4057466.0	281.94743367220434
4087859.0	278.3628664495114
4118252.0	278.92850877192984
4148645.0	277.4452313503305
4179038.0	283.1126401630989
4209431.0	286.8833713595491
4239824.0	284.07181259600617
4259839.0	271.99802955665024
4275035.5	273.87278797996663
4300610.0	284.36826912401466
4331003.0	284.68082936777705
4361396.0	284.8313284180572
4391789.0	285.2479349345533
4422182.0	275.88943089430893
4452575.0	279.94798791156353
4482968.0	286.6893924966673
4513361.0	285.07909176915797
4543754.0	279.9300622482607
4574147.0	276.84158415841586
4604540.0	278.91195105964607
4634933.0	284.28644786782763
4665326.0	281.7919908466819
4695719.0	280.4167765761013
4726112.0	285.39651318730444
4756505.0	282.3474685170907
4786898.0	291.0020193861066
4817291.0	274.4777156414167
4847684.0	272.0132006498782
4878077.0	281.87821435918534
4908470.0	283.338147078427
4938863.0	283.30258934303447
4969256.0	277.19581091468103
4999649.0	279.60932117527864
5030042.0	279.88205820003856
5060435.0	281.4031007751938
5090828.0	278.86417597765364
5121221.0	282.15344193378877
5151614.0	281.4341072323367
5182007.0	282.96636636636634
5212400.0	278.7856598016781
5242793.0	283.1193438914027
5273186.0	282.6181818181818
5303579.0	284.7323995576852
5333972.0	278.18106538128785
5352383.0	281.465744400527
5367579.5	280.14173114469594
5394758.0	286.26917387346384
5425151.0	282.2915138484887
5455544.0	275.7354133736513
5485937.0	278.0887605042017
5516330.0	282.41961767471014
5546723.0	287.3242794628037
5577116.0	271.40838404327246
5607509.0	282.04564102564103
5637902.0	276.2393587617468
5668295.0	282.8890595664789
5698688.0	286.2091653027823
5729081.0	278.56844953836355
5759474.0	277.4527149694669
5789867.0	280.8404452690167
5820260.0	281.07768240343347
5850653.0	281.55391048824595
5881046.0	285.1373188405797
5907241.5	273.6148663574111
5922438.0	291.81354897772354
5941832.0	286.9095017636684
5972225.0	278.75545579249285
6002618.0	280.96229123173276
6033011.0	284.36687260959104
6063404.0	278.77098300332926
6093797.0	284.9542168674699
6124190.0	275.07963302752296
6154583.0	284.0381561107883
6184976.0	275.9172340425532
6215369.0	292.7570332480818
6245762.0	278.9175693974272
6276155.0	287.0065098698026
6306548.0	282.7786799916719
6336941.0	279.43421852827896
6367334.0	279.1776127926899
6397727.0	282.3440948099714
6428120.0	281.7512297962052
6458513.0	279.3828582216349
6488906.0	284.8390087929656
6519299.0	280.8072733985601
6549692.0	281.4982822788434
6580085.0	282.2673480365788
6610478.0	285.55102516309415
6640871.0	280.65499835399976
6660029.5	262.46134301270416
6675226.0	273.22088417049594
6701657.0	283.7899446603085
6732050.0	287.79450311744495
6762443.0	285.50211736237145
6792836.0	282.64388961892246
6823229.0	279.2123297920096
6853622.0	277.12511251125113
6884015.0	283.3790670325363
6914408.0	289.0812857934602
6944801.0	279.0679347826087
6975194.0	278.75487980275324
7005587.0	282.8341047954083
7035980.0	281.2096620202406
7066373.0	279.35226455787205
7096766.0	281.19467762100373
7127159.0	281.55808325266213
7157552.0	281.8886488283198
7187945.0	286.24951021550515
7218338.0	284.7495590828924
7248731.0	279.27313354363827
7279124.0	283.3979321314952
7309517.0	280.4771689497717
7327760.5	252.35135135135135
7342957.0	280.6874652430208
7370303.0	281.9054719369813
7400696.0	286.31457725947524
7431089.0	284.6115038560411
7461482.0	275.52610818933135
7491875.0	278.9356143079316
7522268.0	279.6869509662993
7552661.0	278.93982476442386
7583054.0	279.81971975393026
7613447.0	280.0633275762809
7643840.0	284.22754611066557
7674233.0	284.20707815462396
7704626.0	283.6136257582828
7735019.0	280.62276575729067
7765412.0	280.99118566960476
7795805.0	289.6366149873753
7826198.0	273.7497398543184
7856591.0	285.9138932910724
7886984.0	280.7580827492652
7917377.0	280.40458015267177
7947770.0	281.1509522689866
7978163.0	284.27283349561833
8008556.0	276.74854111405836
8038949.0	279.34847356664187
8069342.0	275.69606674612635
8099735.0	280.30375114364136
8130128.0	285.9164051355207
8160521.0	275.87545061283345
8190914.0	273.97585794094175
8221307.0	290.3535444404462
8251700.0	283.29340488142634
8282093.0	282.7593078943303
8312486.0	275.77893090702304
8342879.0	283.658821910267
8373272.0	278.8754628994651
8398726.5	279.2412612068097
8413923.0	275.7680579855036
8434058.0	284.7147113594041
8464451.0	281.38353674370296
8494844.0	282.62396694214874
8525237.0	286.61515067735695
8555630.0	284.5048832271762
8586023.0	277.408202546639
8616416.0	283.0728035895209
8646809.0	280.6423398328691
8677202.0	280.6239457279061
8707595.0	281.04822446295486
8737988.0	280.7572852760736
8768381.0	280.5394154118689
8798774.0	277.46869595295743
8829167.0	280.30262287855413
8859560.0	283.8979547900969
8889953.0	279.69640591966174
8920346.0	280.4329427083333
8950739.0	278.4930991217064
8981132.0	277.5642079309636
9011525.0	283.00441774165046
9041918.0	280.20327421555254
9072311.0	281.40845070422534
9102704.0	281.3546441495778
9133097.0	281.6715743684122
9163490.0	283.08149984505735
9193883.0	282.54893201172695
9224276.0	283.41001500886887
9254669.0	275.0816516197557
9285062.0	288.37775033677593
9315455.0	284.8439458510905
9332033.5	252.9486099410278
9347230.0	275.7682533662052
9376241.0	279.34216409568523
9406634.0	285.3571670620129
9437027.0	284.1428402785976
9467420.0	285.3540607293331
9497813.0	278.0340248962656
9528206.0	287.60608512704323
9558599.0	279.6933816863101
9588992.0	282.6724199288256
9619385.0	278.87199692485103
9649778.0	283.6050840672538
9680171.0	279.8447968285431
9710564.0	284.1807856128727
9740957.0	283.72559422750425
9771350.0	280.02535957607876
9801743.0	281.4491017964072
9832136.0	283.15715450468815
9862529.0	278.4321608040201
9892922.0	277.3600715912789
9923315.0	285.4578256053173
9953708.0	276.82767359351243
9984101.0	286.14222222222224
1.0014494E7	280.07606755457914
1.0044887E7	281.0004761904762
1.007528E7	281.84020833333335
1.01041125E7	269.41830202539614
1.0119309E7	252.8609589041096
1.0136066E7	281.4538188277087
1.0166459E7	279.06065052580095
1.0196852E7	279.3673303062056
1.0227245E7	279.84207309619853
1.0257638E7	279.68201320132016
1.0288031E7	281.8932404989846
1.0318424E7	282.7862870234004
1.0348817E7	278.4759957325747
1.037921E7	281.39217575640777
1.0409603E7	280.55217639232086
1.0439996E7	280.8712106201704
1.0470389E7	280.8443453587353
1.0500782E7	280.54269206077464
1.0531175E7	279.8309313830931
1.0561568E7	277.8512911843277
1.0591961E7	287.1631486367634
1.0622354E7	281.11058558558557
1.0652747E7	281.3491702659695
1.068314E7	285.6501743679163
1.0713533E7	280.4475926292847
1.0743926E7	279.2359072537758
1.0774319E7	278.52151422525276
1.0804712E7	284.4339539978094
1.0835105E7	278.7636774989716
1.0865498E7	280.1143858202803
1.0895891E7	282.19367676321025
1.0926284E7	281.27987169206096
1.0956677E7	284.6249770093802
1.098707E7	281.5781650435674
1.1017463E7	278.795910710936
1.1047856E7	283.9620011737089
1.1078249E7	280.83934426229507
1.1108642E7	281.33258190562066
1.1139035E7	282.3349597462796
1.1169428E7	283.5475097544182
1.1196832E7	281.3122462787551
1.12120285E7	286.1280266343826
1.1230214E7	277.0704734369353
1.1260607E7	283.4856494611458
1.1291E7	282.7447484798231
1.1321393E7	290.8760764851846
1.1351786E7	284.44362017804156
1.1382179E7	281.20116182572616
1.1412572E7	276.3199188894088
1.1442965E7	280.5637811282399
1.1473358E7	281.5399361022364
1.1503751E7	280.6209798055348
1.1534144E7	281.42857142857144
1.1564537E7	279.2684114424833
1.159493E7	284.4504858861638
1.1625323E7	275.79661016949154
1.1655716E7	273.6143177646339
1.1686109E7	284.67910966844426
1.1716502E7	275.8968853232657
1.1746895E7	278.76913960654184
1.1777288E7	276.1837296620776
1.1807681E7	281.3328010948905
1.1838074E7	278.89638273045506
1.1868467E7	279.7502745442565
1.189886E7	281.83326572008116
1.1929253E7	281.1357457399962
1.1959646E7	285.75661284781864
1.1990039E7	274.3504227379025
1.2020432E7	274.3340813883902
1.2050825E7	275.47815312377725
1.2081218E7	278.6280496931597
1.2111611E7	288.5665399239544
1.21419565E7	281.8777875910797
