# Position (bp)	A	C	G	T	N
0.0	26.853181398308745	22.25364134044914	34.232248829924046	16.66047359129618	4.548400218876929E-4
1.0	22.69376412854228	19.529501123210515	12.900201458818037	44.875000834991205	0.0015324544379684056
2.0	31.523099078363504	20.65976119195562	14.183516881184275	33.63327151093499	3.513375616158249E-4
3.0	20.756104782473535	23.57206858973037	11.380906600514583	44.290861666950036	5.8360331471120006E-5
4.0	39.42860790007738	10.621220324949478	10.827226134394783	39.12280984241788	1.3579816047811817E-4
5.0	43.1783192822276	11.511843240712732	23.994171708556784	21.315665768502882	0.0
6.0	34.3103620075173	14.772646518576193	21.350553137846493	29.566438336060013	0.0
7.0	39.73662608534795	15.868875708631528	20.037401870671616	24.35709633534891	0.0
8.0	18.69150378500255	31.990246616917823	23.067547042614038	26.250702555465587	0.0
9.0	29.7089366372578	20.076272454802574	14.450416188564697	35.76437471937493	0.0
10.0	27.366547831469873	15.933439014260797	28.565003248357772	28.135009905911552	0.0
11.0	27.260550765482815	19.260722730421076	18.702142396522486	34.77652678592754	5.732164608660345E-5
12.0	24.837112993208432	21.209878850047858	23.853117599728492	30.099890557015218	0.0
13.0	23.539738585818455	26.905097039997532	18.939228756244916	30.615935617939087	0.0
14.0	32.17236622211691	21.19500229926435	20.71546043575521	25.91717104286353	0.0
15.0	32.082499300814845	19.547397932230957	19.860666988531847	28.509435778422347	0.0
16.0	31.23087495192146	19.12468878954023	18.896634823575866	30.74780143496245	0.0
17.0	31.24749836998931	18.91680482049124	19.2105558643114	30.624839004009214	3.0194119883865866E-4
18.0	30.838016098403703	18.925389460346207	19.89159878328778	30.344750823913657	2.448340486568122E-4
19.0	30.361835786384038	19.61239505788568	19.687390631455212	30.338378524275072	0.0
20.0	30.183684007462823	19.66751152069411	19.806253145225924	30.34255132661714	0.0
21.0	29.91601017543472	19.793975709902405	19.94564142167841	30.343848610554534	5.24082429930647E-4
22.0	30.040330149518336	19.90194728896338	19.737473942666675	30.319482844697827	7.657741537775358E-4
23.0	30.286401536937834	19.789491105538858	19.89438398173209	30.029648825061866	7.455072934842291E-5
24.0	30.032060772255807	19.869346494406198	19.8532398528158	30.24483211151004	5.207690121607003E-4
25.0	30.206852722628476	19.910971253399875	19.723637070971684	30.158037811324984	5.011416749788128E-4
26.0	30.460707960208772	19.730779817210486	19.840841760857735	29.967411143781053	2.5931794194908553E-4
27.0	30.15347084586345	19.788786018748077	19.958844959820134	30.098713308799045	1.8486676929237254E-4
28.0	30.228772067583115	19.85239785679666	19.84488878548797	30.07394129013225	0.0
29.0	29.847868699846696	19.439770742490744	19.70498414869332	29.469308047838577	1.538068361130659
30.0	29.934040760633835	19.870165721486156	20.137325636618407	30.057199717107498	0.0012681641541087783
31.0	30.133419346410694	20.079063044576717	19.73157975272708	30.055167261309123	7.70594976381264E-4
32.0	30.245708814028948	19.993292789693974	19.855760178585427	29.903754645777976	0.0014835719136758955
33.0	30.06129966404581	19.85759155181436	20.037233978363922	30.04319828976753	6.765160083800221E-4
34.0	30.06756843087843	20.01090060698055	19.887036710513684	30.034238711611046	2.5554001628885076E-4
35.0	30.278164970964006	19.70234527605381	19.96929748871025	30.050101148082213	9.111618972504596E-5
36.0	30.159491377695886	19.82128040456243	20.04479364837277	29.97408877084824	3.4579852067392853E-4
37.0	30.134204724426628	19.937961744045108	19.834152565313882	30.09304465776332	6.36308451067062E-4
38.0	30.250182266777536	19.845519143369756	19.940385050600597	29.963168851870055	7.446873820533247E-4
39.0	30.09165957235212	19.856355782944647	19.95647771864992	30.094998784998445	5.081410548754228E-4
40.0	30.075800698256426	19.797363105491193	19.882246976340774	30.243609999867626	9.79220043981487E-4
41.0	30.254636734614003	19.780169803724462	19.932278543626307	30.032914918035225	0.0
42.0	29.98944989733249	19.874532175278357	20.082076069010384	30.05319953092147	7.423274572985183E-4
43.0	30.076910243516537	20.05729907235071	19.84946191419362	30.015713545894446	6.152240446927698E-4
44.0	30.249467052756536	19.94354773955861	19.92627713835361	29.880292128150394	4.159411808533956E-4
45.0	30.071274094697554	19.913373755540643	19.97171011743717	30.043642032324634	0.0
46.0	30.10181523421188	19.95200747882853	19.802857155242044	30.143320131717545	0.0
47.0	30.305762148891617	19.811430428189762	19.89694201747419	29.98568488699545	1.8051844898548633E-4
48.0	30.094926111645176	19.830683947217242	19.96499360567666	30.109396335460925	0.0
49.0	30.09599061933219	19.997471605607984	19.77844628541533	30.127370121772305	7.213678721865977E-4
50.0	30.227854407794663	19.814766113468103	19.958625018182893	29.998664334689966	9.012586437463375E-5
51.0	29.964928540053638	19.95893255635378	20.014622416979588	30.061516486612994	0.0
52.0	30.024760227032676	20.022503730962278	19.862820166267564	30.089915875737482	0.0
53.0	30.144348507334257	19.881933988451543	20.0114562878891	29.962261216325103	0.0
54.0	30.02062355894704	19.887651187388943	20.02873512018051	30.06299013348351	0.0
55.0	30.100390048904096	20.014048165705024	19.89584062384795	29.98972116154293	0.0
56.0	30.19533527591926	19.849968149120386	19.865255132559728	30.08908174867264	3.596937279844958E-4
57.0	30.09658238107807	19.914996429267493	19.9105375085133	30.077775804026118	1.0787711502073757E-4
58.0	30.0115222283738	19.96714097743009	19.791179833044527	30.229887330222393	2.6963092918413277E-4
59.0	30.253374763085063	19.805522645087542	19.879703728515924	30.060949607719	4.492555924683917E-4
60.0	29.972706419381172	19.88683727909303	20.03421039771878	30.1059764174265	2.694863805176438E-4
61.0	30.025883902676814	19.924498249051243	19.89144961889002	30.15816822938192	0.0
62.0	30.21894986950852	19.832855265610405	19.87758545333354	30.070196407004126	4.1300454340911194E-4
63.0	29.923261857556373	19.969097216487516	19.97275944945867	30.13437881707003	5.026594274134654E-4
64.0	30.06045677454608	19.951004863432384	19.80203049603492	30.18607704482533	4.308211612892108E-4
65.0	30.233647962983902	19.85908970983357	19.93917399396586	29.967172981694763	9.153515219065157E-4
66.0	29.984433500542362	19.928977285471657	20.032981240349443	30.05360797363654	0.0
67.0	30.06682285699112	20.092501321421818	19.73642613619849	30.104142033916677	1.0765147190063339E-4
68.0	30.187334425398387	19.90831246168698	19.98522106244379	29.919132050470843	0.0
69.0	29.987531787126652	19.972297643559784	19.951938815173587	30.08796269473399	2.6905940598499333E-4
70.0	30.05732271239617	19.951618547383383	19.84199170731786	30.148726242660228	3.407902423502904E-4
71.0	30.242265245687133	19.886181031415358	19.924560678580857	29.946993044316656	0.0
72.0	29.998303526083376	19.988569424160087	20.02845270101602	29.98467434874052	0.0
73.0	29.984672422338242	20.05429204450664	19.758409546850245	30.20255426156149	7.172474338679935E-5
74.0	30.26377676512996	19.903729720221225	19.837419279411	29.995074235237812	0.0
75.0	30.02412775606489	19.891097835316184	19.93671731612561	30.147214279758238	8.428127350797489E-4
76.0	29.992197876624598	20.10923331361434	19.661386769599943	30.23673374532227	4.482948388532474E-4
77.0	30.06694661807863	19.89424894587857	19.933752722496997	30.105051713545794	0.0
78.0	29.727669359086256	20.00409592571956	19.909283494549136	30.358592558147706	3.586624973346893E-4
79.0	29.563545119611213	20.378051302248245	19.73194434505763	30.326172281677955	2.8695140495891484E-4
80.0	29.85905165594843	20.025294005596894	19.731727852140377	30.383800931046125	1.2555526817349728E-4
81.0	29.714621103243115	20.026749114401973	19.668527672202803	30.58999448227764	1.0762787447145745E-4
82.0	29.730944841629363	20.344208326231847	19.430296288987165	30.494191731178073	3.588119735555575E-4
83.0	30.059854303511685	20.211355182603263	19.446933962898907	30.281515643954542	3.409070316022612E-4
84.0	29.73857880453946	20.36513156655148	19.46697229778362	30.42858160567951	7.357254459258844E-4
85.0	29.723353755982135	20.420339464914157	19.39293114068654	30.462621814375495	7.538240416742647E-4
86.0	29.940636801305708	20.41326436917379	19.483063204959304	30.16247913384194	5.564907192606644E-4
87.0	29.606988404781852	20.547325462676795	19.60469223310505	30.240706653565862	2.87245870436673E-4
88.0	29.572367475937366	20.756895560982617	19.429356414308288	30.240877747450078	5.028013216491884E-4
89.0	29.618884578694516	20.847624061481966	19.452831032537325	30.07994186177047	7.184655157208338E-4
90.0	29.499628358184015	20.83973622683931	19.662843526128924	29.996713885030534	0.0010780038172115167
91.0	29.481786965789425	20.988708855090593	19.59128388093772	29.937896816018984	3.234821632833727E-4
92.0	29.681660934487773	20.97605356201647	19.661379591525627	29.676681381216625	0.004224530753505281
93.0	29.43474040767623	20.90636234858508	19.85034633527614	29.807615887728467	9.350207340847784E-4
94.0	29.48825447527783	21.00555936251684	19.843129214261175	29.662589321203814	4.6762674033586386E-4
95.0	29.794282635970426	20.783134101782892	20.072741392187623	29.349266099664778	5.757703942821681E-4
96.0	29.668765344103903	20.740980726725557	20.248349496389412	29.341904432781124	0.0
97.0	29.68227129719177	20.79273390563194	20.1667207952363	29.358129979138297	1.4402280168996354E-4
98.0	29.79609736681672	20.685955005083382	20.148800384698163	29.368156681654167	9.905617475670452E-4
99.0	29.56262141747504	20.662583111624258	20.419504921202737	29.355182442875456	1.08106822513462E-4
100.0	29.52149923965092	20.74748911752639	20.386440477538155	29.34444498122742	1.2618405711306742E-4
101.0	29.504455760891602	20.629328883704385	20.512479232540002	29.35360987690658	1.2624595742409192E-4
102.0	29.285734262579787	20.559262015923498	20.836141371766246	29.318736044387308	1.2630534316710647E-4
103.0	29.18141641247068	20.694083667773235	20.86697364551615	29.25665974829949	8.665259404469216E-4
104.0	29.310556587490634	20.500696827106683	21.07213840308468	29.116373377953387	2.3480436461577697E-4
105.0	29.013464285152747	20.543747405449004	21.318809932207785	29.123580779475862	3.9759771460833645E-4
106.0	29.022239021099672	20.60966060038304	21.27643336522307	29.090563833423456	0.0011031798707651908
107.0	29.062634130947274	20.454078268416065	21.57972870172462	28.901568422797393	0.001990476114648529
108.0	28.80720250676901	20.414520024204386	21.72196968078384	29.054642016626573	0.001665771616193183
109.0	28.794695962810856	20.604568190816323	21.640750777114288	28.958499243044024	0.001485826214504382
110.0	28.8517307437037	20.407641080582348	21.75749858373585	28.98305705604199	7.253593611615034E-5
111.0	28.72822865605224	20.420390881488753	21.837295444192584	29.01348611915189	5.988991145367334E-4
112.0	28.853972470172145	20.31136706098091	21.845825117444228	28.98849024773358	3.451036691422103E-4
113.0	29.031503277955338	20.154371152538552	22.134270723113676	28.67958213796138	2.727084310538545E-4
114.0	28.82538695712391	20.153783686931952	22.418406723254336	28.60225883553692	1.6379715287788866E-4
115.0	28.639219544480376	20.39068697134866	22.36114181126515	28.608915227545694	3.6445360113869884E-5
116.0	28.781461568605334	20.132757374836803	22.66778879647927	28.41707966263828	9.125974403101955E-4
117.0	28.57816211258925	20.04149982237608	22.894946284076504	28.48537349748721	1.8283470956066464E-5
118.0	28.619381547371475	20.082686963689934	22.84383962157546	28.453908720903293	1.831464598430325E-4
119.0	28.575359917339	19.915493360847865	23.158712208495942	28.350342781912623	9.173140457658985E-5
120.0	28.34557759369271	19.944480434453006	23.3475853767235	28.361915526089692	4.410690410883379E-4
121.0	28.312735396336684	20.018075934759462	23.393183247964526	28.276005420939327	0.0
122.0	28.39901486920267	19.892705604545622	23.525144817916836	28.179961627864074	0.003173080470796591
123.0	28.193068098969693	19.874424547512817	23.72917982215505	28.200591682724372	0.0027358486380649714
124.0	28.195102200633187	19.802957453338436	23.794613743154567	28.207289559230652	3.704364315339939E-5
125.0	28.23541377290541	19.777013037051773	24.004329598881075	27.982204249866555	0.001039341295182579
126.0	28.087123705887475	19.659946989461126	24.27121667592826	27.980912932830755	7.99695892389945E-4
127.0	28.05664048121933	19.814868620197576	24.257697453623507	27.86848247098283	0.002310973976755702
128.0	28.02945028732557	19.571382601044863	24.465414196492254	27.93291248154081	8.404335965011068E-4
129.0	27.81922506579254	19.666845781837722	24.65324744040303	27.857069462435508	0.0036122495312030044
130.0	27.893252320999245	19.63992698236995	24.64498806514721	27.820088400620946	0.0017442308626459458
131.0	27.833429563371237	19.498780584988413	24.955136503812366	27.709627364214157	0.003025983613828858
132.0	27.671638991443192	19.45460989648816	25.117534638913853	27.754766358237898	0.001450114916898999
133.0	27.54503481504783	19.59153388313036	25.178188998561886	27.68437426228311	8.680409768178334E-4
134.0	27.686204036807993	19.43598290220121	25.37473759764809	27.502319124371244	7.563389714621961E-4
135.0	27.428317542840848	19.42564984800013	25.606156918433527	27.53943991671032	4.357740151744091E-4
136.0	27.473564782610016	19.43225795182882	25.560201062572713	27.533596495757912	3.797072305369668E-4
137.0	27.48405048899658	19.254266425228213	25.81943026562162	27.4410162027322	0.0012366174213901328
138.0	27.282079655086356	19.19506804300134	26.110194601134495	27.411723502465808	9.341983119989766E-4
139.0	27.288187373292438	19.309491916413464	26.04283033190097	27.357618005804735	0.0018723725883888825
140.0	27.337923439600637	19.132384142958287	26.347461420553774	27.181292859935386	9.381369519126315E-4
141.0	27.16314367261673	19.14076320153859	26.434753812515783	27.25961254356256	0.0017267697663335153
142.0	27.03935853976432	19.152942253159072	26.577882165289758	27.22858654066335	0.0012305011235052054
143.0	27.104773314615887	18.99027526474582	26.74212602407591	27.16122621873246	0.0015991778299233915
144.0	26.863519992183743	18.964060082460747	26.949406143987904	27.22133390384806	0.0016798775195507815
145.0	26.84264790799416	18.988647112278024	26.98238200876526	27.184562023286308	0.0017609476762457058
146.0	26.911311129518715	18.866984440314262	27.201861258579918	27.01790371408052	0.0019394575065830035
147.0	26.658085340125805	18.949163417882733	27.436471285935117	26.954529987653004	0.001749968403348273
148.0	26.643336976525205	18.933227392122124	27.473001763866556	26.948386034795213	0.0020478326908989633
149.0	26.717535970799293	18.7667367680388	27.72103528051805	26.79402447317955	6.675074643040567E-4
150.0	26.488737897464176	18.637638367632498	27.77497139265873	27.09750607226639	0.001146269978201107
