# Position (bp)	A	C	G	T	N
0.0	27.333843221457094	22.356942225032114	34.28296647731155	16.02598018401514	2.678921841115824E-4
1.0	23.655009035185955	18.64883687794043	11.851474060294052	45.842948892940036	0.0017311336395220474
2.0	33.12445749753273	19.31526775345517	13.196302329606333	34.363576070571234	3.9634883453625204E-4
3.0	20.97037408162809	22.194256288061396	10.19424050791046	46.64099762114225	1.3150125780953095E-4
4.0	40.49192219961294	9.505328022333435	9.566608790385727	40.436010045855824	1.3094181207754898E-4
5.0	45.92418625212394	10.345137855625525	22.19590977671079	21.534766115539743	0.0
6.0	35.372624705015994	13.835188198821493	19.465502618977425	31.32668447718509	0.0
7.0	41.00351347435526	14.939639648963032	18.812740613486774	25.244106263194933	0.0
8.0	18.160922798233873	32.88879497939216	22.644399808802554	26.305882413571414	0.0
9.0	30.257240834094805	19.22132157414347	12.754879413546341	37.766558178215384	0.0
10.0	27.399955258700587	14.917132721868908	28.186890799271357	29.49602122015915	0.0
11.0	27.463794229743172	18.064619643628003	17.866606902049273	36.60497922457956	0.0
12.0	25.01646020056707	20.482705689076646	23.32121811827241	31.179615992083882	0.0
13.0	23.50684405264967	26.596777128530704	18.34158090539639	31.554797913423236	0.0
14.0	32.97749952169492	20.506575436264587	20.06351388091714	26.45241116112336	0.0
15.0	32.93527573407279	18.896662559059905	19.167689389713267	29.000372317154046	0.0
16.0	31.871093876796845	18.520173885685892	18.247634790121175	31.361097447396087	0.0
17.0	31.88883514641646	18.414616405159112	18.56432165740127	31.132226791023154	0.0
18.0	31.458587409383842	18.37630700847505	19.105445946029604	31.05965963611151	0.0
19.0	30.91184638225879	19.099498364876663	19.117625297799613	30.871029955064937	0.0
20.0	30.580728037717176	19.177399170546416	19.259926977627842	30.98194581410857	0.0
21.0	30.417846852267665	19.292549054139332	19.270412930431423	31.018579668031528	6.114951300527843E-4
22.0	30.562998762533006	19.38840386245603	19.156744195110544	30.89087879644155	9.743834588664023E-4
23.0	30.91813984856976	19.230937183863293	19.24258193171811	30.60834103584884	0.0
24.0	30.50396628386924	19.380010702383153	19.173814674827536	30.94160436695887	6.039719612056729E-4
25.0	30.65615377213241	19.50382505773672	19.043013856812934	30.79652617397998	4.81139337952271E-4
26.0	30.889809647360682	19.304543859207804	19.300231547197654	30.505055586899676	3.5935933417902566E-4
27.0	30.740094769542043	19.241891382461432	19.40258445035097	30.615429397645556	0.0
28.0	30.815414954025993	19.344959490603244	19.30302454322982	30.53648221625603	1.1879588491054671E-4
29.0	30.416016413013512	18.923357426734803	19.13514587964973	29.947597147599986	1.5778831330019654
30.0	30.608305195608747	19.342137052816426	19.420510191454383	30.627986871026096	0.001060689094348295
31.0	30.66834505425599	19.531217891736954	19.134910187867465	30.664587470100784	9.393960388017534E-4
32.0	30.789136576606086	19.41787212138583	19.281465146614103	30.510590258483028	9.358969109552584E-4
33.0	30.590804117990622	19.2657470240628	19.3754466383072	30.767535908845566	4.6631079381252206E-4
34.0	30.660490227736826	19.546965638524995	19.193268486919592	30.599043333418514	2.323134000692294E-4
35.0	30.84398710551141	19.346362862946865	19.26962097843009	30.540029053111635	0.0
36.0	30.591621266376706	19.3809712296218	19.34992862508958	30.67736347889507	1.1540001684840246E-4
37.0	30.739063571944914	19.484361402846396	19.284878929217676	30.491120555097677	5.75540893331553E-4
38.0	30.82355562497703	19.39868242125767	19.339763497372193	30.4374241978757	5.742585174023301E-4
39.0	30.628531211062825	19.460476227047486	19.395139150778483	30.51539490531282	4.585057983789527E-4
40.0	30.59045305166736	19.414179612389002	19.26833648468876	30.72600137035347	0.0010294809014134772
41.0	30.68442853163204	19.348909216288916	19.29456412036297	30.672098131716076	0.0
42.0	30.455790954819673	19.438079992708257	19.388746788499553	30.716926529984452	4.557339880711629E-4
43.0	30.467809918953286	19.58848831840008	19.268327635269312	30.67514665975165	2.274676256701765E-4
44.0	30.706955556110664	19.42021514557639	19.378203395911918	30.493944630784846	6.81271616180655E-4
45.0	30.51953499656485	19.441805414156438	19.410741697258	30.627917892020704	0.0
46.0	30.587859793758426	19.53579234137723	19.27411386409244	30.602234000771904	0.0
47.0	30.758538545076895	19.395998865407236	19.361079626036418	30.48438296347945	0.0
48.0	30.476724583452757	19.381548926105886	19.446205995391633	30.695520495049728	0.0
49.0	30.432450764656238	19.72771409867688	19.224403198564996	30.614868572420097	5.633656817907817E-4
50.0	30.893290754956038	19.37079870464514	19.346493922679286	30.38941661771954	0.0
51.0	30.46047677385274	19.512436357097094	19.415890213885113	30.611196655165053	0.0
52.0	30.591059961319623	19.470283121055214	19.37049538046742	30.568161537157746	0.0
53.0	30.676777200178922	19.425408096573232	19.301642251686367	30.596172451561475	0.0
54.0	30.519805611898036	19.368921871797482	19.424586130079643	30.68668638622483	0.0
55.0	30.464988275726277	19.66209927148406	19.341136091073444	30.53177636171622	0.0
56.0	30.722981105464964	19.36390894593148	19.30456667288773	30.608319764329593	2.2351138622879295E-4
57.0	30.61237020638594	19.543086288681316	19.384448098741945	30.460095406190796	0.0
58.0	30.48321167069111	19.60997317659393	19.35902655015308	30.547677070727914	1.1153183397371195E-4
59.0	30.74912940520964	19.448056832427916	19.350661652040674	30.451706365789104	4.4574453266471657E-4
60.0	30.487134276389316	19.54069433498524	19.457653758643566	30.51429500109088	2.2262889099644237E-4
61.0	30.420670576863394	19.468041205005022	19.427997468345982	30.6832907497856	0.0
62.0	30.667735173358174	19.42151699792597	19.317037494803813	30.593265740281737	4.4459363030705857E-4
63.0	30.313435571576953	19.578086726617304	19.38057177135811	30.727239400789834	6.665296577925649E-4
64.0	30.50857616654846	19.523446405757625	19.30300679189324	30.664637645447414	3.329903532694658E-4
65.0	30.688171088827758	19.42275268435531	19.384262135060787	30.504037625343866	7.764664122814802E-4
66.0	30.54902099902222	19.536562599080753	19.410404393586994	30.504012008310035	0.0
67.0	30.656018861151612	19.588830440196944	19.178347787936133	30.576802910715315	0.0
68.0	30.639986444297023	19.583117833834105	19.489645502862313	30.287250219006555	0.0
69.0	30.46523444375442	19.566038007374765	19.47958213363355	30.488702619469066	4.4279576820084333E-4
70.0	30.500023243510082	19.597378132062985	19.383427155946244	30.518618051574027	5.534169066651319E-4
71.0	30.85536705781577	19.425239907611637	19.365920115275177	30.353472919297413	0.0
72.0	30.462011695518193	19.563824666810508	19.409691678699662	30.564471958971634	0.0
73.0	30.346374129196917	19.685764132814548	19.266141317635554	30.70172042035298	0.0
74.0	30.777034464676277	19.408105444009422	19.38166478779437	30.433195303519927	0.0
75.0	30.42819358699656	19.473189919989558	19.33558036608124	30.762040559420445	9.955675121984674E-4
76.0	30.34206188532298	19.75274634097773	19.039527397032955	30.864668724348128	9.956523182104808E-4
77.0	30.34560580582352	19.639680502699353	19.234556155411983	30.78015753606514	0.0
78.0	29.84487331708186	19.76833353066737	19.25135524220632	31.135437910044452	0.0
79.0	29.68904089120582	20.122302835101465	19.120194356360578	31.068461917332137	0.0
80.0	30.00552335137923	19.756109169759487	19.05666914239731	31.18169833646397	0.0
81.0	29.892481212996135	19.781596928540747	18.895718290150164	31.430203568312955	0.0
82.0	30.02754332785863	20.263450214355093	18.58216649814329	31.12683995964299	0.0
83.0	30.329807921373526	20.263159352683395	18.422151923279355	30.984769998725753	1.1080393797195552E-4
84.0	29.95049175675556	20.469652089855355	18.430014455608866	31.149509130091612	3.3256768861022177E-4
85.0	29.88538767759475	20.37565955049076	18.401638935135836	31.337091999321174	2.2183745747653236E-4
86.0	30.05100823125212	20.511525418084332	18.382722696165224	31.054410630137596	3.3302436073198754E-4
87.0	29.587615581830377	20.806173547145836	18.61306246861906	30.99303731943463	1.1108297009202112E-4
88.0	29.569937898694604	21.03039695474587	18.537339716152786	30.862214257285732	1.1117312100749528E-4
89.0	29.68056136478922	21.313707517197802	18.5845295410656	30.420534133079407	6.674438679707037E-4
90.0	29.459183548510275	21.359015778405414	18.831442811769065	30.349912552476866	4.4530883837849694E-4
91.0	29.50523183899977	21.528321019846445	18.966447141153793	29.999888565729506	1.1143427049554819E-4
92.0	29.872934049057516	21.41785659715755	18.855569967689803	29.85018196094002	0.0034574251551101306
93.0	29.657182924351133	21.618779015629084	18.68466947583734	30.038810322920646	5.582612618044344E-4
94.0	29.486397135250762	21.727142470756803	18.72034047955938	30.06567285618807	4.4705824498344766E-4
95.0	29.673317578817336	21.499095905616127	18.989674526021805	29.83724063232898	6.713572157473548E-4
96.0	29.575492674708677	21.587066175737544	19.191042298390666	29.64639885116312	0.0
97.0	29.468457649184067	21.586093758585157	19.299821372705345	29.645627219525434	0.0
98.0	29.41336949907602	21.555291597527376	19.301144924184417	29.728509936971914	0.0016840422402701655
99.0	29.31195553561973	21.40477852687008	19.609879924138944	29.67271149303951	6.745203317290991E-4
100.0	29.245844734262217	21.481995067820282	19.78173247596097	29.49009005561365	3.376663428821623E-4
101.0	29.028248141866193	21.45776866163651	20.00135239458366	29.512292703267722	3.380986459149231E-4
102.0	28.82383216177048	21.361495988695207	20.416909331419102	29.397649650788495	1.128673267147933E-4
103.0	28.62674711160039	21.45564941802506	20.65621093511584	29.259584106624953	0.0018084286337547726
104.0	28.673758849191884	21.217005843239974	20.882394890730733	29.22672721962749	1.1319720991517E-4
105.0	28.28002947678703	21.230655858511422	21.112068476843714	29.377246187857832	0.0
106.0	28.161989807505382	21.51165959611559	21.208133101988537	29.117081966915272	0.0011355274752227905
107.0	28.115857293007977	21.194472629323094	21.635938829460503	29.05191123810737	0.0018200101010560608
108.0	27.882235501647774	21.268694134110042	21.71653288481086	29.130258401819614	0.002279077611708989
109.0	27.855534546384597	21.285144689246955	21.81790986152216	29.03992655924586	0.0014843436004238373
110.0	27.918549448035236	21.17725790768175	21.972087170394097	28.93210547388892	0.0
111.0	27.939347462513425	20.988010944784318	22.0675875966753	29.004366221561963	6.87774464997438E-4
112.0	27.95022637946758	20.890425905805007	22.322439706797816	28.83667829766316	2.2971026644093802E-4
113.0	28.079586069560115	20.74728487645972	22.616648153370665	28.5564809006095	0.0
114.0	27.928252280196446	20.769173959602675	22.990288394077027	28.312285366123852	0.0
115.0	27.619936086557463	20.90184853602105	23.13789307866724	28.340322298754256	0.0
116.0	27.655148624211236	20.653149778686803	23.46338024406589	28.227276053226667	0.0010452998094070015
117.0	27.380753957384613	20.57222248771203	23.84606149754124	28.200962057362116	0.0
118.0	27.331420624737568	20.520875853671942	24.067613040259282	28.079622635771706	4.6784555950235264E-4
119.0	27.35128027519166	20.367822299447035	24.451671225800393	27.829226199560914	0.0
120.0	27.096543085641027	20.31103627303225	24.79487937858733	27.797069924244123	4.7133849527542074E-4
121.0	26.91377272850943	20.324856067067365	25.08259804414456	27.678773160278652	0.0
122.0	26.93836340527635	20.11616995498117	25.386461092567735	27.555085702068016	0.003919845106726692
123.0	26.836127868782068	20.068652778672316	25.63685113224605	27.456459873428894	0.001908346870668947
124.0	26.775163697730207	19.943156434785003	25.87951224244631	27.402167625038476	0.0
125.0	26.67322515042219	19.910329972711736	26.272981251796466	27.142862297096908	6.013279726948995E-4
126.0	26.428144417673593	19.814254572682863	26.604107413513038	27.152768971576602	7.246245539030091E-4
127.0	26.249842344745954	19.92192426726689	26.817765079118683	27.00755775033229	0.0029105585361830937
128.0	26.256149836816213	19.70651273807784	27.146353938331142	26.88976569730625	0.0012177894685566758
129.0	26.017172776917754	19.707974751958286	27.421417793462023	26.849644047610315	0.003790630051625936
130.0	25.935334787909742	19.576863149080168	27.781140684223903	26.70469684114626	0.001964537639927263
131.0	25.8768890872463	19.340628721770027	28.20556129531775	26.574578415151656	0.0023424805142607747
132.0	25.547371157631503	19.423598301496714	28.616561645022713	26.410735729229856	0.0017331666192109143
133.0	25.416019759617836	19.394159377179232	28.858166069792624	26.330163126236062	0.001491667174247858
134.0	25.4079646890381	19.20632721308283	29.234900032579752	26.14993427877036	8.737865289579097E-4
135.0	25.207844769130304	19.1164544872285	29.644247967301347	26.031202096684638	2.506796552152022E-4
136.0	25.104832620186258	19.03058142461616	29.913918952932296	25.949786055877173	8.809463881198087E-4
137.0	25.004232330965753	18.874048357223895	30.263566831664406	25.857268112481457	8.843676644860687E-4
138.0	24.68681913757638	18.680011464486725	30.71822980208542	25.914432317677882	5.072781735956638E-4
139.0	24.572042621944775	18.76429972867916	30.96800807723795	25.692975833219805	0.0026737389183070902
140.0	24.57579243353783	18.601354805725972	31.423824130879346	25.398133946830264	8.946830265848671E-4
141.0	24.49827433571548	18.52285703288385	31.483942982512414	25.491974698810637	0.002950950077622817
142.0	24.19438348119069	18.512951686192082	32.052718617662514	25.239044645709047	9.015692456698917E-4
143.0	24.162966487627134	18.256472188531987	32.46322017724655	25.11604813120486	0.0012930153894691655
144.0	23.87438551217163	18.150286166024323	32.759097405488625	25.21350490746498	0.0027260088504420677
145.0	23.67929532873754	18.12953991212464	33.21876429669079	24.97005433882978	0.002346123617253393
146.0	23.628801323428558	17.80006177395966	33.69206728126522	24.876321203649898	0.002748417696668918
147.0	23.337880424640502	17.870857350123405	33.955470045707465	24.83290096540268	0.0028912141259465444
148.0	23.117176900376407	17.87612908675293	34.29889717721713	24.704497341927855	0.0032994937256827315
149.0	23.190764088835905	17.535937242212487	34.656487330824866	24.616013028414503	7.983097122359591E-4
150.0	22.768179798379972	17.566666845123056	34.81371829945339	24.85009663413407	0.0013384229095172577
