#Position (bp)	Coverage	Std
15197.0	49.839074786957525	83.33570739881539
45590.0	56.273615635179155	52.48626438601654
75983.0	49.816372190965026	51.297379558870425
106376.0	48.054683644260194	48.935746658483325
136769.0	38.06287632020531	43.37431226390564
167162.0	42.42137992300859	46.813343810155835
197555.0	49.49129733820288	67.12702247762383
221485.0	53.78496593576458	60.12821742315383
236681.5	95.11805663004796	123.2698116510696
258341.0	35.95446319876287	40.51664464234499
288734.0	47.63758102194584	55.95229835651351
319127.0	35.467673477445466	38.11975883391385
349520.0	38.9291613200408	41.972354917302226
379913.0	35.41068667127299	40.56025283239641
410306.0	37.37896884150956	39.97760740964024
440699.0	40.271509887145065	45.43750406045979
471092.0	24.354917250682725	31.2819031372727
501485.0	34.979962491363146	41.818903016359236
531878.0	33.33214885006416	32.709216897822024
562271.0	21.965748692133058	25.38085706018867
592664.0	24.764485243312606	29.50161147224141
623057.0	25.44289803573191	30.67377220664565
653450.0	33.11433553778831	36.740767811064586
683843.0	32.42526239594643	35.050924874867725
714236.0	30.943243510018753	39.714169761360644
744629.0	23.389102753923602	32.501214705387554
775022.0	21.01740532359425	26.080064722604664
805415.0	32.67344454315138	38.75749503234837
835808.0	33.85467048333498	39.986130915778695
866201.0	36.9413680781759	38.24259924739326
896594.0	42.31619122824335	43.03307094104698
926987.0	40.14009804889284	39.689514061072934
957380.0	45.75244299674267	54.438258928254406
987773.0	32.786233672227155	36.88006654540336
1018166.0	40.49968742802619	43.334830995432434
1038382.5	58.51284860557769	81.01339223310882
1053579.0	65.01729474770305	146.90746550003269
1078952.0	38.449478498338436	45.60751082076878
1109345.0	62.51821143026355	52.5718648509682
1139738.0	36.06077057217122	44.53618882762315
1170131.0	25.643404731352614	34.189674368857204
1200524.0	22.903859441318726	30.49637608037172
1230917.0	27.515875366038234	32.41812741398626
1261310.0	57.42404501036423	53.5432059686927
1291703.0	58.95999078735235	57.832027300620666
1322096.0	38.84519461718159	52.23948513773527
1348657.5	44.83453585569732	71.16652580442994
1363854.0	51.45647918569751	79.30032017825162
1382882.0	39.371829039581485	45.81716291230764
1413275.0	49.43648208469055	58.57254195448386
1443668.0	33.03991050570855	36.58053792583664
1474061.0	39.26979896686737	38.05648808454163
1504454.0	43.04504326654164	47.823294695643284
1534847.0	36.1386503471194	40.95303233101615
1565240.0	42.07988681604317	44.588196437403546
1595633.0	33.91442108380219	36.990111088813734
1626026.0	27.990820254663902	32.8593184250215
1656419.0	36.23613990063502	37.788086214361535
1686812.0	22.70661007468825	30.021434779906855
1717205.0	31.958872108709244	36.53974362452957
1747598.0	27.175171914585594	31.974124207344655
1777991.0	27.673510347777448	29.99056048643299
1808384.0	19.854144046326457	25.92728544519033
1838777.0	24.016253742638106	28.763225940749525
1869170.0	23.414931069654198	36.170155697694646
1899563.0	41.712729904912315	45.23277661040515
1929956.0	18.69598262757872	22.551343423069945
1960349.0	21.504951798111406	32.466787506435814
1990742.0	21.728095285098544	27.340758216430416
2021135.0	24.4433915704274	35.961682686663906
2051528.0	27.137696180041456	28.979561595956167
2081921.0	18.721054190109566	20.840070966568703
2112314.0	27.640377718553616	34.46860823665862
2142707.0	18.54183529102096	20.90821504547875
2173100.0	22.8160431678347	28.498364506083508
2203493.0	21.832296910472806	25.39573925943384
2233886.0	27.739874313164215	37.581707779830914
2264279.0	18.98710229329122	22.76334064297921
2294672.0	25.234001250287896	26.66582394285818
2325065.0	20.799986839074787	26.0787835478858
2355458.0	31.425657223702828	46.16202854383041
2385851.0	16.86013226729839	20.846025351158378
2416244.0	25.903102688118974	32.9803509708368
2446637.0	28.310367518836575	36.52487007025755
2477030.0	21.949527851807982	26.637361748070607
2507423.0	23.096403777185536	25.10632540672873
2537816.0	26.376928898101536	31.101910322622434
2568209.0	23.253643931168362	34.756800378812656
2598602.0	31.75319974994242	32.54975361962341
2628995.0	31.905043924587897	35.441541341066696
2659388.0	37.17836343894976	45.363986715871214
2689781.0	33.728621722107064	38.10489542445679
2720174.0	25.15125193301089	28.705119939985043
2750567.0	34.35801006810779	38.93683292860609
2780960.0	45.87470799197184	47.957660383763724
2811353.0	32.71085447306945	42.288041091694964
2841746.0	36.19794031520416	43.57504208185872
2872139.0	49.61418747737966	70.95679770437766
2889645.5	161.0590909090909	131.76824154749687
2904842.0	72.8400651844954	78.10817507496449
2932925.0	46.00115158095614	44.56707967983499
2963318.0	31.731122297897542	35.164257269374374
2993711.0	32.76550521501662	40.09916474434134
3024104.0	31.772283091501333	34.94627205737014
3054497.0	39.53620899549238	41.17571504051253
3084890.0	33.72075806929227	39.01717375709463
3115283.0	32.88036718981344	39.109499565614826
3145676.0	42.311025565097225	40.68449675549423
3176069.0	38.74244069358076	42.53009254347626
3206462.0	41.43776527489882	46.419324921706384
3236855.0	33.498338433191854	39.42556678964505
3267248.0	53.62843417892278	52.944477441690914
3297641.0	54.888790181949794	55.70738700389354
3322340.5	53.47363990318847	74.61185225059312
3337537.0	0.10863265126899095	0.46602304996079025
3358427.0	0.10104300332313361	0.4815894564531506
3388820.0	0.08304543809429803	0.5564859120075633
3410819.5	0.15596060561516978	0.6439487545838257
3426016.0	56.19532971942574	76.00842828234866
3449606.0	51.82713124732669	61.36954728413572
3479999.0	40.288454578356856	41.901758261931974
3510392.0	46.89658803013852	48.93432023139858
3540785.0	29.1162438719442	34.102776161974546
3571178.0	27.292567367485933	32.48712998984572
3601571.0	35.656269535748365	39.74340509995212
3631964.0	32.162043891685585	33.07582898334589
3662357.0	29.96739380778469	35.178414923325064
3692750.0	33.887803112558814	35.63165695182996
3723143.0	29.29391636232027	33.445766358926505
3753536.0	42.03615964202283	39.41785903576005
3783929.0	29.804132530516895	35.71410209070496
3814322.0	30.511466456091863	38.95138226014133
3844715.0	26.979863784424044	33.93819246960332
3875108.0	74.8310795248906	81.99549667318121
3905501.0	75.11525680255322	86.87755088302141
3935894.0	75.79521600368506	78.27524250141472
3966287.0	63.42203796926924	72.11381465211181
3987990.0	144.4754476292938	161.66947995364583
4003186.5	71.16622554660529	82.67978249052935
4027073.0	44.62504524068042	60.91522734788138
4057466.0	51.5732569999671	53.82267307439888
4087859.0	39.126805514427666	42.10674321104656
4118252.0	28.10844602375547	37.91039313186941
4148645.0	23.208732273878855	28.067376902171063
4179038.0	46.08580923238904	47.77780295186646
4209431.0	51.182213009574575	57.85018039582106
4239824.0	37.769025762511106	40.199328558036406
4259839.0	29.082805852443705	38.49822750212313
4275035.5	39.34630950086722	61.58874093707318
4300610.0	38.64083835093607	44.75235638231963
4331003.0	45.050176027374725	53.50602132256275
4361396.0	45.5688151877077	52.01188491876591
4391789.0	39.98085085381502	40.69147701644676
4422182.0	28.787516862435428	35.13841285226841
4452575.0	32.25716447866285	35.515638940484195
4482968.0	30.287763629783175	34.33746967157289
4513361.0	28.281216069489684	27.371203942304202
4543754.0	35.41400980488928	42.534323671112
4574147.0	28.00957457309249	31.427829269681006
4604540.0	21.287171388148586	24.64866542303075
4634933.0	32.351791530944624	34.106286401273266
4665326.0	30.961142368308494	33.065087875167436
4695719.0	26.625637482315007	33.968290608847425
4726112.0	37.63968676997993	36.88013256396604
4756505.0	24.95768762544007	30.51635871536596
4786898.0	36.928371664528015	44.70315712306739
4817291.0	33.76056986806172	45.03206796346686
4847684.0	27.49991774421742	38.633707902634164
4878077.0	31.78346987793242	37.22870542670662
4908470.0	26.87464218734577	31.02341017802732
4938863.0	23.268976409041557	28.200980448549437
4969256.0	24.812818741157503	27.21266860144496
4999649.0	25.50508340736354	29.386221177018545
5030042.0	29.340802158391735	35.108620598813
5060435.0	26.363175731253907	28.618457717588242
5090828.0	27.95604250978844	38.801974970435346
5121221.0	33.038989240943636	35.556705986883074
5151614.0	32.63544237159872	37.77930499486165
5182007.0	34.638502286710754	40.31688793343455
5212400.0	28.397130918303557	33.42708806980116
5242793.0	41.40209916757148	43.74607540058469
5273186.0	43.33659066232356	43.616180905690804
5303579.0	34.45082749317277	37.866462944032904
5333972.0	46.81485868456552	56.25095355578649
5352383.0	122.38201897651268	122.49928179180675
5367579.5	80.73213987648138	106.76049615209408
5394758.0	88.34343434343434	99.61448771110146
5425151.0	71.3043463955516	77.34000725118617
5455544.0	51.39068206494917	64.76668705576793
5485937.0	57.30556378113381	61.284718870357246
5516330.0	38.56976935478564	46.8167243508047
5546723.0	44.53982824992597	44.158687352249366
5577116.0	39.23317869246208	42.71828693075475
5607509.0	26.09669989800283	29.791155517370893
5637902.0	30.77353337939657	37.715872692274026
5668295.0	34.587766920014474	35.469400520866486
5698688.0	37.861678676010925	41.124837532007604
5729081.0	38.38166683117823	44.97910473904942
5759474.0	26.81337808047906	36.43039831825464
5789867.0	35.606587043069126	39.557554921287036
5820260.0	41.40104629355444	50.76374382987764
5850653.0	54.44145033395848	55.36390055399243
5881046.0	49.74829730530056	67.86127661742262
5907241.5	89.58718974452223	109.77293013563397
5922438.0	94.44038117927337	92.99766050840061
5941832.0	48.510742605205145	50.12513935771723
5972225.0	31.18922120225052	39.55639002704665
6002618.0	41.664231895502255	45.08969918498429
6033011.0	36.74494126937124	39.19989276517187
6063404.0	32.247655710196426	37.62098875783698
6093797.0	36.3183627809035	36.91477645280621
6124190.0	27.246931859309708	33.953340083119755
6154583.0	28.390649162636134	34.52040615474286
6184976.0	21.48455236403119	24.511656564539244
6215369.0	36.797288849406115	42.074646201631516
6245762.0	37.49728555917481	38.90023956447137
6276155.0	31.600796235975388	35.370789990085775
6306548.0	27.457210541901095	35.32466980610679
6336941.0	23.680518540453395	27.84980764042237
6367334.0	32.44223998947126	37.15643902135323
6397727.0	48.27318790510973	57.45966585708613
6428120.0	29.71092027769552	35.61586560142464
6458513.0	26.43151383542263	29.492503872802384
6488906.0	43.03382357779752	42.6821011004769
6519299.0	28.149870035863522	31.362319814322102
6549692.0	44.33385977034185	47.74318630184028
6580085.0	41.01339124140427	42.57765003727511
6610478.0	40.821077221728686	45.53556859320963
6640871.0	53.414931069654195	59.66654314500608
6660029.5	59.29972236244321	107.58908122476225
6675226.0	34.4025101250612	50.14162238706762
6701657.0	46.0137202645346	47.80851181392567
6732050.0	40.24541835291021	39.84800977628599
6762443.0	37.802849340308626	40.11601640021675
6792836.0	34.91744809660119	37.09706522374849
6823229.0	39.34544138452933	45.49560958916343
6853622.0	28.18155496331392	33.14916550023978
6884015.0	24.645477577073667	27.493354574943535
6914408.0	32.357187510281975	31.578718218853304
6944801.0	23.679037936366928	26.232753796794476
6975194.0	22.635672687789953	28.073301474015704
7005587.0	34.604283881156846	39.28394006747147
7035980.0	41.49541012733195	49.35093204255509
7066373.0	30.757509952949693	35.89037623616083
7096766.0	22.797453360971275	25.520419483509396
7127159.0	31.060902181423355	37.522659228549855
7157552.0	28.061658934623104	31.25979437207667
7187945.0	52.166485703944986	49.124465140896945
7218338.0	29.86151416444576	37.74786126183042
7248731.0	36.31803375777317	39.846537947292525
7279124.0	28.77754746158655	30.721130283333746
7309517.0	42.61912282433455	69.43453824649254
7327760.5	88.00918936659009	140.12636064573118
7342957.0	82.54491954401416	98.07617765240595
7370303.0	36.20830454380943	40.896734443779714
7400696.0	29.811305234758002	33.92442358119039
7431089.0	40.9141249629849	40.9116857591083
7461482.0	24.693514954101275	30.99409612603383
7491875.0	28.522225512453524	32.61570168362074
7522268.0	35.6817359260356	39.29939068713686
7552661.0	31.94344092389695	40.51515203194177
7583054.0	37.86421215411443	40.02767155579574
7613447.0	32.72569341624716	40.16809103169157
7643840.0	30.49047478037706	29.303562570516686
7674233.0	30.698614812621326	32.016252186044575
7704626.0	23.327608330865658	28.738402850099824
7735019.0	32.4826440298753	34.04719754370011
7765412.0	24.833415589115916	28.3159398962738
7795805.0	959.4521764880071	1188.0234225878626
7826198.0	67.42003092817426	194.7890963513657
7856591.0	27.493304379297864	30.20734344819076
7886984.0	31.777382950021387	31.718537280464037
7917377.0	27.812917448096602	37.83413243801009
7947770.0	27.588128845457835	29.581440567225762
7978163.0	35.04938637186194	37.64068992266363
8008556.0	19.29806205376238	24.049119499858094
8038949.0	25.044352317967952	29.484889367550313
8069342.0	27.521567466192874	32.45894475782544
8099735.0	25.89119205080117	31.90426993421938
8130128.0	24.61254236172803	35.032079624769345
8160521.0	37.20442207087158	42.81044016808578
8190914.0	30.408383509360707	37.782610818408536
8221307.0	37.85819103082947	39.79905188954318
8251700.0	36.4300661336492	38.41978809327603
8282093.0	31.71848780969302	37.388783960674274
8312486.0	30.746027045701315	42.63178340941948
8342879.0	38.259105715131774	44.23831699801615
8373272.0	26.289244233869642	33.10942316838741
8398726.5	112.49571066484695	124.30113074899461
8413923.0	84.69241672572643	108.09233984598808
8434058.0	44.451913269502846	43.6520035871027
8464451.0	40.14539532129108	47.725264296490884
8494844.0	39.899911163754815	42.581382305422736
8525237.0	38.10025334781035	39.541826577565324
8555630.0	37.52887177968611	38.32687821433457
8586023.0	35.454249333728164	45.98141251753676
8616416.0	44.69986510051657	46.94684951271539
8646809.0	37.17036817688283	38.92668378831886
8677202.0	30.01628664495114	37.65765879975041
8707595.0	25.22850656401145	31.188660920271502
8737988.0	26.376402461093015	26.80394349405502
8768381.0	34.22455828644754	38.745003594319584
8798774.0	35.46691672424571	44.41933350272575
8829167.0	24.20225051821143	30.763035079657048
8859560.0	26.342282762478202	26.957376749627066
8889953.0	28.61431908663179	31.3346159722521
8920346.0	25.182871055835225	28.877193608961456
8950739.0	23.99927614911328	28.874408241919486
8981132.0	22.45829631823117	25.664079004321685
9011525.0	32.02665087355641	30.76951955527347
9041918.0	27.704043694271707	33.872095054975354
9072311.0	37.46504129240286	41.15267897563872
9102704.0	30.455697035501597	36.26154684448118
9133097.0	24.10680090810384	28.656945254195264
9163490.0	32.5325897410588	37.5843118269955
9193883.0	33.43000032902313	38.681760351416884
9224276.0	38.76517619188629	41.733624612394465
9254669.0	34.34277629717369	38.50487767257548
9285062.0	46.046655479880236	48.99760780915373
9315455.0	45.52469318593097	56.61980881841062
9332033.5	94.35383502170767	116.15947917422
9347230.0	76.73046436715046	91.14411223269852
9376241.0	51.21356891389465	58.4375872251544
9406634.0	46.694765241996514	50.965914070730776
9437027.0	54.37192774652058	56.15232267287713
9467420.0	39.67173362287369	43.426770329740194
9497813.0	24.732833218175237	30.67760562884177
9528206.0	42.75583193498503	45.569595096250374
9558599.0	27.934425690126016	31.350411804901697
9588992.0	35.635080446155364	38.89907401723781
9619385.0	31.36120159247195	40.02220742074585
9649778.0	31.998716809791727	34.17119280227649
9680171.0	35.57098674036785	42.62167653781296
9710564.0	20.803770605073538	24.641096319137972
9740957.0	25.078439114269734	28.387680926558893
9771350.0	32.4811305234758	33.473863280423146
9801743.0	26.786299476853223	32.86696402748365
9832136.0	39.11196657124996	39.93399697131783
9862529.0	39.658441088408516	46.62495915326005
9892922.0	33.20402724311519	42.68251775319398
9923315.0	37.304313493238574	36.62309756102875
9953708.0	26.047313526140886	33.057280075631596
9984101.0	43.71931036751884	43.407246212912106
1.0014494E7	44.52561445069588	50.964148715691685
1.0044887E7	53.397854769190275	59.61352819389139
1.007528E7	38.93126706807489	45.80380748705566
1.01041125E7	61.95636550308008	104.03708147762474
1.0119309E7	93.05094520986863	111.5830354061574
1.0136066E7	56.4707333925575	64.06842516674001
1.0166459E7	38.686671272990495	46.410319372068734
1.0196852E7	38.89267265488764	42.02407171954014
1.0227245E7	35.590859737439544	47.30480503441408
1.0257638E7	26.080446155364722	29.05294368337962
1.0288031E7	38.1024249004705	42.67811436471432
1.0318424E7	42.91807324054881	45.6934401003023
1.0348817E7	37.90711677030895	39.1059798831289
1.037921E7	30.147895897081565	31.65492199952958
1.0409603E7	30.886157996907183	34.2324859377094
1.0439996E7	26.98545717763959	32.55742442067107
1.0470389E7	29.33126048761228	37.82326856123119
1.0500782E7	24.211890895929983	27.341565696817675
1.0531175E7	25.226598229855558	29.020954606476693
1.0561568E7	25.79923008587504	30.80625960583096
1.0591961E7	29.311255881288453	30.22087120127824
1.0622354E7	27.891224953114204	29.77752094219679
1.0652747E7	22.83423814694173	24.77977426281442
1.068314E7	30.265587470799197	30.363504212292096
1.0713533E7	28.536340604744513	36.79003974778816
1.0743926E7	30.505971769815417	34.42296729117933
1.0774319E7	21.787352350870265	26.296313450290057
1.0804712E7	26.374856052380483	30.755833020175427
1.0835105E7	33.997302010331325	47.774893994302914
1.0865498E7	24.38706281051558	27.56153072399467
1.0895891E7	29.27874839601224	31.553838969706792
1.0926284E7	30.662882900667917	38.22869376975654
1.0956677E7	31.729542986871976	33.64892015002646
1.098707E7	28.696574869213304	34.98224187690728
1.1017463E7	24.309972691080183	32.12396867356589
1.1047856E7	39.80103971309183	36.37360382262898
1.1078249E7	32.849340308623695	41.728193444260285
1.1108642E7	32.69206725232784	44.189507040597704
1.1139035E7	39.16941400980489	43.49728254334151
1.1169428E7	46.669956897969925	47.19845659139305
1.1196832E7	78.4931394634446	94.24137814190539
1.12120285E7	128.31532285045165	119.49152896116142
1.1230214E7	44.26206692330471	50.56452476205881
1.1260607E7	39.29013259632152	44.93304626217592
1.1291E7	38.014049287664925	41.815409563364675
1.1321393E7	42.4312835192314	43.72533377355051
1.1351786E7	39.49192248215049	45.06622566643579
1.1382179E7	29.513638008752014	33.63658866075453
1.1412572E7	28.53821603658737	33.65712641316449
1.1442965E7	30.7420787681374	35.6168882450418
1.1473358E7	24.68904023952884	29.656543596542736
1.1503751E7	30.595729279768367	32.16255638520259
1.1534144E7	22.682690093113546	29.511610419308074
1.1564537E7	33.822162998058765	35.672962598953276
1.159493E7	32.05971769815418	34.70772484504456
1.1625323E7	24.297502714440824	28.794836890091883
1.1655716E7	24.903991050570855	32.47670883855342
1.1686109E7	30.504162142598624	34.28442850579938
1.1716502E7	28.61783963412628	32.16474195162965
1.1746895E7	20.29895041621426	23.166278049217084
1.1777288E7	24.096403777185536	28.79115676260253
1.1807681E7	25.022044549731845	28.30886551150043
1.1838074E7	28.244003553449808	33.7507547645284
1.1868467E7	31.252821373342545	36.20467831572124
1.189886E7	35.65324252294936	41.75339665623748
1.1929253E7	30.270325403875894	32.38062668788893
1.1959646E7	27.013950580725826	33.28453787106603
1.1990039E7	27.091336820978515	37.32613760906131
1.2020432E7	34.885401243707435	47.18423209747756
1.2050825E7	43.34445431513836	53.53884990653037
1.2081218E7	33.53923600829138	36.31536966309149
1.2111611E7	44.312045536801236	46.82570268286587
1.21419565E7	65.90269984817479	143.5213662368988
