#Position (bp)	insert size
15197.0	217.13019920318726
45590.0	210.62104187946883
75983.0	212.1186375072576
106376.0	214.38876804429503
136769.0	213.05193236714976
167162.0	213.47600083839865
197555.0	232.10745501285348
221485.0	211.38625109233905
236681.5	238.07454509880648
258341.0	213.36455440545316
288734.0	211.3740119529593
319127.0	210.54143506821626
349520.0	211.98718844630795
379913.0	212.95873097755998
410306.0	212.3463182897862
440699.0	212.785505289219
471092.0	216.64939965694683
501485.0	212.6690629011553
531878.0	214.00216919739697
562271.0	214.72669826224327
592664.0	213.27723132969035
623057.0	214.03146473779384
653450.0	211.15731246627092
683843.0	210.56205216394383
714236.0	210.2613953488372
744629.0	213.64482501861505
775022.0	214.25271059216013
805415.0	213.44969083754918
835808.0	213.0649849191116
866201.0	211.50550795593637
896594.0	211.8186924286677
926987.0	212.12494382022473
957380.0	211.9484110606686
987773.0	213.84796573875803
1018166.0	212.5077765607886
1038382.5	211.60507246376812
1053579.0	211.1133261494253
1078952.0	211.1280385078219
1109345.0	209.1791504539559
1139738.0	216.75656697009103
1170131.0	216.56810284920084
1200524.0	216.1498447204969
1230917.0	212.94494277760595
1261310.0	212.1676480775892
1291703.0	210.62433606953164
1322096.0	223.0650112866817
1348657.5	214.9060218978102
1363854.0	210.92939878654164
1382882.0	212.83422698838248
1413275.0	211.3377067883628
1443668.0	213.68992456896552
1474061.0	211.0717680608365
1504454.0	212.361914893617
1534847.0	211.67100325243933
1565240.0	211.73380829015545
1595633.0	211.12589451364963
1626026.0	213.36686009026434
1656419.0	212.54208494208495
1686812.0	216.37705544933078
1717205.0	211.97455912113327
1747598.0	222.1515923566879
1777991.0	212.92487046632124
1808384.0	214.6516806722689
1838777.0	213.19940029985008
1869170.0	218.7061873487729
1899563.0	209.67350464262577
1929956.0	215.92380098610488
1960349.0	214.48068669527896
1990742.0	215.55199342375667
2021135.0	216.47847392369619
2051528.0	210.97216764898494
2081921.0	216.08494031221304
2112314.0	223.54395933014354
2142707.0	213.80534709193245
2173100.0	213.1582008530438
2203493.0	216.7635991820041
2233886.0	215.70840364495444
2264279.0	214.82859720342805
2294672.0	212.08111988514
2325065.0	215.17509727626458
2355458.0	213.65581395348838
2385851.0	215.23152227116984
2416244.0	211.5146750524109
2446637.0	214.57797330097088
2477030.0	216.2695174578266
2507423.0	213.54662623199394
2537816.0	213.14404248257551
2568209.0	216.8038418913927
2598602.0	213.45514474061335
2628995.0	212.45473012188043
2659388.0	222.80798122065727
2689781.0	211.81783885745082
2720174.0	214.868661971831
2750567.0	212.74146981627297
2780960.0	212.65958299919808
2811353.0	214.2025518341308
2841746.0	212.0270929948743
2872139.0	215.3606338615513
2889645.5	211.04095563139933
2904842.0	216.97846889952154
2932925.0	214.2220194647202
2963318.0	214.04806333050607
2993711.0	212.98094449047224
3024104.0	211.94436437013547
3054497.0	211.86287223823246
3084890.0	212.89215162840364
3115283.0	211.33896457765667
3145676.0	211.22423025435074
3176069.0	212.71673923560715
3206462.0	212.19932289462548
3236855.0	214.51176014474024
3267248.0	212.88251797299668
3297641.0	220.00143907898945
3322340.5	212.09380442896241
3337537.0	230.25
3358427.0	230.3125
3388820.0	234.44444444444446
3410819.5	225.5
3426016.0	210.7031914893617
3449606.0	211.3884208639541
3479999.0	212.78806306306305
3510392.0	213.29787234042553
3540785.0	213.05835380835381
3571178.0	212.98667533311666
3601571.0	214.42522996057818
3631964.0	213.7750945592086
3662357.0	212.07427701674277
3692750.0	211.72901678657075
3723143.0	213.6978978978979
3753536.0	211.2553775743707
3783929.0	212.29871323529412
3814322.0	213.1058328322309
3844715.0	215.20306888671237
3875108.0	211.94648166501486
3905501.0	213.98249201277955
3935894.0	212.5873610439826
3966287.0	213.15041179020372
3987990.0	209.80865154290547
4003186.5	211.37013122266194
4027073.0	209.19811320754718
4057466.0	211.50112697220135
4087859.0	212.055316091954
4118252.0	213.56056338028168
4148645.0	215.01414743112434
4179038.0	211.61557326793377
4209431.0	210.80062881449973
4239824.0	210.98947883533154
4259839.0	216.78336221837088
4275035.5	213.42771982116244
4300610.0	212.0674891146589
4331003.0	212.9077709611452
4361396.0	212.15520833333332
4391789.0	212.3767987602391
4422182.0	213.02860658258996
4452575.0	214.7890603085554
4482968.0	212.8771033653846
4513361.0	213.9244872591672
4543754.0	213.5033163265306
4574147.0	213.00356333009395
4604540.0	215.83438485804416
4634933.0	211.525079733256
4665326.0	211.9635780885781
4695719.0	210.34380334585182
4726112.0	210.71868530020703
4756505.0	212.04444444444445
4786898.0	216.81549636803874
4817291.0	214.7081225033289
4847684.0	215.68523592085236
4878077.0	211.28710247349824
4908470.0	212.74429065743945
4938863.0	212.75435877566835
4969256.0	214.1470189701897
4999649.0	214.34876435781413
5030042.0	211.51875196974473
5060435.0	214.23152364273204
5090828.0	214.15906210392902
5121221.0	212.37920489296636
5151614.0	212.73775538762945
5182007.0	214.66710114702815
5212400.0	213.4571518588532
5242793.0	211.89673550966023
5273186.0	209.98938934603726
5303579.0	212.52526839486777
5333972.0	211.4485134155185
5352383.0	208.93743409490335
5367579.5	212.30467591968738
5394758.0	212.68048806824316
5425151.0	213.54053035063467
5455544.0	215.65637962502075
5485937.0	211.70668595306975
5516330.0	213.45155131264917
5546723.0	211.56006951987834
5577116.0	213.3034418169047
5607509.0	213.74338983050848
5637902.0	212.50358680057388
5668295.0	212.61159420289854
5698688.0	211.03610370729342
5729081.0	212.1644160151623
5759474.0	214.57348029392116
5789867.0	212.55376479476203
5820260.0	211.07150739351135
5850653.0	211.82466181061395
5881046.0	222.4736667770785
5907241.5	210.02520074119826
5922438.0	213.41320520768753
5941832.0	211.9143854492008
5972225.0	214.21734265734267
6002618.0	212.25505105366065
6033011.0	213.06388557806912
6063404.0	211.3236384374109
6093797.0	213.33036169128886
6124190.0	214.23059725327371
6154583.0	213.88521522145976
6184976.0	214.99720223820944
6215369.0	213.75231006160163
6245762.0	212.6454163577959
6276155.0	215.7639586410635
6306548.0	212.85451505016724
6336941.0	215.24540311173973
6367334.0	214.0695128626163
6397727.0	211.692611393119
6428120.0	213.99485938917448
6458513.0	213.65682044473945
6488906.0	209.9543682641596
6519299.0	213.79013906447534
6549692.0	214.59327411167513
6580085.0	212.46404940449935
6610478.0	214.05598243688254
6640871.0	214.40294447111538
6660029.5	213.96171376481314
6675226.0	215.86342520904304
6701657.0	210.47515976087405
6732050.0	212.14379544921417
6762443.0	212.4270497894476
6792836.0	213.53560606060606
6823229.0	211.52779749231132
6853622.0	215.07591062136515
6884015.0	215.08597285067873
6914408.0	211.87232194557035
6944801.0	214.0384172109105
6975194.0	215.4764239909468
7005587.0	211.46147672552166
7035980.0	214.34220100045476
7066373.0	212.7363315696649
7096766.0	214.98888065233507
7127159.0	214.2387665198238
7157552.0	213.19465408805033
7187945.0	211.71998515494525
7218338.0	213.71721435031654
7248731.0	211.93314972458688
7279124.0	213.2433641515061
7309517.0	231.45877996491913
7327760.5	213.20334928229664
7342957.0	210.64028593311207
7370303.0	212.30987292277615
7400696.0	223.0700288184438
7431089.0	211.11977401129943
7461482.0	214.8250345781466
7491875.0	213.50269946010798
7522268.0	212.2668575891695
7552661.0	213.14412416851442
7583054.0	212.47079380928608
7613447.0	213.48931319464234
7643840.0	213.71132834962623
7674233.0	214.51312133374498
7704626.0	215.03587278106508
7735019.0	212.02337879209574
7765412.0	212.80691430673042
7795805.0	209.14448837544532
7826198.0	209.67862860192102
7856591.0	211.23112429937356
7886984.0	211.85079458505004
7917377.0	215.03723572104764
7947770.0	213.1327120822622
7978163.0	211.4412457471866
8008556.0	214.39118825100132
8038949.0	213.53109540636044
8069342.0	213.14534120734908
8099735.0	212.76255230125523
8130128.0	211.96258253851798
8160521.0	212.07901840490797
8190914.0	213.82766504715633
8221307.0	211.6614134449643
8251700.0	213.95211553078286
8282093.0	212.46138092451727
8312486.0	215.00822143052892
8342879.0	213.63799116484537
8373272.0	216.26868044515103
8398726.5	210.57155467284565
8413923.0	210.295542925516
8434058.0	211.884404057481
8464451.0	212.22157303370787
8494844.0	211.30380655973187
8525237.0	211.6461392704879
8555630.0	212.7954006638217
8586023.0	213.19327111984282
8616416.0	212.2198952879581
8646809.0	210.44757863205191
8677202.0	212.17526395173454
8707595.0	213.4437765205092
8737988.0	216.40730984524203
8768381.0	214.76782449725778
8798774.0	213.36120401337791
8829167.0	214.10285285285286
8859560.0	214.0188552188552
8889953.0	212.77648202138
8920346.0	212.11674571324335
8950739.0	214.83647140864713
8981132.0	216.31875
9011525.0	218.15365853658537
9041918.0	213.00714517700553
9072311.0	211.70622568093384
9102704.0	213.3968347010551
9133097.0	215.4170321637427
9163490.0	212.91883656509694
9193883.0	213.43506849315068
9224276.0	214.04026217228466
9254669.0	214.03323029366305
9285062.0	213.21721477872512
9315455.0	212.90546674560883
9332033.5	211.57772236076477
9347230.0	210.043588505192
9376241.0	211.13656227239622
9406634.0	211.29268292682926
9437027.0	212.84917249616106
9467420.0	211.51992712366203
9497813.0	217.80268595041323
9528206.0	211.9247074409362
9558599.0	213.90337859172718
9588992.0	213.13919227838457
9619385.0	213.68836291913215
9649778.0	212.88830715532285
9680171.0	213.0491927346115
9710564.0	214.97300771208225
9740957.0	213.0251505490613
9771350.0	213.023320377568
9801743.0	212.81653833277537
9832136.0	210.94803639846742
9862529.0	212.22217204786634
9892922.0	213.44681404421326
9923315.0	211.62454257135886
9953708.0	214.82144042482577
9984101.0	211.3604549431321
1.0014494E7	211.59947325769855
1.0044887E7	211.62259827251896
1.007528E7	215.47892635314994
1.01041125E7	211.88013896931093
1.0119309E7	214.85843373493975
1.0136066E7	210.80458860759492
1.0166459E7	212.52570781426954
1.0196852E7	214.19073569482288
1.0227245E7	212.9811413176586
1.0257638E7	215.16150516150518
1.0288031E7	212.56652152878567
1.0318424E7	211.81860672156688
1.0348817E7	210.98316498316498
1.037921E7	213.60481927710845
1.0409603E7	212.3134372243458
1.0439996E7	214.09980106100795
1.0470389E7	213.14554275318375
1.0500782E7	214.4236669101534
1.0531175E7	213.10134656272146
1.0561568E7	213.4916124614858
1.0591961E7	212.56317119393557
1.0622354E7	212.6845725515886
1.0652747E7	214.74634146341464
1.068314E7	212.43340380549682
1.0713533E7	215.82705586942876
1.0743926E7	212.43446379468378
1.0774319E7	214.67269736842104
1.0804712E7	211.96917344173443
1.0835105E7	214.61461022199276
1.0865498E7	214.75245441795232
1.0895891E7	212.2764430577223
1.0926284E7	212.8929178470255
1.0956677E7	213.90131956397016
1.098707E7	213.93975903614458
1.1017463E7	214.21033868092692
1.1047856E7	212.25478142076503
1.1078249E7	214.06430155210643
1.1108642E7	214.23414361553506
1.1139035E7	213.88632326820604
1.1169428E7	211.0094510355922
1.1196832E7	210.96414782129068
1.12120285E7	207.61025469168902
1.1230214E7	213.08597026305756
1.1260607E7	214.4323282702335
1.1291E7	211.83821039903265
1.1321393E7	213.53096380287832
1.1351786E7	211.93209435310936
1.1382179E7	213.70689655172413
1.1412572E7	213.93630573248407
1.1442965E7	215.04586381541924
1.1473358E7	214.7762139338494
1.1503751E7	213.08423261390888
1.1534144E7	213.84061895551258
1.1564537E7	212.11230366492146
1.159493E7	209.77178899082568
1.1625323E7	215.63600713012477
1.1655716E7	216.99691675231244
1.1686109E7	211.75369603784742
1.1716502E7	212.53174603174602
1.1746895E7	214.96981292517006
1.1777288E7	212.66482300884957
1.1807681E7	213.08838383838383
1.1838074E7	214.2586700604518
1.1868467E7	212.1698670605613
1.189886E7	211.97552083333332
1.1929253E7	213.37404355503236
1.1959646E7	215.07444733420027
1.1990039E7	213.19486011711126
1.2020432E7	212.66623275188752
1.2050825E7	212.45983436853
1.2081218E7	212.46616338635752
1.2111611E7	211.8829969944182
1.21419565E7	214.7338504577823
