# Position (bp)	A	C	G	T	N
0.0	22.278428241681258	26.175261295931445	37.42065113073394	14.125513310386092	1.4602126726747118E-4
1.0	21.274209116216106	22.10403882900032	14.457636633938773	42.16233607304477	0.001779347800036168
2.0	28.622333565391646	24.07292225278317	16.231248205989985	31.073207853775177	2.881220600295109E-4
3.0	18.87905890248309	28.019010376335764	12.956796815399882	40.145062206390996	7.169939026838516E-5
4.0	37.68845997679504	12.62956372312172	12.441224270720285	37.24057347470577	1.7855465718755702E-4
5.0	40.17657059372325	13.189457571321725	27.227467359133854	19.40650447582117	0.0
6.0	32.06808217939559	17.007355300549744	23.836066678130702	27.088495841923972	0.0
7.0	38.690660008889914	17.283248309114562	21.482283421443345	22.54380826055218	0.0
8.0	17.418561367607076	35.486744546169625	23.841402140899977	23.25329194532332	0.0
9.0	28.486824608099543	22.566055901471042	15.344028215288944	33.603091275140464	0.0
10.0	25.140544556619027	17.49762685197325	31.702915082382766	25.658913509024956	0.0
11.0	25.424273285338046	21.249916815991398	20.666008627444697	32.65980127122586	0.0
12.0	22.4384470420278	23.26968451722122	26.409617940453096	27.88225050029789	0.0
13.0	21.044778236485246	30.147113516086726	20.593435920358115	28.214672327069916	0.0
14.0	29.779309622147355	23.602743531887114	22.678294068618634	23.939652777346904	0.0
15.0	29.594132334967625	22.283795891356988	21.719296185145463	26.40277558852992	0.0
16.0	28.823299174494732	21.588598119074206	20.899776106330332	28.6882923865204	3.421358032801244E-5
17.0	28.842225669247163	21.505311474605232	21.273131508546044	28.379092759850185	2.3858775138201955E-4
18.0	28.387783912469843	21.48690042174782	22.023031464383667	28.102114442978486	1.697584201873997E-4
19.0	28.22438086361363	22.176528737350353	21.742797611418172	27.856292787617846	0.0
20.0	27.97178675888283	22.243814332108208	21.805302496701394	27.97909641230757	0.0
21.0	27.679511341884222	22.493725045271592	22.076602419807724	27.74982572365777	3.354693786905825E-4
22.0	27.95832304650138	22.361139461378695	21.670732958074158	28.00890252225881	9.020117869555064E-4
23.0	27.944615235168346	22.426198945891702	21.909357864211447	27.719827954728498	0.0
24.0	27.711927827910166	22.417488056403	21.935669389706295	27.934550314172675	3.644118078701687E-4
25.0	28.015518124049994	22.44319081447391	21.679357635956762	27.861339670241513	5.937552778246918E-4
26.0	28.249101741340922	22.13312620287837	21.871071144713248	27.746306793922713	3.941171447526587E-4
27.0	27.806204196733493	22.4614379495309	22.005743270197907	27.72625489342055	3.5969011715434104E-4
28.0	28.035596436970263	22.24516845730866	21.81380600768827	27.905168633122475	2.604649103300709E-4
29.0	27.72884596687948	21.736267297533786	21.822601030560325	27.11890332825615	1.5933823767702626
30.0	27.642364855421775	22.34932391803162	22.191233092302383	27.815754793318355	0.0013233409258674098
31.0	27.968791848018128	22.576042219616472	21.684977845568774	27.76944858760477	7.394991918559918E-4
32.0	28.27243443248058	22.21107227313012	21.812748972081817	27.702559217600275	0.0011851047072038673
33.0	27.65501732819688	22.37280478131886	22.066921107090234	27.90471437988283	5.424035112012706E-4
34.0	27.92247752527195	22.389571700755695	21.72786967995326	27.95992216093056	1.5893308853399482E-4
35.0	27.98648206900746	22.056090100956858	22.115006943318196	27.842357535274083	6.33514433992864E-5
36.0	27.78884244991748	22.463106612355503	22.14712359075522	27.600800953763155	1.2639320864011333E-4
37.0	27.901696779157508	22.321004105115954	21.82008090356085	27.956366462909315	8.517492563755798E-4
38.0	27.912567520902176	22.277455139402463	22.119286717129324	27.690218007758443	4.7261480758905954E-4
39.0	27.782344553749727	22.36620771879938	21.941723181175217	27.90931526800014	4.092782755406173E-4
40.0	27.935431916627085	21.987562009078413	22.026065046225664	28.049745672340414	0.0011953557284277612
41.0	27.974831737530977	22.274289431875506	22.098476169822913	27.652402660770605	0.0
42.0	27.59850956898049	22.411525681603955	22.145238187222283	27.84406696825814	6.595939351279942E-4
43.0	27.769106747861414	22.48435211393639	21.896867596983927	27.849045584917747	6.279563005210468E-4
44.0	27.90143655690932	22.39641913948474	22.109314939746103	27.591950409388737	8.78954471100134E-4
45.0	27.565283107929133	22.483739638374075	22.09359766699432	27.857379586702468	0.0
46.0	27.78700414135256	22.35734234292181	21.813152488937515	28.04250102678811	0.0
47.0	28.018883761941595	22.146341310347317	22.075550737166463	27.759035917743613	1.8827280101290768E-4
48.0	27.558093705558147	22.381280226738983	22.148409601261225	27.912216466441652	0.0
49.0	27.767188866978877	22.33062170748331	21.999597084447835	27.90209026563557	5.02075454409666E-4
50.0	27.963427124098512	22.24865639645655	22.13368761123481	27.6540719784923	1.568897178244291E-4
51.0	27.515912455844056	22.546225107717138	22.247255734743355	27.690606701695458	0.0
52.0	27.896510360005973	22.35933718045721	21.994010984253894	27.75014147528292	0.0
53.0	27.79148044666448	22.297647902550498	22.19725694250547	27.713614708279554	0.0
54.0	27.63605879702777	22.287859716405865	22.253881881374372	27.82219960519199	0.0
55.0	27.78348406721723	22.532216308875	22.034650179010868	27.649649444896905	0.0
56.0	28.033182678867536	22.15539948010875	22.13820573198147	27.672866979061588	3.4512998065703334E-4
57.0	27.64781576908631	22.50701845051565	22.211438685868686	27.63372709452936	0.0
58.0	27.715041588553756	22.328318727670535	22.073869155734	27.882456664008238	3.138640334729714E-4
59.0	27.943829007135168	22.220345740089087	22.177999328233348	27.657386451031662	4.3947351073414054E-4
60.0	27.423515754539707	22.456819182071083	22.409574711871517	27.710058959843142	3.139167455120893E-5
61.0	27.761378100371047	22.333943062245723	22.143426324841712	27.76125251254151	0.0
62.0	28.087583990798215	22.261187367130983	22.001476706091537	27.64950079548751	2.511404917581969E-4
63.0	27.539741801875266	22.528195987260528	22.135258504150812	27.796395671943813	4.0803476958433494E-4
64.0	27.718621067282296	22.425128954302973	21.941838775803028	27.91409723510797	3.139675037354284E-4
65.0	27.91248073921231	22.133789113097837	22.358245783822603	27.594448120143984	0.0010362437232676596
66.0	27.62075976794027	22.27964924125262	22.27459354220802	27.82499744859909	0.0
67.0	27.811925813087928	22.488873533614964	21.924054211096628	27.775020808141086	1.2563405939350157E-4
68.0	27.99178692506119	22.31722452108724	22.282097444646574	27.40889110920499	0.0
69.0	27.584351050423532	22.52251827680711	22.268752715718794	27.62406377411001	3.1418294055753017E-4
70.0	27.69527034774591	22.41378606220441	22.136550625703887	27.753921742640696	4.7122170510003247E-4
71.0	28.10488869453654	22.224431723580697	22.385180801087703	27.2854673660838	3.141471125796441E-5
72.0	27.495971225281547	22.5331176276564	22.37834356888184	27.592567578180223	0.0
73.0	27.72881017359167	22.371335844548	21.932967340494265	27.966886641366067	0.0
74.0	27.947992719357618	22.229861626962876	22.164844673870878	27.657300979808625	0.0
75.0	27.610078718193016	22.430962552079063	22.16668378682916	27.791489614343995	7.853285547661432E-4
76.0	27.64594049529359	22.45976489462911	21.717204553356645	28.176336252127538	7.53804593119837E-4
77.0	27.01645923137064	22.477456862012783	22.308746520800753	28.19733738581583	0.0
78.0	26.434878933955293	22.874024208182327	21.945702494709487	28.745174448705896	2.1991444699684832E-4
79.0	26.088358067149215	23.39417661433784	21.509088475572934	29.00812549366568	2.513492743232264E-4
80.0	26.63027702205998	22.877567433414807	21.287565108666286	29.20452760481788	6.283104104751911E-5
81.0	26.71627722846936	22.68129534150855	21.021242369116404	29.58112222295533	6.283795035173543E-5
82.0	27.15974866322594	23.047624912730285	20.47107107195172	29.321146888987897	4.084631041562063E-4
83.0	27.67356405892593	23.208697788172973	20.299718362241567	28.81770567315068	3.1411750884711965E-4
84.0	26.91528927955505	23.834051596906548	20.10345633204502	29.146606157513883	5.966339794984004E-4
85.0	26.695376742012556	23.778298675228815	19.96078823006248	29.5647512379689	7.851147272448629E-4
86.0	26.974267410798536	24.081875021392275	20.226618362782187	28.716830985495335	4.0821953167171233E-4
87.0	26.426091670807818	24.26185219495672	20.528725882567517	28.783110506428017	2.19745239925701E-4
88.0	26.2985761218472	24.78860972828517	20.347341876434804	28.565001331196722	4.7094223610908787E-4
89.0	26.22428489114205	25.342807933669427	20.30175953125221	28.130456831273715	6.908126625961054E-4
90.0	26.11702610274138	25.30891891017923	20.778495432499035	27.794617704705576	9.418498747810593E-4
91.0	26.278352505756438	25.30298392906753	20.874915438862494	27.543465601863403	2.8252445013678893E-4
92.0	26.584884726383073	25.818590979923826	20.80179152353258	26.7909978139521	0.0037349562084231106
93.0	26.41132904440609	25.480746900988542	21.1815471520477	26.92527851875098	0.00109838380668445
94.0	26.85317261344075	25.32028613797202	21.286892915393	26.539114915183397	5.334180108277581E-4
95.0	26.872874549812398	25.130852438856056	22.012699368796195	25.982977575324075	5.96067211283866E-4
96.0	26.933896605153713	24.92393101070503	22.45957496736539	25.682566044886272	3.137188959479126E-5
97.0	27.043504284926435	24.703217318142375	22.313897918427347	25.939192254193166	1.882243106755182E-4
98.0	27.141570763419132	24.463924900540906	22.276232728002913	26.11701660370728	0.0012550043297649377
99.0	26.738328513620708	24.3574344067235	23.029252141257743	25.87476529003625	2.1964836179976102E-4
100.0	26.662263085226563	24.22809715074683	23.266505585540354	25.84300866072549	1.25517760763148E-4
101.0	26.315123948945697	24.24047030502931	23.76466800835133	25.679549475092543	1.8826258111763965E-4
102.0	25.81225663993112	24.02107632731943	24.820946294714005	25.34556384541307	1.5689262237546098E-4
103.0	25.56669194606045	23.896808615116992	25.234848915093554	25.3003013132211	0.0013492105079024514
104.0	25.47085804005831	23.475598468052315	25.918983487571907	25.134371742681488	1.8826163598106588E-4
105.0	24.871005015442996	23.522088723946023	26.643167957401058	24.96329895768412	4.393455257993107E-4
106.0	24.675737602008788	23.64673571876962	26.837758945386064	24.838512241054612	0.0012554927809165098
107.0	24.601804087296976	23.280073092851154	27.53788865899108	24.578256132672315	0.0019780281884715493
108.0	24.202825943905154	23.183984747378457	27.9215633308886	24.689804206720765	0.001821771107024341
109.0	24.258885485463715	23.128976963078948	28.025854856522898	24.585245533763995	0.0010371611704458096
110.0	24.11417719098268	22.796310135803306	28.432921167651788	24.6565600521372	3.145342502635797E-5
111.0	24.22554070272705	22.689007917160183	28.73775229200418	24.347038091949603	6.609961589827962E-4
112.0	24.484861694826208	22.28017463628727	29.00526548375707	24.229446202895467	2.519822339925924E-4
113.0	24.497726132432092	21.968767866834394	29.804899292942448	23.728543636781623	6.307100944204547E-5
114.0	24.24935837061827	21.744998196552416	30.49358244282187	23.51196623794517	9.47520622786355E-5
115.0	23.931727029693313	21.718532139370016	30.88018702217089	23.469553808765777	0.0
116.0	23.950688590755842	21.31711647140604	31.638162300783968	23.092857133779898	0.0011755032742531743
117.0	23.521975674003585	21.201757798797093	32.281789944319364	22.994476582879958	0.0
118.0	23.59071140329394	20.931132678002893	32.6584742357813	22.819393555223673	2.881276981958404E-4
119.0	23.38781520598943	20.66344304695695	33.45766315637919	22.490982177749437	9.641292498817335E-5
120.0	22.97485546895163	20.57189774428328	34.16878516492025	22.28371960976617	7.420120786661849E-4
121.0	22.82040709637987	20.358414278528343	34.62120110372008	22.199977521371704	0.0
122.0	22.814631041435355	20.106292555746318	35.1473204930121	21.928306543253104	0.003449366553119594
123.0	22.479500755514866	20.00331426378729	35.705995385525036	21.808215255876526	0.0029743392962843966
124.0	22.359285431497977	19.70128704531085	36.235515569880135	21.703714986727736	1.969665833060316E-4
125.0	22.17992345997574	19.551633852887132	36.86651458015914	21.401466506073515	4.6160090447400085E-4
126.0	21.89451760412976	19.379641924086847	37.48783952477293	21.237305589679572	6.953573308874415E-4
127.0	21.734978441948208	19.160281712713815	38.091267018923936	21.01041376762658	0.003059058787462248
128.0	21.652266015576476	18.920271726862676	38.605142561770975	20.821217775510124	0.0011019202797408283
129.0	21.357663969248495	18.832547936900934	39.116631873168814	20.689031967322503	0.004124253359254657
130.0	21.16112554529395	18.469847184705877	39.81914270044277	20.547999166382453	0.0018854031749516108
131.0	21.103403421438976	18.232631753660723	40.41941986235684	20.241604013752823	0.002940948790644673
132.0	20.691080528549204	18.077927613628034	41.120574269199544	20.10841530262347	0.0020022859997447934
133.0	20.51244837239537	17.940326444201645	41.6125562695323	19.933680907249006	9.88006621688517E-4
134.0	20.365437563758697	17.62405736307548	42.291554595567675	19.718027120037508	9.233575606397979E-4
135.0	20.006096112629802	17.49779977016008	42.888486447819886	19.60675954542771	8.581239625281294E-4
136.0	19.870038812639862	17.217273261312602	43.3733059307712	19.538451732270307	9.302630060243144E-4
137.0	19.68426523767252	16.945525015985236	44.09725524262112	19.271052528744896	0.001901974976233958
138.0	19.421352514230545	16.730407103576706	44.70254501335773	19.144897167356476	7.982014785467735E-4
139.0	19.236398828625745	16.62835334436822	45.087078212459765	19.044930888013543	0.0032387265327273314
140.0	19.049324790440757	16.378680697624517	45.808011373127634	18.762165898649723	0.0018172401573729976
141.0	18.815809547524566	16.106428086689824	46.308036818099716	18.767095182398297	0.002630365287595373
142.0	18.60619148238295	15.885892142468006	46.98080418039791	18.525387724304334	0.0017244704467997347
143.0	18.472469857372747	15.56568343593639	47.57522370150015	18.38372730717388	0.0028956980168353057
144.0	18.053030931166514	15.425720766975573	48.227093595710016	18.2916743734148	0.0024803327330928117
145.0	17.875110716504235	15.242200242287357	48.634297919578664	18.24622212708672	0.0021689945430230736
146.0	17.57916413464424	14.960871555720967	49.464769413192876	17.99248297107125	0.0027119253706684577
147.0	17.36536360305796	14.91614311698851	49.75076253878052	17.964722486737717	0.003008254435295133
148.0	17.216654002267724	14.622579934054022	50.312846015892774	17.84504313747208	0.002876910313399821
149.0	17.058448300309227	14.285496699765115	51.00265418593663	17.652457941542636	9.428724464022345E-4
150.0	16.668113098841154	14.177867399849767	50.978383739671386	18.17330202233097	0.0023337393067335674
