#Position (bp)	mapping quality
15197.0	15.179010654500155
45590.0	37.12283462080869
75983.0	37.321048116036984
106376.0	37.010711209523144
136769.0	33.68536925863015
167162.0	27.510211252038875
197555.0	22.1115697561942
221485.0	7.87529458349566
236681.5	11.203707047440577
258341.0	31.70856195848326
288734.0	35.97334804941676
319127.0	35.06416696584039
349520.0	36.392222107652806
379913.0	36.310717806579774
410306.0	34.97277078039081
440699.0	28.269044553306774
471092.0	32.82124074091586
501485.0	27.177842930321894
531878.0	33.77261357624
562271.0	34.41034743598385
592664.0	35.212246584478926
623057.0	35.45857030904478
653450.0	32.49218038956961
683843.0	35.51714305718614
714236.0	32.46007477207914
744629.0	35.58123975719722
775022.0	34.90220920439211
805415.0	36.05377808032675
835808.0	34.105522646983076
866201.0	36.33928830675149
896594.0	34.81672181980475
926987.0	36.549686961568156
957380.0	36.71753560091877
987773.0	35.79711221188352
1018166.0	35.68028453814951
1038382.5	9.063041624324008
1053579.0	15.74608496807595
1078952.0	36.40854872731785
1109345.0	37.92887592125955
1139738.0	32.246286707512354
1170131.0	35.44828581693141
1200524.0	33.84203086550106
1230917.0	31.224717502301832
1261310.0	37.625673455800154
1291703.0	37.34060595846696
1322096.0	34.5749528638294
1348657.5	21.09284370648687
1363854.0	5.13067857604784
1382882.0	21.500418676480912
1413275.0	34.5980733739184
1443668.0	35.4577068698702
1474061.0	34.395937419094835
1504454.0	34.36807443123274
1534847.0	36.096020255617
1565240.0	34.09430197336219
1595633.0	33.4277208780697
1626026.0	35.58782567809809
1656419.0	35.79234739972306
1686812.0	35.018246049249264
1717205.0	36.39367936202675
1747598.0	32.37997542179469
1777991.0	35.6238329007551
1808384.0	34.314278280554234
1838777.0	31.845230886418623
1869170.0	22.305655870160894
1899563.0	16.52407643312102
1929956.0	34.80054098098119
1960349.0	32.990255507955936
1990742.0	34.85375131363362
2021135.0	21.39710569814836
2051528.0	35.91740745590425
2081921.0	35.192033589401554
2112314.0	27.75165759206927
2142707.0	35.264519769600135
2173100.0	31.05480439773422
2203493.0	35.87625480559838
2233886.0	19.478747429124493
2264279.0	34.79248797816575
2294672.0	35.40767755369737
2325065.0	35.36133722677617
2355458.0	18.33178553480191
2385851.0	33.98166969147005
2416244.0	35.966993660394806
2446637.0	22.529050935745442
2477030.0	35.374144071760064
2507423.0	26.324595530571862
2537816.0	34.08490733140903
2568209.0	20.507622235931336
2598602.0	29.201751159236327
2628995.0	36.11852035186503
2659388.0	31.042495234353012
2689781.0	36.1946671297046
2720174.0	33.99127837765004
2750567.0	35.43771708309273
2780960.0	36.81351818514348
2811353.0	35.131438842625236
2841746.0	35.92261335582695
2872139.0	24.490484931601326
2889645.5	0.7909374231446875
2904842.0	7.02068601459431
2932925.0	36.337986271495936
2963318.0	35.43731983691482
2993711.0	35.87452728444874
3024104.0	35.88385396440758
3054497.0	36.14326444877932
3084890.0	31.754717404561532
3115283.0	30.838545309721585
3145676.0	35.66831757466607
3176069.0	36.88356508158393
3206462.0	34.32247514328047
3236855.0	35.28726519106388
3267248.0	36.40259483695302
3297641.0	30.85201845063795
3322340.5	27.045214105793452
3337537.0	22.232821341956345
3358427.0	32.47671768153696
3388820.0	34.52218700475436
3410819.5	30.977379830348728
3426016.0	13.97127156275872
3449606.0	28.93695903076597
3479999.0	35.206787005497
3510392.0	35.7464401176431
3540785.0	35.85663385804527
3571178.0	35.580598261850774
3601571.0	35.99291132886285
3631964.0	36.001520203048386
3662357.0	36.339058343278815
3692750.0	33.37570877089418
3723143.0	35.167432300383005
3753536.0	36.55976377675416
3783929.0	33.91254055641357
3814322.0	35.48204801932419
3844715.0	33.98285485714007
3875108.0	30.106353444800053
3905501.0	32.105034301688406
3935894.0	36.08365007787662
3966287.0	35.60038722007734
3987990.0	17.425120700999276
4003186.5	9.966221160042009
4027073.0	35.63910051618792
4057466.0	37.07125322016554
4087859.0	35.77096505914575
4118252.0	31.834258457216436
4148645.0	30.01769818665888
4179038.0	36.489342365098246
4209431.0	35.332641630361906
4239824.0	36.53932088989245
4259839.0	33.9558641457732
4275035.5	25.023872497159203
4300610.0	35.767598396132186
4331003.0	36.064484629823035
4361396.0	36.23210632987069
4391789.0	35.49218607269298
4422182.0	35.25306907110096
4452575.0	35.880827260932364
4482968.0	35.06050713931883
4513361.0	33.8885778737969
4543754.0	36.07246236776923
4574147.0	35.47437257354971
4604540.0	34.53124898567346
4634933.0	34.855232754447414
4665326.0	31.476973481459126
4695719.0	35.64371324451672
4726112.0	37.02546366510691
4756505.0	34.92611190723219
4786898.0	31.4000155029919
4817291.0	18.12912478011081
4847684.0	25.016982430112286
4878077.0	35.933900278986954
4908470.0	35.087562331583825
4938863.0	35.58750957984429
4969256.0	25.368519736493152
4999649.0	34.79863669669856
5030042.0	33.69082427348319
5060435.0	35.686829178190244
5090828.0	17.657925213142075
5121221.0	35.56115794987621
5151614.0	33.68310768644476
5182007.0	35.8450180856561
5212400.0	35.363385990077326
5242793.0	36.289066336918495
5273186.0	34.64989002595797
5303579.0	35.9487032311301
5333972.0	26.278622955151796
5352383.0	0.7751380920545912
5367579.5	23.251087914445137
5394758.0	35.96531536799326
5425151.0	36.057214234527976
5455544.0	32.472751112895246
5485937.0	35.99156680186118
5516330.0	36.20554557001871
5546723.0	35.730541279856155
5577116.0	31.801880051727
5607509.0	35.23332581065287
5637902.0	34.042005773548595
5668295.0	35.82244350881732
5698688.0	36.27946781608197
5729081.0	34.942067697983944
5759474.0	35.277075952924086
5789867.0	35.759160813571725
5820260.0	34.399950091472476
5850653.0	34.91758625295306
5881046.0	20.06479431216931
5907241.5	4.691376179189634
5922438.0	1.4142555689955059
5941832.0	21.51548474043789
5972225.0	35.17726445090059
6002618.0	35.10009389552721
6033011.0	34.8611644634752
6063404.0	34.55328572609206
6093797.0	36.240027395671774
6124190.0	31.798222712760047
6154583.0	35.8369987842995
6184976.0	34.866391007381544
6215369.0	36.79783705001878
6245762.0	35.09788576367409
6276155.0	35.61952661428112
6306548.0	35.41395218973597
6336941.0	34.839938198359924
6367334.0	33.89370771497855
6397727.0	21.60482276387078
6428120.0	35.63789086205598
6458513.0	34.73069822850549
6488906.0	36.95988537586578
6519299.0	35.02321055590556
6549692.0	36.77896884385861
6580085.0	35.91639123319321
6610478.0	32.86180667781651
6640871.0	22.40542798009166
6660029.5	8.230338525317574
6675226.0	27.981606489087827
6701657.0	36.599429386590586
6732050.0	36.444168842009226
6762443.0	35.996728294378656
6792836.0	34.99647301379699
6823229.0	35.71155502556392
6853622.0	34.67857217911507
6884015.0	35.026647086309325
6914408.0	36.17330328889034
6944801.0	35.50585887835793
6975194.0	34.546092394100874
7005587.0	36.457681073433434
7035980.0	36.618365486016955
7066373.0	35.691759742322795
7096766.0	34.33128681177053
7127159.0	35.9034462741808
7157552.0	35.53463801387772
7187945.0	37.282631428903
7218338.0	33.795867255925366
7248731.0	35.82564453793846
7279124.0	34.856682094036834
7309517.0	26.281034151327507
7327760.5	9.596890335764682
7342957.0	10.256541289357296
7370303.0	34.74618052684331
7400696.0	33.28426861503993
7431089.0	32.77968609645493
7461482.0	35.32212095774873
7491875.0	35.21997955878349
7522268.0	35.578835842227804
7552661.0	23.263085088741185
7583054.0	35.73565854222298
7613447.0	35.89955782641218
7643840.0	35.783688735368735
7674233.0	36.241711083220885
7704626.0	34.88943238043656
7735019.0	35.27563877254379
7765412.0	36.169458716787545
7795805.0	2.161062603928653
7826198.0	10.679640836914992
7856591.0	35.96044657517197
7886984.0	36.69284745446827
7917377.0	22.27743168842968
7947770.0	34.86311757143232
7978163.0	26.727954594951825
8008556.0	34.765297702062654
8038949.0	35.557687936907904
8069342.0	35.366722736092335
8099735.0	35.837679229290224
8130128.0	36.29762889864167
8160521.0	36.53720614740253
8190914.0	35.70989459014371
8221307.0	36.41883621408905
8251700.0	35.832119932913
8282093.0	31.256982220285884
8312486.0	25.259999315115405
8342879.0	34.34629848926178
8373272.0	33.538345625643764
8398726.5	4.406135802929164
8413923.0	1.6190444311882626
8434058.0	36.31306258128076
8464451.0	36.596680378219204
8494844.0	36.4300119240227
8525237.0	35.684405875398646
8555630.0	35.33396632518422
8586023.0	23.915191808166778
8616416.0	28.763386754975663
8646809.0	35.75304212817524
8677202.0	35.52583896479719
8707595.0	35.54396494385539
8737988.0	35.27408445995674
8768381.0	24.66649938905216
8798774.0	27.1817957485811
8829167.0	35.57301391149013
8859560.0	35.50510915901531
8889953.0	35.79059418748383
8920346.0	34.50955534680023
8950739.0	34.22435804280172
8981132.0	34.88941288503095
9011525.0	31.0833934328211
9041918.0	34.8746711733485
9072311.0	36.34267108700902
9102704.0	35.95225681690506
9133097.0	34.868606673054195
9163490.0	35.3829835865622
9193883.0	36.09191683775607
9224276.0	35.94203736239486
9254669.0	35.72926766176781
9285062.0	35.55864396897169
9315455.0	29.259666587647583
9332033.5	14.769293005207174
9347230.0	12.681766294683078
9376241.0	36.57631378434393
9406634.0	35.74636448575741
9437027.0	30.315846165204057
9467420.0	35.695975012917344
9497813.0	34.594802482356776
9528206.0	36.90342198944499
9558599.0	35.407521221750955
9588992.0	32.884698589270926
9619385.0	34.309649681428425
9649778.0	36.09830782787699
9680171.0	35.180788431138765
9710564.0	35.124462073513854
9740957.0	35.91285592271936
9771350.0	35.003588942047145
9801743.0	35.9094956984017
9832136.0	36.12927578171662
9862529.0	28.2793006780665
9892922.0	19.906632182882962
9923315.0	29.472290283033015
9953708.0	34.521409551623435
9984101.0	36.68129332513522
1.0014494E7	36.28391071385026
1.0044887E7	35.78305536745165
1.007528E7	33.936089780754166
1.01041125E7	20.030541394375483
1.0119309E7	15.534743743371486
1.0136066E7	26.099806853637006
1.0166459E7	36.004117182795774
1.0196852E7	34.35382572024381
1.0227245E7	24.256674367415386
1.0257638E7	34.67947665022841
1.0288031E7	34.97034144555445
1.0318424E7	36.54958989090078
1.0348817E7	35.55336595171819
1.037921E7	35.7938665371582
1.0409603E7	36.05163610564565
1.0439996E7	35.63938285889859
1.0470389E7	34.45711385191791
1.0500782E7	35.73831454383371
1.0531175E7	35.3352484374837
1.0561568E7	35.78451402598595
1.0591961E7	35.57640451834582
1.0622354E7	35.489541086566206
1.0652747E7	33.83373078713143
1.068314E7	29.127565874011538
1.0713533E7	24.398865451023575
1.0743926E7	36.03630733588735
1.0774319E7	35.26980004017017
1.0804712E7	35.21664248619343
1.0835105E7	26.061124767729947
1.0865498E7	35.59348809221852
1.0895891E7	35.6524713188121
1.0926284E7	35.698662034021616
1.0956677E7	35.75351218844493
1.098707E7	35.108166365694956
1.1017463E7	34.224097350893885
1.1047856E7	36.41030923232973
1.1078249E7	28.20626308356454
1.1108642E7	35.708223548474756
1.1139035E7	35.92823710851794
1.1169428E7	36.119923296015344
1.1196832E7	4.713849332867184
1.12120285E7	0.7840520213957284
1.1230214E7	16.733010123716138
1.1260607E7	26.179128162827798
1.1291E7	35.891938536959444
1.1321393E7	35.9624368221809
1.1351786E7	35.48852599147864
1.1382179E7	33.743264274120186
1.1412572E7	34.865366479047964
1.1442965E7	35.3905627905782
1.1473358E7	35.359406109486734
1.1503751E7	35.65099538012853
1.1534144E7	35.281546863554276
1.1564537E7	36.28211588617034
1.159493E7	35.05386954518258
1.1625323E7	33.572996476517794
1.1655716E7	30.00128813711592
1.1686109E7	34.675284458313065
1.1716502E7	36.02927055285117
1.1746895E7	35.04319664930156
1.1777288E7	35.022176191555545
1.1807681E7	35.9566164143091
1.1838074E7	35.97014282053074
1.1868467E7	35.95296183570963
1.189886E7	32.23759861721341
1.1929253E7	35.232470223020286
1.1959646E7	35.60710322946038
1.1990039E7	34.263006338453245
1.2020432E7	25.260305846047054
1.2050825E7	16.575081526194655
1.2081218E7	34.976477351431
1.2111611E7	36.71552210612604
1.21419565E7	16.157071096598422
