#Position (bp)	Coverage	Std
15197.0	0.09169874642187346	0.44294073261942246
45590.0	0.10719573586023097	0.4091539669976332
75983.0	0.09416641989931893	0.39215483053814515
106376.0	0.08643437633665647	0.36643463194144993
136769.0	0.05409140262560458	0.33090617669139
167162.0	0.11841542460434969	0.4108792622782298
197555.0	0.09327805744743856	0.41446709922892183
221485.0	0.1616763038873304	0.5866787065631771
236681.5	0.12099644128113879	0.5420575582079229
258341.0	0.09791728358503603	0.4054379803507567
288734.0	0.05619715065969138	0.31709536204057687
319127.0	0.09785147895897081	0.39257411305984935
349520.0	0.052314677721843846	0.2613526388917672
379913.0	0.04774125621031158	0.32014169534218484
410306.0	0.052676603165202514	0.3049833420749037
440699.0	0.08380219129404798	0.3465924766668273
471092.0	0.018030467541868194	0.18972382680536246
501485.0	0.06948968512486428	0.37757876313463745
531878.0	0.05701970848550653	0.2815344953918584
562271.0	0.08413121442437403	0.35391963171761437
592664.0	0.02625604580001974	0.22377962471062154
623057.0	0.05553910439903925	0.274852161575753
653450.0	0.08380219129404798	0.3784491625448982
683843.0	0.053203040173724216	0.3337279275328512
714236.0	0.06310663639653867	0.3535010394579319
744629.0	0.10357648142664429	0.48604383297611387
775022.0	0.07514888296647254	0.33740480597172506
805415.0	0.06573882143914717	0.348344270032179
835808.0	0.09225808574342777	0.42415780985653284
866201.0	0.05501266739051755	0.28449901592134064
896594.0	0.051426315269963475	0.28501896582070585
926987.0	0.10212877965320961	0.3820401295841067
957380.0	0.11802059684795842	0.4487706074071502
987773.0	0.06557430987398415	0.31475206836679764
1018166.0	0.14644819530813016	0.5531947338110426
1038382.5	0.0848605577689243	0.3898615547505421
1053579.0	0.09787254950130202	0.3753182046331254
1078952.0	0.10068107787977496	0.4095558470345972
1109345.0	0.07847201658276577	0.35972878277563525
1139738.0	0.06304083177047347	0.32203740571364486
1170131.0	0.10038495706248149	0.5086363016688669
1200524.0	0.0870924225973086	0.3989341902353271
1230917.0	0.07942618366071134	0.35294214418435077
1261310.0	0.08228868489454809	0.3320476637054737
1291703.0	0.06501497055242983	0.3225478473174186
1322096.0	0.10423452768729642	0.40689610366784584
1348657.5	0.11953365596128465	0.44261551145557726
1363854.0	0.039410152681717346	0.2290412017798317
1382882.0	0.051097292139637415	0.2684938879275284
1413275.0	0.10390550455697035	0.42096538811833084
1443668.0	0.0781429934524397	0.40967633417043287
1474061.0	0.061626032310071396	0.30905568225427565
1504454.0	0.08735564110156945	0.4051538469762718
1534847.0	0.09818050208929688	0.4092343745776563
1565240.0	0.0440890994636923	0.27208492116132404
1595633.0	0.08508538150231962	0.4173545796976681
1626026.0	0.03974599414338828	0.24145993185988057
1656419.0	0.057644852433126045	0.2755694803116904
1686812.0	0.09064587240483006	0.4396601972734869
1717205.0	0.05961899121508242	0.2532972767591118
1747598.0	0.05836870331984338	0.359591560271014
1777991.0	0.01987299707169414	0.18710441220530583
1808384.0	0.07001612213338598	0.3362325795934042
1838777.0	0.04991280887046359	0.2728698121683449
1869170.0	0.06560721218701675	0.3146997969941268
1899563.0	0.07231928404566841	0.3593169580467177
1929956.0	0.08232158720758069	0.41355316846021983
1960349.0	0.09982561774092719	0.3778836309785208
1990742.0	0.06274471095318	0.3974468579188195
2021135.0	0.060770572171223634	0.3481080563547598
2051528.0	0.04882703254038759	0.25121034293304617
2081921.0	0.0695554897509295	0.32193522027375243
2112314.0	0.036093837396768996	0.2670193108029036
2142707.0	0.05961899121508242	0.3041731484659496
2173100.0	0.09238969499555819	0.4088321785349576
2203493.0	0.04336524857697496	0.2737726594973956
2233886.0	0.05961899121508242	0.31740649411415667
2264279.0	0.025861218043628467	0.1788324586524863
2294672.0	0.026650873556411016	0.1716987841460013
2325065.0	0.03974599414338828	0.2737726594973956
2355458.0	0.112624617510611	0.45191222266429865
2385851.0	0.040897575099529494	0.3202444530708276
2416244.0	0.02980949560754121	0.18586938608667242
2446637.0	0.03968018951732307	0.32559369249274034
2477030.0	0.04349685782910539	0.25920363271486346
2507423.0	0.018556904550389892	0.18850596296991426
2537816.0	0.11927088474319744	0.43556255227694596
2568209.0	0.1200276379429474	0.4828857965006634
2598602.0	0.13944000263218503	0.5833879721157084
2628995.0	0.08728983647550423	0.4963261202829472
2659388.0	0.13851873786727206	0.6114213609913147
2689781.0	0.042641397690257626	0.2473829061205473
2720174.0	0.08265061033790676	0.4541274029260683
2750567.0	0.12091600039482775	0.5116032644289735
2780960.0	0.08488796762412397	0.4459389868233903
2811353.0	0.1253578126542296	0.4972864212433999
2841746.0	0.07462244595795084	0.40754248390639725
2872139.0	0.11114401342414372	0.43435223371011217
2889645.5	0.22987012987012986	0.641291985959135
2904842.0	0.10933923097815543	0.41280854536068284
2932925.0	0.11920508011713224	0.4972533382894835
2963318.0	0.09581153555094923	0.3809188896258537
2993711.0	0.08067647155595038	0.39198699195543585
3024104.0	0.07781397032211365	0.39186106584244
3054497.0	0.06527818905669068	0.32871141750641814
3084890.0	0.08087388543414602	0.3750870439343701
3115283.0	0.07669529167900503	0.3494287962718608
3145676.0	0.10166814727075313	0.4173545796976681
3176069.0	0.07804428651334189	0.3564670152088761
3206462.0	0.12190306978580594	0.4838387719344049
3236855.0	0.08936268219655842	0.41171922076092965
3267248.0	0.09094199322212351	0.3868329350925189
3297641.0	0.16464317441516138	0.6541113656526776
3322340.5	0.039934757445017365	0.2528382504492649
3337537.0	0.5142706595240186	1.1281309193585585
3358427.0	0.6760438258809595	1.486932961220872
3388820.0	0.3417234231566479	0.9581442157816212
3410819.5	0.647140967220344	1.5953915330601782
3426016.0	0.12783701673914338	0.4923916271681231
3449606.0	0.08146612706873294	0.37692464455749447
3479999.0	0.15375250880136873	0.5096056875333719
3510392.0	0.10838021912940479	0.40062137108877877
3540785.0	0.138025203171783	0.5304221702962797
3571178.0	0.08896785444016714	0.4285949295792478
3601571.0	0.062316980883756125	0.3186479844885618
3631964.0	0.07616885467048333	0.4982448713544513
3662357.0	0.10074688250584016	0.401277858823004
3692750.0	0.03862731550027967	0.25882254409998023
3723143.0	0.12947060178330536	0.44759600540614647
3753536.0	0.047379330766952915	0.2514721568060152
3783929.0	0.07685980324416807	0.36670390421191523
3814322.0	0.03790346461356233	0.2623578450594
3844715.0	0.08916526831836279	0.4267870721431331
3875108.0	0.0861053532063304	0.41597267246596376
3905501.0	0.12193597209883855	0.46394712183535497
3935894.0	0.12874675089658802	0.43560032054515285
3966287.0	0.1757970585332149	0.5478757174729195
3987990.0	0.23430415738108046	0.6560607731819101
4003186.5	0.06754890678941312	0.315316707465533
4027073.0	0.10969631165070905	0.4667047377902361
4057466.0	0.0584345079459086	0.30145677732646564
4087859.0	0.12157404665547988	0.44979586796400817
4118252.0	0.08916526831836279	0.42166823407532594
4148645.0	0.0733063534366466	0.34768246732010394
4179038.0	0.13621557595498965	0.6092650454718891
4209431.0	0.06425821735267989	0.33244378393425283
4239824.0	0.033691968545388744	0.2473829061205473
4259839.0	0.12535021272180139	0.4874687858345573
4275035.5	0.14415108884178068	0.48039217614199237
4300610.0	0.10630737340835061	0.4889123686120898
4331003.0	0.0839338005461784	0.38933399047760614
4361396.0	0.0627118086401474	0.3294113361460641
4391789.0	0.1179876945349258	0.520497498082824
4422182.0	0.04247688612509459	0.26466776238601214
4452575.0	0.097752772019873	0.39905788436994194
4482968.0	0.06603494225644063	0.2897133075061938
4513361.0	0.11769157371763235	0.5543829958048627
4543754.0	0.09916757148027507	0.4485139260729306
4574147.0	0.0568551969203435	0.3018930391716893
4604540.0	0.09890435297601421	0.40786528988485515
4634933.0	0.06771296022110354	0.3598659529551774
4665326.0	0.138189714736946	0.4788832027094552
4695719.0	0.05813838712861514	0.3151699272542323
4726112.0	0.07514888296647254	0.3463550682708168
4756505.0	0.08376928898101536	0.4741534613938805
4786898.0	0.08643437633665647	0.40303687107010044
4817291.0	0.1163096765702629	0.4711601702510453
4847684.0	0.04751094001908334	0.29405319017090953
4878077.0	0.02438061395716119	0.21130177184597057
4908470.0	0.11923798243016484	0.4237697777472629
4938863.0	0.06389629190932122	0.29639361632305533
4969256.0	0.08626986477149344	0.3674657707675857
4999649.0	0.11607936037903464	0.4602088536641663
5030042.0	0.0892968775704932	0.4002927234771976
5060435.0	0.1131181522061001	0.43291058549511685
5090828.0	0.09637087487250354	0.3800974303072487
5121221.0	0.08344026585068931	0.36296123950437903
5151614.0	0.07942618366071134	0.32951120315946836
5182007.0	0.056065541407560954	0.3621444735847398
5212400.0	0.08047905767775475	0.36395701981040635
5242793.0	0.10446484387852466	0.5231142681022816
5273186.0	0.057644852433126045	0.3207064554073194
5303579.0	0.09054716546573224	0.40185140582562506
5333972.0	0.07906425821735268	0.3654456027910974
5352383.0	0.2816923316223363	0.693614633579775
5367579.5	0.15510766149223837	0.5418937225537385
5394758.0	0.13272793077353337	0.5834443680723499
5425151.0	0.08857302668377587	0.36141690986926245
5455544.0	0.076530780113842	0.34195733727744815
5485937.0	0.11512519330108907	0.43112082566398063
5516330.0	0.08666469252788471	0.37840569012357905
5546723.0	0.07639917086171158	0.3432058866871752
5577116.0	0.1385845424933373	0.45542966675168345
5607509.0	0.14273023393544565	0.48968567201995394
5637902.0	0.05863192182410423	0.3077220448844064
5668295.0	0.09410061527325371	0.41115943910061287
5698688.0	0.056394564537887014	0.3300100849033655
5729081.0	0.1073931497384266	0.4470443483146275
5759474.0	0.1073273451123614	0.4060056505682612
5789867.0	0.06939097818576646	0.3855976563652162
5820260.0	0.07468825058401606	0.3667487637024754
5850653.0	0.11167045043266542	0.4643724363220765
5881046.0	0.0653768959957885	0.29932089534108147
5907241.5	0.09773615783253023	0.4107275913385334
5922438.0	0.05610482430017868	0.32468429711541236
5941832.0	0.1396703188234133	0.46906051555107214
5972225.0	0.06116539992761491	0.31704347701003394
6002618.0	0.06866712729904913	0.3385243806471956
6033011.0	0.09373868982989504	0.37966436940519943
6063404.0	0.09202776955219952	0.36960844648273516
6093797.0	0.08890204981410194	0.36123478997366265
6124190.0	0.02980949560754121	0.1812084667076596
6154583.0	0.08636857171059126	0.39876920503793384
6184976.0	0.046161945184746485	0.27622538609370023
6215369.0	0.018885927680715953	0.23650355632723694
6245762.0	0.07939328134767874	0.3532682738835675
6276155.0	0.06373178034415819	0.3439241418572114
6306548.0	0.11025565097226335	0.45103769407955707
6336941.0	0.17467837989010626	0.6474630262404453
6367334.0	0.07824170039153752	0.37988096156692397
6397727.0	0.09485736847300365	0.3936621576727628
6428120.0	0.08149902938176554	0.3603228097507345
6458513.0	0.054749448886256706	0.3108073214448652
6488906.0	0.1185141315434475	0.4357136057069342
6519299.0	0.04349685782910539	0.3412831495040825
6549692.0	0.13848583555423946	0.5102509216326931
6580085.0	0.14753397163820617	0.5365587004562541
6610478.0	0.13559043200737012	0.48438248754007895
6640871.0	0.07376698581910308	0.34597487598468957
6660029.5	0.25214538112064616	0.7063925317303417
6675226.0	0.05701188303885353	0.29527409417250655
6701657.0	0.0403711380910078	0.30314379475765146
6732050.0	0.1254565195933274	0.49346734314878266
6762443.0	0.10551771789556806	0.40287356601028856
6792836.0	0.08034744842562432	0.3640474102302305
6823229.0	0.097752772019873	0.44656569426079534
6853622.0	0.07054255914190767	0.40234236679775903
6884015.0	0.014542822360411937	0.14646606466092832
6914408.0	0.06080347448425624	0.37600696682522894
6944801.0	0.08515118612838482	0.41171922076092965
6975194.0	0.09317935050834074	0.3729758430540227
7005587.0	0.11249300825848058	0.47095062602442556
7035980.0	0.06471884973513638	0.34046269812399654
7066373.0	0.08301253578126543	0.38122108633314283
7096766.0	0.06386338959628862	0.28141760333973975
7127159.0	0.09271871812588425	0.3872579796500248
7157552.0	0.12716743987102294	0.5132085500320631
7187945.0	0.06030993978876715	0.29633810670250615
7218338.0	0.09920047379330767	0.39059957185357347
7248731.0	0.10446484387852466	0.4346172789020153
7279124.0	0.10805119599907874	0.4818285179999927
7309517.0	0.12874675089658802	0.43351817959832617
7327760.5	0.0	0.0
7342957.0	0.06716325774723239	0.3330931820755011
7370303.0	0.08159773632086335	0.4030776869971958
7400696.0	0.0611324976145823	0.30069179605303803
7431089.0	0.07949198828677656	0.33070725501625
7461482.0	0.08225578258151547	0.3354488196007152
7491875.0	0.0993320830454381	0.39043106469652805
7522268.0	0.10272102128779653	0.6082922096860104
7552661.0	0.08620406014542822	0.41751222071545113
7583054.0	0.07090448458526634	0.3467822863615955
7613447.0	0.0632711479617017	0.3898407160592746
7643840.0	0.06560721218701675	0.3141766049498571
7674233.0	0.034876451814562566	0.24336015174775666
7704626.0	0.045503898924094364	0.26103771813768106
7735019.0	0.043628467081235814	0.2502918376896901
7765412.0	0.06715362089954924	0.3873854020761712
7795805.0	1.6226762741420722	2.3204730416529586
7826198.0	0.08682920409304774	0.33598785099296646
7856591.0	0.03974599414338828	0.30910890806751007
7886984.0	0.09528509854242753	0.373680901987753
7917377.0	0.03283650840654098	0.2161510687142231
7947770.0	0.07636626854867898	0.36273454456033294
7978163.0	0.02688118974763926	0.21347061519131755
8008556.0	0.05613134603362616	0.34891053039517583
8038949.0	0.037377027605040636	0.271963967645162
8069342.0	0.05461783963412628	0.29528144123260847
8099735.0	0.04606323824564867	0.2736524519572439
8130128.0	0.04968249267923535	0.2539459264172358
8160521.0	0.04760964695818116	0.2683713159567821
8190914.0	0.07481985983614649	0.32710597974056566
8221307.0	0.13407692560787024	0.48499343899696384
8251700.0	0.11890895929983877	0.4507093083832534
8282093.0	0.07100319152436416	0.3240743482599
8312486.0	0.09607475405521008	0.4488072641854353
8342879.0	0.05961899121508242	0.2967264559746134
8373272.0	0.0595202842759846	0.31254914396588546
8398726.5	0.11254630532267498	0.43972864246231985
8413923.0	0.12169687151969222	0.537732857937865
8434058.0	0.0707070707070707	0.3622353162987197
8464451.0	0.11808640147402362	0.5043488693901063
8494844.0	0.11331556608429573	0.43864875084135485
8525237.0	0.13144474056526173	0.4458282999428973
8555630.0	0.08242029414667851	0.32926147883169904
8586023.0	0.0940348106471885	0.38452957593471565
8616416.0	0.0568551969203435	0.2856531748832198
8646809.0	0.11502648636199125	0.48093997610847605
8677202.0	0.045174875793768304	0.2723870699730936
8707595.0	0.038956338630605734	0.23775233708634166
8737988.0	0.08534860000658047	0.4020969612447063
8768381.0	0.0786365281479288	0.36853866581214834
8798774.0	0.05336755173888724	0.31027756595249634
8829167.0	0.07949198828677656	0.3556353347142803
8859560.0	0.08436153061560228	0.3903889265425339
8889953.0	0.03207975520679104	0.21269856703756496
8920346.0	0.10696541966900273	0.406855670806051
8950739.0	0.07080577764616852	0.3257957363796948
8981132.0	0.07212187016747278	0.3551724484908875
9011525.0	0.14911328266377127	0.6134092042355449
9041918.0	0.043266541637877146	0.2783611811869385
9072311.0	0.06761425328200572	0.38619449112695003
9102704.0	0.054486230381995855	0.3120750656116479
9133097.0	0.06988451288125555	0.34806079438232623
9163490.0	0.07850491889579837	0.32295561972717185
9193883.0	0.06912775968150561	0.3267033876129455
9224276.0	0.11351297996249136	0.49005508141941817
9254669.0	0.1030500444181226	0.4304716332113396
9285062.0	0.11594775112690422	0.446528853465925
9315455.0	0.07669529167900503	0.3376485075607183
9332033.5	0.28002894356005786	0.7938803563891048
9347230.0	0.17405624524955662	0.5848040091562254
9376241.0	0.07945908597374396	0.3366726427812755
9406634.0	0.07656368242687461	0.33657490068521617
9437027.0	0.048958641792518014	0.27818382457053425
9467420.0	0.15029776593294508	0.4931672109305575
9497813.0	0.05290691935643076	0.31138901153876714
9528206.0	0.011779028065673016	0.1534863385821228
9558599.0	0.06521238443062548	0.3070798416559598
9588992.0	0.09623926562037312	0.4151016903744896
9619385.0	0.047938670088507225	0.28270075761518654
9649778.0	0.08919817063139539	0.4498690114506229
9680171.0	0.029710788668443393	0.21683497255653722
9710564.0	0.027243115190997928	0.2107560736823932
9740957.0	0.0695554897509295	0.3060065079222944
9771350.0	0.10545191326950284	0.4682180173127205
9801743.0	0.08900075675319975	0.4098369285843512
9832136.0	0.08584213470206956	0.39835644309620455
9862529.0	0.08630276708452604	0.46568137733637943
9892922.0	0.04997861349652881	0.27895155551119205
9923315.0	0.16822952653571546	0.5339461980644985
9953708.0	0.07847201658276577	0.3555890732071299
9984101.0	0.13562333432040272	0.5210029582631955
1.0014494E7	0.130589280426414	0.45001526275859927
1.0044887E7	0.1742506498206824	0.6427196434872445
1.007528E7	0.15536472213996644	0.5235229389067967
1.01041125E7	0.10061601642710473	0.4851112678672722
1.0119309E7	0.09420057673822493	0.43331320453746847
1.0136066E7	0.15753627480011845	0.5313208501647203
1.0166459E7	0.07929457440858093	0.3485331257088515
1.0196852E7	0.06820649491659264	0.342197796724417
1.0227245E7	0.09906886454117725	0.43590234888481705
1.0257638E7	0.13246471226927253	0.5075678388602912
1.0288031E7	0.11923798243016484	0.4432006417015424
1.0318424E7	0.07366827888000527	0.3338265032040404
1.0348817E7	0.10686671272990492	0.4357891127875993
1.037921E7	0.07472115289704866	0.3385243806471956
1.0409603E7	0.032375876024084496	0.23468803125976145
1.0439996E7	0.06030993978876715	0.3128647971121127
1.0470389E7	0.12048827032540388	0.5206239091346169
1.0500782E7	0.0743921297667226	0.3408490388986486
1.0531175E7	0.07626756160958115	0.3481553119113957
1.0561568E7	0.06975290362912513	0.3584918893160064
1.0591961E7	0.09495607541210146	0.4741881559727433
1.0622354E7	0.0366531767183233	0.25831355138692463
1.0652747E7	0.03981179876945349	0.3072940585230697
1.068314E7	0.08107129931234165	0.3673762214130776
1.0713533E7	0.10834731681637219	0.39320219854448485
1.0743926E7	0.0823544895206133	0.3525223912379944
1.0774319E7	0.08093969006021123	0.3943302313950794
1.0804712E7	0.04961668805317014	0.2768797380921407
1.0835105E7	0.052380482347909055	0.26671108109055874
1.0865498E7	0.07505017602737472	0.4058840737874045
1.0895891E7	0.06712071858651664	0.33505625209396156
1.0926284E7	0.05053795281808311	0.29090333294732656
1.0956677E7	0.08748725035369986	0.3978605635142397
1.098707E7	0.08923107294442799	0.4752278155325179
1.1017463E7	0.11351297996249136	0.48611152238985006
1.1047856E7	0.08574342776297174	0.36277989488176543
1.1078249E7	0.09808179515019906	0.4025467571420561
1.1108642E7	0.0781758957654723	0.38031377583692233
1.1139035E7	0.12976672260059882	0.47042635710311687
1.1169428E7	0.04866252097522456	0.2783611811869385
1.1196832E7	0.18988326848249026	0.584529896303288
1.12120285E7	0.0	0.0
1.1230214E7	0.15283124403645576	0.5925929353249209
1.1260607E7	0.11278912907577403	0.47867703930632555
1.1291E7	0.0956141216727536	0.4170391188969643
1.1321393E7	0.05945447964991939	0.26609355055350087
1.1351786E7	0.07952489059980916	0.37473600310507027
1.1382179E7	0.08344026585068931	0.36467951584616626
1.1412572E7	0.04066725890830125	0.25907666546124264
1.1442965E7	0.07995262066923305	0.352475721165474
1.1473358E7	0.03263909452834534	0.22333809920707884
1.1503751E7	0.11338137071036093	0.45651204885361746
1.1534144E7	0.05961899121508242	0.30761510411840215
1.1564537E7	0.05873062876320205	0.31054255666263963
1.159493E7	0.020267824828085413	0.2008438094091406
1.1625323E7	0.06577172375217978	0.29578243753424555
1.1655716E7	0.07850491889579837	0.37165025240255223
1.1686109E7	0.0446484387852466	0.2672656386327806
1.1716502E7	0.06258019938801698	0.41259734321818464
1.1746895E7	0.06935807587273385	0.33387578012558766
1.1777288E7	0.05428881650380022	0.30449748459697373
1.1807681E7	0.0695554897509295	0.30363181835466874
1.1838074E7	0.07166123778501629	0.3494758732402484
1.1868467E7	0.08860592899680847	0.4236532988103206
1.189886E7	0.06304083177047347	0.3624169334153192
1.1929253E7	0.052577896226104696	0.31291737501301525
1.1959646E7	0.09419932221235153	0.3739009602495609
1.1990039E7	0.0781100911394071	0.41751222071545113
1.2020432E7	0.09278452275194946	0.3547089582131893
1.2050825E7	0.07583983154015728	0.3682260610105837
1.2081218E7	0.11459875629256737	0.4860099847339351
1.2111611E7	0.11571743493567598	0.45220335635380626
1.21419565E7	0.0936035381873391	0.3917594631009827
