#Position (bp)	mapping quality
15197.0	33.53606027987083
45590.0	42.87292817679558
75983.0	41.680642907058
106376.0	42.71945184621241
136769.0	42.345498783454985
167162.0	37.52597943873298
197555.0	29.974955908289243
221485.0	7.401558073654391
236681.5	16.672634271099746
258341.0	35.479166666666664
288734.0	39.941451990632316
319127.0	40.77269670477472
349520.0	44.0
379913.0	43.66230186078567
410306.0	40.804497189256715
440699.0	38.437377306635256
471092.0	17.416058394160583
501485.0	30.366950757575758
531878.0	43.59838430467398
562271.0	43.627688697692605
592664.0	43.18796992481203
623057.0	41.132701421800945
653450.0	41.89634864546525
683843.0	38.82251082251082
714236.0	39.11678832116788
744629.0	43.06607369758577
775022.0	43.486865148861646
805415.0	40.61961961961962
835808.0	43.410841654778885
866201.0	42.354066985645936
896594.0	39.577735124760075
926987.0	42.892396907216494
957380.0	42.71536102592696
987773.0	43.662819869543405
1018166.0	40.479442821837786
1038382.5	34.316901408450704
1053579.0	28.237951807228917
1078952.0	42.71045751633987
1109345.0	40.79832285115304
1139738.0	41.66597077244259
1170131.0	42.53556211078335
1200524.0	31.815262561390252
1230917.0	44.0
1261310.0	42.628948420631744
1291703.0	40.80566801619433
1322096.0	41.80618686868687
1348657.5	34.24843577475156
1363854.0	1.0
1382882.0	25.77462974887315
1413275.0	42.30842305256491
1443668.0	42.799578947368424
1474061.0	42.13027229044314
1504454.0	39.11186440677966
1534847.0	44.0
1565240.0	39.3955223880597
1595633.0	40.95784996133024
1626026.0	44.0
1656419.0	42.1689497716895
1686812.0	42.630852994555354
1717205.0	44.0
1747598.0	37.59977452085682
1777991.0	44.0
1808384.0	36.18515037593985
1838777.0	42.10151615029664
1869170.0	33.49899699097292
1899563.0	30.337579617834393
1929956.0	43.15587529976019
1960349.0	43.10349373764008
1990742.0	39.57000524383849
2021135.0	41.75636166756903
2051528.0	44.0
2081921.0	44.0
2112314.0	34.324521422060165
2142707.0	44.0
2173100.0	40.24430199430199
2203493.0	42.34142640364188
2233886.0	22.5
2264279.0	44.0
2294672.0	41.6641975308642
2325065.0	44.0
2355458.0	29.8314344142565
2385851.0	40.753016894609814
2416244.0	44.0
2446637.0	44.0
2477030.0	43.01512859304085
2507423.0	44.0
2537816.0	40.40551724137931
2568209.0	35.3234649122807
2598602.0	37.80415290231241
2628995.0	43.46626460610629
2659388.0	40.702137767220904
2689781.0	42.50617283950617
2720174.0	36.70700636942675
2750567.0	43.09115646258503
2780960.0	41.2062015503876
2811353.0	41.29711286089239
2841746.0	43.03703703703704
2872139.0	39.416814683244525
2889645.5	1.0
2904842.0	2.034776437189496
2932925.0	42.39083632348882
2963318.0	43.467032967032964
2993711.0	42.63621533442088
3024104.0	42.43974630021142
3054497.0	42.596774193548384
3084890.0	37.23921887713588
3115283.0	39.04504504504504
3145676.0	41.4789644012945
3176069.0	43.78246205733558
3206462.0	43.18272604588394
3236855.0	41.20324005891016
3267248.0	39.672214182344426
3297641.0	39.775779376498804
3322340.5	37.33201581027668
3337537.0	39.30088797814208
3358427.0	39.11680537304716
3388820.0	38.40265742345465
3410819.5	38.27552526973311
3426016.0	27.427772600186394
3449606.0	35.16195476575121
3479999.0	42.44553819815964
3510392.0	41.6514875531269
3540785.0	43.519427890345646
3571178.0	43.20488165680474
3601571.0	42.28722280887012
3631964.0	43.29503239740821
3662357.0	41.26061397779229
3692750.0	41.68483816013629
3723143.0	41.59567979669632
3753536.0	43.516666666666666
3783929.0	37.61258561643836
3814322.0	38.56944444444444
3844715.0	44.0
3875108.0	35.832632785632406
3905501.0	36.718834322719914
3935894.0	41.94837720419116
3966287.0	43.10312558487741
3987990.0	15.891111839947524
4003186.5	13.37649063032368
4027073.0	41.43971205758848
4057466.0	43.24605855855856
4087859.0	42.59539918809202
4118252.0	37.25239852398524
4148645.0	36.62208258527828
4179038.0	43.208695652173915
4209431.0	39.79518689196109
4239824.0	39.3046875
4259839.0	43.0
4275035.5	27.12566844919786
4300610.0	42.661095636026
4331003.0	43.5750686005488
4361396.0	38.57397691500525
4391789.0	42.5633017289459
4422182.0	37.39426800929512
4452575.0	42.38572871087176
4482968.0	39.779770802192324
4513361.0	42.740285155157956
4543754.0	41.25414731254147
4574147.0	41.375
4604540.0	43.111111111111114
4634933.0	43.76093294460642
4665326.0	40.457857142857144
4695719.0	42.18222976796831
4726112.0	40.95621716287216
4756505.0	38.882953652788686
4786898.0	37.62390559573658
4817291.0	38.37001414427157
4847684.0	36.13850415512465
4878077.0	40.30229419703104
4908470.0	44.0
4938863.0	42.29454170957776
4969256.0	27.431731502669717
4999649.0	42.666666666666664
5030042.0	40.784082535003684
5060435.0	42.659685863874344
5090828.0	19.525776715602596
5121221.0	42.72870662460568
5151614.0	42.748964374482185
5182007.0	40.889671361502344
5212400.0	42.836467702371216
5242793.0	42.64031496062992
5273186.0	43.72374429223744
5303579.0	43.4593023255814
5333972.0	36.36204744069913
5352383.0	1.0
5367579.5	37.77885391444713
5394758.0	42.41993058998513
5425151.0	43.25037147102526
5455544.0	32.55803955288048
5485937.0	40.88310945984567
5516330.0	39.288534548215644
5546723.0	40.09388458225668
5577116.0	17.90693257359924
5607509.0	43.04149377593361
5637902.0	39.18799102132436
5668295.0	41.58881118881119
5698688.0	43.60093348891482
5729081.0	41.36274509803921
5759474.0	41.39914163090129
5789867.0	42.5149359886202
5820260.0	40.544493392070486
5850653.0	42.85916322922805
5881046.0	35.2038248616004
5907241.5	4.577674418604651
5922438.0	1.8577494692144374
5941832.0	23.120141342756185
5972225.0	41.921463152232384
6002618.0	40.01820795400096
6033011.0	43.61038961038961
6063404.0	43.25277082588487
6093797.0	44.0
6124190.0	44.0
6154583.0	43.81409523809524
6184976.0	42.152530292230935
6215369.0	33.97212543554007
6245762.0	39.01864898466639
6276155.0	42.25813113061435
6306548.0	41.86571172784244
6336941.0	43.414955735543415
6367334.0	42.01513877207738
6397727.0	32.08914325355533
6428120.0	42.9987888574889
6458513.0	40.64182692307692
6488906.0	44.0
6519299.0	42.87443267776097
6549692.0	42.464005702067
6580085.0	41.446253345227476
6610478.0	42.72361077408396
6640871.0	19.725691347011598
6660029.5	10.854854854854855
6675226.0	35.78142076502732
6701657.0	38.27057864710677
6732050.0	41.74246000524521
6762443.0	41.2310570626754
6792836.0	42.77067977067977
6823229.0	44.0
6853622.0	39.87686567164179
6884015.0	44.0
6914408.0	39.958333333333336
6944801.0	44.0
6975194.0	42.824858757062145
7005587.0	43.577069318514184
7035980.0	41.72852058973056
7066373.0	42.898137138327385
7096766.0	42.526532715095314
7127159.0	42.50958126330731
7157552.0	42.48589909443726
7187945.0	42.199672667757774
7218338.0	41.04809286898839
7248731.0	43.624566929133856
7279124.0	42.71254567600487
7309517.0	35.83184257602862
7327760.5	0.0
7342957.0	10.221813725490197
7370303.0	36.883870967741935
7400696.0	41.481162540365986
7431089.0	41.125
7461482.0	42.6632
7491875.0	43.002318648559125
7522268.0	39.72709801409353
7552661.0	29.95114503816794
7583054.0	42.32343387470998
7613447.0	41.42953718148726
7643840.0	43.26980942828485
7674233.0	42.9188679245283
7704626.0	43.13593637020969
7735019.0	42.31070889894419
7765412.0	41.200391964723174
7795805.0	2.483210998012896
7826198.0	29.363774156877604
7856591.0	44.0
7886984.0	43.2703729281768
7917377.0	15.507014028056112
7947770.0	41.34726411029729
7978163.0	39.52141982864137
8008556.0	43.08089097303634
8038949.0	43.54929577464789
8069342.0	42.99759036144578
8099735.0	42.8
8130128.0	44.0
8160521.0	43.665514858327576
8190914.0	43.119613016710645
8221307.0	42.96858895705522
8251700.0	41.26950747094632
8282093.0	40.58202038924931
8312486.0	39.24178082191781
8342879.0	42.650110375275936
8373272.0	42.602542841348814
8398726.5	13.386314421827631
8413923.0	22.607321131447588
8434058.0	37.80874825500233
8464451.0	41.134020618556704
8494844.0	40.23519163763066
8525237.0	43.82578222778473
8555630.0	41.76127744510978
8586023.0	32.428271518544435
8616416.0	43.62152777777778
8646809.0	42.40617848970252
8677202.0	41.8557902403496
8707595.0	44.0
8737988.0	43.61757902852737
8768381.0	17.300418410041843
8798774.0	35.82799013563502
8829167.0	42.33278145695364
8859560.0	43.5195007800312
8889953.0	41.51384615384615
8920346.0	42.76714856967087
8950739.0	42.239776951672866
8981132.0	43.01368613138686
9011525.0	41.701235657546334
9041918.0	37.551330798479086
9072311.0	41.882238442822384
9102704.0	43.32971014492754
9133097.0	39.26930320150659
9163490.0	44.0
9193883.0	41.4278914802475
9224276.0	42.959710144927534
9254669.0	43.05491698595147
9285062.0	43.53688989784336
9315455.0	39.445302445302445
9332033.5	32.291989664082685
9347230.0	22.706383863589103
9376241.0	44.0
9406634.0	43.724108293940695
9437027.0	25.981182795698924
9467420.0	43.30341506129597
9497813.0	39.3544776119403
9528206.0	30.77094972067039
9558599.0	42.627648839556
9588992.0	41.85504273504274
9619385.0	41.534660260809886
9649778.0	42.925857617115454
9680171.0	44.0
9710564.0	43.18840579710145
9740957.0	44.0
9771350.0	42.493603744149766
9801743.0	41.96451016635859
9832136.0	41.942506707550784
9862529.0	43.74494853221502
9892922.0	19.375246872942725
9923315.0	38.413455896733815
9953708.0	43.71572327044025
9984101.0	42.25424551188743
1.0014494E7	42.39606953892668
1.0044887E7	41.61499244712991
1.007528E7	37.98686997035155
1.01041125E7	34.53717201166181
1.0119309E7	18.0
1.0136066E7	34.65204678362573
1.0166459E7	44.0
1.0196852E7	44.0
1.0227245E7	29.084689471936233
1.0257638E7	42.52260307998013
1.0288031E7	44.0
1.0318424E7	43.00803930326038
1.0348817E7	42.59051724137931
1.037921E7	43.709379128137385
1.0409603E7	42.25609756097561
1.0439996E7	44.0
1.0470389E7	43.07263790278536
1.0500782E7	42.83237505528527
1.0531175E7	43.71786022433132
1.0561568E7	42.04528301886793
1.0591961E7	41.678447678447675
1.0622354E7	43.43985637342909
1.0652747E7	39.993388429752066
1.068314E7	42.22727272727273
1.0713533E7	37.995748557546314
1.0743926E7	42.661206552137436
1.0774319E7	41.21463414634146
1.0804712E7	44.0
1.0835105E7	37.13819095477387
1.0865498E7	44.0
1.0895891E7	43.66470588235294
1.0926284E7	41.62109375
1.0956677E7	43.69499811959383
1.098707E7	40.1047197640118
1.1017463E7	42.515942028985506
1.1047856E7	41.0775134305449
1.1078249E7	32.790338812479035
1.1108642E7	43.77946127946128
1.1139035E7	41.94497971602434
1.1169428E7	40.267748478701826
1.1196832E7	13.31665228645384
1.12120285E7	0.0
1.1230214E7	33.62669537136706
1.1260607E7	33.957409568261376
1.1291E7	44.0
1.1321393E7	43.975650249031546
1.1351786E7	41.81712867190733
1.1382179E7	41.102523659305994
1.1412572E7	43.33818770226537
1.1442965E7	42.3835390946502
1.1473358E7	41.516129032258064
1.1503751E7	43.54497968659315
1.1534144E7	40.75055187637969
1.1564537E7	44.0
1.159493E7	34.15584415584416
1.1625323E7	43.396698349174585
1.1655716E7	33.67141659681475
1.1686109E7	42.41562269712601
1.1716502E7	42.958990536277604
1.1746895E7	44.0
1.1777288E7	40.71878787878788
1.1807681E7	41.544938505203405
1.1838074E7	42.61386593204775
1.1868467E7	42.852952098031935
1.189886E7	39.66283924843424
1.1929253E7	38.34292866082603
1.1959646E7	43.25532658050995
1.1990039E7	42.687026116259474
1.2020432E7	36.70886524822695
1.2050825E7	12.4529284164859
1.2081218E7	42.281366637955784
1.2111611E7	43.866932044355984
1.21419565E7	29.283497884344147
