# Position (bp)	A	C	G	T	N
0.0	27.84481441881778	22.391935237513366	33.61845119902245	16.144799144646402	0.0
1.0	22.178457809422813	19.345553703984244	12.61930010604454	45.8566883805484	0.0
2.0	32.827295956711254	18.412746129565612	13.617916729295054	35.14204118442808	0.0
3.0	21.265141318977122	22.05772394197697	9.914759982054733	46.76237475699118	0.0
4.0	41.431121689973224	9.937518595656055	9.357334126747991	39.27402558762273	0.0
5.0	44.762186990665285	10.994221366128315	22.83301229811824	21.41057934508816	0.0
6.0	34.82498892334958	13.646433318564466	20.42534337616305	31.103234381922906	0.0
7.0	40.79528718703976	15.08100147275405	19.16053019145803	24.96318114874816	0.0
8.0	18.772032902467686	31.30141010575793	22.95828437132785	26.96827262044653	0.0
9.0	29.784741543417777	19.768633767755162	13.354810367550154	37.09181432127691	0.0
10.0	28.083491461100568	14.683987739016203	28.185666326083787	29.046854473799442	0.0
11.0	28.108657757117957	17.94015107495642	17.083091226031378	36.86809994189425	0.0
12.0	26.03910209992759	20.275162925416364	22.76611151339609	30.919623461259953	0.0
13.0	23.375685821542017	27.533930118394455	18.394455674270862	30.695928385792666	0.0
14.0	32.589285714285715	21.01094470046083	19.5852534562212	26.814516129032256	0.0
15.0	34.15756181713628	17.49568717653824	19.120184013801033	29.22656699252444	0.0
16.0	31.41586572945058	18.146607373404102	18.53392626595897	31.90360063118634	0.0
17.0	31.056701030927837	18.370561282932417	18.112829324169528	32.45990836197022	0.0
18.0	31.804543506215172	18.35976568081154	18.659808544077723	31.175882268895556	0.0
19.0	31.408611348731107	18.83376104932991	18.748217850014257	31.00940975192472	0.0
20.0	31.375337789788084	19.101123595505616	18.645996302090744	30.877542312615557	0.0
21.0	30.059523809523807	18.32482993197279	19.642857142857142	31.97278911564626	0.0
22.0	29.933606441587795	18.759711823703913	19.04223760418138	32.26444413052691	0.0
23.0	30.32694475760992	19.785794813979706	18.785231116121757	31.102029312288614	0.0
24.0	30.209357875509347	19.65715891527329	18.771954475200225	31.361528734017142	0.0
25.0	31.079943899018232	18.779803646563813	18.8218793828892	31.318373071528754	0.0
26.0	30.559058427910884	18.50917752557097	19.61608518985568	31.315678856662466	0.0
27.0	30.020964360587005	19.063591893780576	19.371069182389938	31.54437456324249	0.0
28.0	30.64696040156163	19.604015616285555	18.544339096486336	31.204684885666477	0.0
29.0	31.1092577147623	18.654434250764528	18.45982763413956	30.205726994717818	1.570753405615791
30.0	30.68386738798724	19.07338049660147	19.5866278263282	30.656124289083092	0.0
31.0	30.09131156613171	19.562811289429995	17.874930824571113	32.47094631986718	0.0
32.0	30.652294085129906	19.541182974018795	19.250967385295745	30.555555555555557	0.0
33.0	29.80716253443526	19.65564738292011	19.366391184573004	31.170798898071627	0.0
34.0	29.712635776158393	20.087996700123746	18.740547229478892	31.458820294238965	0.0
35.0	30.035675082327113	19.209659714599344	18.990120746432492	31.764544456641055	0.0
36.0	30.414557394992475	19.113421808728965	19.304966479682584	31.167054316595976	0.0
37.0	30.85222616771374	18.915596831466814	19.243376126741328	30.98880087407812	0.0
38.0	30.75769964568002	18.247478877078223	19.528481875170346	31.466339602071407	0.0
39.0	30.935545281479467	18.87408213217297	18.94207234158281	31.248300244764753	0.0
40.0	30.873760021742086	18.779725506182906	19.47275445033293	30.873760021742086	0.0
41.0	31.731813246471223	18.960369163952226	18.688925081433226	30.618892508143325	0.0
42.0	30.381803411860275	19.767126997021393	20.024370430544273	29.826699160574062	0.0
43.0	30.34361471861472	20.21103896103896	19.453463203463205	29.991883116883116	0.0
44.0	30.54353704705246	19.22660897782585	19.064359113034072	31.165494862087616	0.0
45.0	31.29554655870445	19.00134952766532	18.44804318488529	31.255060728744937	0.0
46.0	31.086546238878405	18.428147748719333	18.913453761121595	31.571852251280667	0.0
47.0	30.092904268210585	19.24060859027871	18.68856873569409	31.977918405816613	0.0
48.0	30.761994355597366	19.016261255207635	19.244725171347937	30.97701921784706	0.0
49.0	29.5515574650913	19.34747583243824	19.11922663802363	31.98174006444683	0.0
50.0	30.338733431516935	19.65457223189182	18.958361226402467	31.048333110188782	0.0
51.0	30.24220527231366	19.470092332396625	18.854543021544227	31.433159373745482	0.0
52.0	30.9336182716709	19.31347669293442	19.273407239214638	30.479497796180045	0.0
53.0	30.384307445956765	19.121964238057114	19.30878035761943	31.184947958366692	0.0
54.0	30.166555629580277	18.77415056628914	19.586942038640906	31.472351765489677	0.0
55.0	29.559664759877613	19.422642011440736	19.874950113077023	31.14274311560463	0.0
56.0	30.232249502322496	18.97810218978102	19.522229595222296	31.26741871267419	0.0
57.0	30.238726790450926	19.854111405835546	18.6604774535809	31.246684350132625	0.0
58.0	31.800106044538705	18.87592788971368	18.61081654294804	30.713149522799576	0.0
59.0	31.360868414085253	19.00979613449828	18.692083664283825	30.937251787132645	0.0
60.0	31.605395398042845	19.161597460989157	18.579740809309705	30.65326633165829	0.0
61.0	31.382908466516973	19.059569409589223	18.84823669264298	30.709285431250827	0.0
62.0	30.44511953506802	18.66332056531502	19.87848368775591	31.01307621186105	0.0
63.0	31.17243200422498	17.56007393715342	18.81436493266438	32.45312912595722	0.0
64.0	29.657995510365776	19.331836788591048	19.490294467186057	31.519873233857126	0.0
65.0	30.495049504950494	19.168316831683168	19.405940594059405	30.93069306930693	0.0
66.0	30.520764667106132	18.668424522083058	19.7363216875412	31.07448912326961	0.0
67.0	30.93762363180799	19.385467493076618	18.79203481471713	30.88487406039826	0.0
68.0	30.019801980198018	19.075907590759076	19.656765676567655	31.247524752475247	0.0
69.0	31.53937475267115	18.91571032845271	19.364199973618256	30.18071494525788	0.0
70.0	31.787032156035842	18.107538218239323	19.069583552978386	31.03584607274644	0.0
71.0	30.85232512185483	18.798577262547752	19.272823079963114	31.0762745356343	0.0
72.0	30.509814253721512	18.680015808193914	19.43090501910157	31.379264918983008	0.0
73.0	30.539080005272172	19.282984051667327	18.979833926453143	31.198102016607354	0.0
74.0	30.797626895187868	19.31443638760712	19.22214897824654	30.66578773895847	0.0
75.0	30.818937096136096	19.662402742977715	19.13490702888039	30.383753132005804	0.0
76.0	30.45886075949367	19.501582278481013	18.96097046413502	31.078586497890292	0.0
77.0	30.14764039019246	18.81096757184287	19.219615080411284	31.82177695755339	0.0
78.0	30.363732208750662	19.609910384818132	18.595150237216657	31.43120716921455	0.0
79.0	30.404426294295877	19.839283361875907	19.391384534316956	30.36490580951126	0.0
80.0	31.008569545154913	19.0112063282795	18.90573500329598	31.07448912326961	0.0
81.0	30.91844813935075	19.371865927685405	18.606492478226443	31.1031934547374	0.0
82.0	30.27183953549749	19.385062021641595	18.791237793613092	31.538664555291636	0.013196093956188969
83.0	31.79419525065963	18.350923482849606	19.076517150395777	30.778364116094988	0.0
84.0	30.450830477194835	19.891906142894804	18.191405220142368	31.465858159767997	0.0
85.0	31.019007391763466	19.46937697993664	18.809398099260825	30.689017951425555	0.013199577613516367
86.0	32.25082508250825	19.933993399339933	17.96699669966997	29.848184818481847	0.0
87.0	31.382908466516973	19.81244221371021	18.676528860124158	30.12812045964866	0.0
88.0	29.437400950871634	19.796619123085048	19.057052297939777	31.708927628103538	0.0
89.0	30.87691494981511	19.69096671949287	19.22873745377707	30.20338087691495	0.0
90.0	31.62766098109216	18.802062673542245	19.26484199391776	30.30543435144784	0.0
91.0	29.953673064195897	19.44407677035076	18.782263401720716	31.819986763732626	0.0
92.0	30.25043063468928	20.511461507883926	18.28541142175699	30.9526964356698	0.0
93.0	30.37890832008479	20.38950715421304	18.50821409644939	30.723370429252782	0.0
94.0	30.641739591620258	19.51736939803766	19.09307875894988	30.73455316892071	0.013259082471492973
95.0	31.198511825671005	19.585437151209142	18.93436088227478	30.268402870050494	0.013287270794578792
96.0	31.207562242045	19.810943948874986	18.61270137132206	30.368792437757957	0.0
97.0	30.49966688874084	19.786808794137244	19.52031978680879	30.19320453031312	0.0
98.0	31.762349799732974	19.879839786381844	18.61148197596796	29.746328437917224	0.0
99.0	30.454545454545457	19.852941176470587	19.759358288770056	29.9331550802139	0.0
100.0	31.144691093875366	19.577427119550684	18.98903450120353	30.275474725862527	0.01337255950788981
101.0	30.3887399463807	20.56300268096515	18.766756032171582	30.281501340482574	0.0
102.0	30.093959731543624	19.020134228187917	19.691275167785236	31.19463087248322	0.0
103.0	29.176755447941886	20.285176217379608	20.581113801452787	29.956954533225723	0.0
104.0	30.472854640980735	20.126633436615922	20.167048363195473	29.233463559207866	0.0
105.0	30.761968981793665	19.865138233310855	19.662845583277143	29.710047201618337	0.0
106.0	30.08108108108108	19.45945945945946	20.013513513513516	30.445945945945947	0.0
107.0	30.525888873867785	20.427200216303905	19.53494659997296	29.511964309855347	0.0
108.0	29.92690850027071	19.504602057390365	19.97834325933947	30.590146182999455	0.0
109.0	29.400596691076757	20.57228098725251	20.02983455383781	29.983726606997557	0.013561160835367509
110.0	30.80684596577017	19.43765281173594	19.76365118174409	29.991850040749796	0.0
111.0	31.176070700203944	18.993881713120324	20.27192386131883	29.5581237253569	0.0
112.0	30.967302452316076	20.02724795640327	19.83651226158038	29.168937329700274	0.0
113.0	29.53056768558952	19.527838427947597	20.128275109170303	30.813318777292576	0.0
114.0	30.135486519775554	19.323935951827014	20.487204050910083	30.053373477487337	0.0
115.0	28.74982846164402	20.10429532043365	21.023740908467133	30.122135309455196	0.0
116.0	30.294279427942794	19.664466446644667	20.008250825082506	30.01925192519252	0.01375137513751375
117.0	30.65271275130818	19.361057559900853	19.691545028917652	30.29468465987331	0.0
118.0	29.155727511399753	20.24319469393395	21.94279397540417	28.658283819262127	0.0
119.0	30.34454130344541	19.44098519440985	19.86993219869932	30.34454130344541	0.0
120.0	30.27739251040222	19.819694868238557	20.859916782246877	29.02912621359223	0.013869625520110956
121.0	29.409312022237664	19.749826268241836	20.958999305072968	29.881862404447535	0.0
122.0	29.198606271777006	20.306620209059233	21.226480836236934	29.268292682926827	0.0
123.0	30.488826815642454	19.287709497206702	20.754189944134076	29.46927374301676	0.0
124.0	29.455410891782165	20.25759484810304	21.377572448551028	28.909421811563767	0.0
125.0	29.7433740008414	19.21189174028888	20.600196325900995	30.44453793296873	0.0
126.0	29.519257801518133	19.609221253865616	21.141411301658703	29.730109642957547	0.0
127.0	30.552423900789176	19.771702367531002	20.673618940248026	28.98816234498309	0.014092446448703494
128.0	29.55797203784776	19.841830249964694	22.228498799604576	28.37169891258297	0.0
129.0	29.7649391107335	19.79609175870858	21.83517417162277	28.58963466440102	0.01416029453412631
130.0	29.549651939195908	20.769995738030968	20.983094189515555	28.697258133257563	0.0
131.0	29.641230068337133	18.821184510250568	22.750569476082006	28.787015945330296	0.0
132.0	28.665145464917284	20.422133485453507	21.406160867084996	29.506560182544213	0.0
133.0	29.967100557860103	19.29623802031183	22.056930339007295	28.67973108282077	0.0
134.0	29.382255983947253	20.624910419951267	21.284219578615453	28.708614017486028	0.0
135.0	29.538594221647262	19.117435676297255	22.567198505102773	28.77677159695271	0.0
136.0	28.49532037437005	20.43196544276458	22.332613390928728	28.740100791936644	0.0
137.0	29.351437238191536	19.817997977755308	22.735808175646397	28.09475660840676	0.0
138.0	29.182371701942593	19.425920556683096	22.281820817628297	29.109886923746014	0.0
139.0	30.10909090909091	19.418181818181818	22.327272727272724	28.13090909090909	0.014545454545454545
140.0	29.956204379562045	19.182481751824817	22.656934306569344	28.189781021897808	0.014598540145985403
141.0	29.159343878148796	21.11892208553017	21.953719976567076	27.768014059753952	0.0
142.0	28.596594245449207	19.230769230769234	22.988843217850853	29.18379330593071	0.0
143.0	28.306332842415316	20.04418262150221	23.622974963181147	28.01178203240059	0.014727540500736377
144.0	29.48471873615828	20.34548944337812	22.442049313450465	27.727742507013144	0.0
145.0	28.211959739490823	19.449378330373	24.156305506216697	28.18235642391948	0.0
146.0	27.82892782892783	19.111969111969113	24.354024354024354	28.70507870507871	0.0
147.0	28.541635632355135	19.27603158051542	23.789661850141517	28.392670936987933	0.0
148.0	29.058805925482567	18.674248092174174	24.120903785724973	28.146042196618286	0.0
149.0	28.42009685230024	18.946731234866828	24.288740920096853	28.344430992736076	0.0
150.0	28.435728512333387	18.906082426842346	24.130534702007047	28.527654358817223	0.0
