# Position (bp)	A	C	G	T	N
0.0	27.274876913968534	22.070557953327448	33.978636292606915	16.675516169003668	4.126710934353383E-4
1.0	23.162461656593862	18.984013814914245	12.11003769109448	45.741749163967	0.0017376734304122678
2.0	32.585478116718534	19.838277204317592	13.355894141371849	34.219888355945116	4.6218164690273725E-4
3.0	21.13256605899395	22.4445014240615	10.53399156981599	45.88881904145023	1.219056783258612E-4
4.0	40.15471718948934	9.814617740974594	10.018385541801086	40.012063529006134	2.1599872884748073E-4
5.0	45.04934477928359	10.687362654518713	22.685220576439185	21.57807198975851	0.0
6.0	35.05504521657631	14.03379259368208	20.093020484475204	30.8181417052664	0.0
7.0	40.51712545014947	15.173006058460253	19.307001638220928	25.002866853169348	0.0
8.0	18.528329520623327	32.16923361860161	22.756794825673932	26.54564203510113	0.0
9.0	30.275637722785138	19.293163522320565	13.366895262509077	37.06430349238523	0.0
10.0	27.62691472878093	15.25338887818405	28.096423716334822	29.023272676700195	0.0
11.0	27.571008704704823	18.445355679789788	17.97858836636602	36.00504724913937	0.0
12.0	25.100230225270188	20.67321818285974	23.37662937638545	30.84992221548462	0.0
13.0	23.66864139015338	26.54756627979183	18.42331312007408	31.360479209980713	0.0
14.0	32.684278267441144	20.66909850603765	20.180643047023043	26.465980179498157	0.0
15.0	32.6432240055699	19.012798750674534	19.318281664176737	29.02569557957883	0.0
16.0	31.661501653979414	18.650580035495587	18.370258929725793	31.317659380799213	0.0
17.0	31.71880100105008	18.430361399709124	18.69721777997061	31.15329419405023	3.256252199598361E-4
18.0	31.36964389432826	18.479693965213187	19.280492958469214	30.86993534551353	2.3383647581409845E-4
19.0	30.784892934043352	19.16270848325798	19.26260785828438	30.789751853062143	3.887135215035024E-5
20.0	30.597755612068323	19.202900330038805	19.39076837344812	30.808575684444754	0.0
21.0	30.393396001316386	19.32495127683126	19.470073423453094	30.8109476599924	6.316384068635635E-4
22.0	30.523650590335787	19.44154360343342	19.263412964526363	30.77055709090834	8.357507960847775E-4
23.0	30.74366365172448	19.35250456088826	19.33892289293375	30.56481911950008	8.977495342924292E-5
24.0	30.408613331023837	19.456763394750336	19.347693405103417	30.786290237468368	6.396316540401246E-4
25.0	30.521085320498965	19.531027294811683	19.32511611134746	30.622031182331117	7.40091010778022E-4
26.0	30.76770731760713	19.38039009741171	19.44137026288421	30.41022684850661	3.054735903443871E-4
27.0	30.571120238178366	19.38072354931473	19.510782141700894	30.537361374731002	1.269607500841115E-5
28.0	30.68718054963351	19.4152119951812	19.43338443990436	30.464185024107298	3.79911736372661E-5
29.0	30.274216804034452	19.079995017822903	19.273875479427172	29.812013767180233	1.5598989315352356
30.0	30.50971163125011	19.435662096877646	19.592799261871168	30.460340066499136	0.0014869435019434856
31.0	30.5348828204165	19.654855423280225	19.313560425822303	30.495833855075787	8.674754051864469E-4
32.0	30.599868121155442	19.60377644616743	19.41782401411658	30.377226929323903	0.0013044892366467652
33.0	30.426367138836714	19.4278371718502	19.55903514676616	30.58604723802859	7.133045183336155E-4
34.0	30.38829230723703	19.660997944356147	19.475948792079798	30.474561173166677	1.9978316035233258E-4
35.0	30.59819333928253	19.395471674889276	19.5613025428521	30.444970152063334	6.229091276494039E-5
36.0	30.540557541569967	19.394462575217293	19.598775638274756	30.46607992911014	1.2431582784147444E-4
37.0	30.480007006858234	19.56683771108967	19.554307741511444	30.398276868658876	5.706718817806054E-4
38.0	30.641890645401965	19.484930418656848	19.536448767534008	30.336036818842864	6.933495643164675E-4
39.0	30.48388966342892	19.45391508772953	19.599795261100176	30.462189910405723	2.1007733564599646E-4
40.0	30.449438035952674	19.508714364789704	19.480643296145335	30.560143621256657	0.0010606818556308394
41.0	30.609642777297925	19.424273731214807	19.49018624902867	30.475897242458593	0.0
42.0	30.404890683558484	19.549376209764482	19.591613127042184	30.453530112882067	5.898667527872125E-4
43.0	30.360744072910144	19.725884016869017	19.471452722948488	30.441293536549598	6.256507227553952E-4
44.0	30.607866169089704	19.516350488275258	19.494317876335444	30.38119602913302	2.694371665791608E-4
45.0	30.400614298081297	19.538224893745017	19.58067797770724	30.480482830466443	0.0
46.0	30.432558598902702	19.588994922256553	19.489925636384346	30.488520842456396	0.0
47.0	30.64247214902481	19.527728593505337	19.514527461645407	30.315064575841415	2.0721998302746444E-4
48.0	30.398017404186483	19.47211268723302	19.633487048122277	30.496382860458223	0.0
49.0	30.37705123234965	19.73147282827313	19.474028964865184	30.416717809491058	7.291650209817235E-4
50.0	30.542883355622273	19.532053600250478	19.553096625591913	30.371857198680623	1.0921985471332216E-4
51.0	30.335938788586315	19.56331023580709	19.623565705911858	30.477185269694733	0.0
52.0	30.483437893538003	19.649060168462253	19.44957781560651	30.41792412239323	0.0
53.0	30.531769719773123	19.53586966625877	19.588247730717036	30.34411288325107	0.0
54.0	30.41970344186235	19.518464309595434	19.58737207027312	30.474460178269098	0.0
55.0	30.39741320164897	19.676146102683457	19.55126593277407	30.375174762893504	0.0
56.0	30.53750990222099	19.470597390632257	19.5505981808825	30.440836759357236	4.577669070183859E-4
57.0	30.402890817764135	19.603348937334207	19.60924571650139	30.384514528400274	0.0
58.0	30.299419943889117	19.72078968806235	19.532314732617312	30.447475635431225	0.0
59.0	30.528920759894806	19.537403324419657	19.582900541258336	30.35022287390593	5.525005212722309E-4
60.0	30.346622359778586	19.583610131384674	19.606361971211722	30.46332153821637	8.399940864416315E-5
61.0	30.34006276174457	19.614897599416626	19.567969568958727	30.47707006988008	0.0
62.0	30.56274743186021	19.502228047339194	19.46347158468407	30.47103778066238	5.15155454148469E-4
63.0	30.2809689837288	19.59289916970384	19.54552789817128	30.57995748676789	6.464616281926226E-4
64.0	30.37377391381748	19.671550613265914	19.441751612020614	30.512720477773275	2.0338312271814604E-4
65.0	30.590941035500848	19.530915788947613	19.532565734176607	30.344740512635592	8.369287393438048E-4
66.0	30.35888336245911	19.58871413421756	19.63868500843901	30.413717494884317	0.0
67.0	30.419975387037873	19.748486293274528	19.380008465483094	30.45138653338467	1.4332081983330834E-4
68.0	30.481092358478147	19.583949159581458	19.674566790780947	30.260391691159448	0.0
69.0	30.377367406275663	19.605592781420018	19.620019345198674	30.396626689930546	3.937771750998225E-4
70.0	30.408414695943524	19.65761140816562	19.51843768519517	30.4151544879619	3.817227337837025E-4
71.0	30.556683504207122	19.602777627715888	19.580047723259	30.26049114481799	0.0
72.0	30.375995431062336	19.634973834724164	19.606572974829113	30.382457759384383	0.0
73.0	30.27419933203759	19.74235905935939	19.407364562133665	30.576077046469358	0.0
74.0	30.584405119397616	19.529909721076557	19.496998013615745	30.388687145910083	0.0
75.0	30.377099400426733	19.504797778122132	19.528768788814325	30.588404276876496	9.29755760313733E-4
76.0	30.42447089250153	19.71982627598392	19.318881603368627	30.536153682385063	6.675457608579298E-4
77.0	30.444286977600633	19.598713074137716	19.482468686973693	30.474531261287964	0.0
78.0	30.23671036334839	19.649783503743556	19.493140271165196	30.620067788914838	2.980728280148397E-4
79.0	30.086147002051415	19.940100894002626	19.441235838240452	30.532385085852443	1.3117985306425404E-4
80.0	30.307152579048633	19.665041577549196	19.477963481420424	30.549842361981742	0.0
81.0	30.11652081131065	19.724283440145967	19.443085148336692	30.71611060020669	0.0
82.0	30.14718302587387	19.978548367939062	19.27909623808566	30.595160430632262	1.1937469149103168E-5
83.0	30.4184531223557	19.849200228784166	19.149507157387767	30.5827558889888	8.360248356703612E-5
84.0	30.150986199975314	19.881950660308473	19.23869909618101	30.72782634764811	5.376958870924668E-4
85.0	30.150227484259023	19.978946273544217	19.159943163307457	30.710536367891457	3.467109978521851E-4
86.0	30.284883093566062	19.909576151819614	19.20254841502855	30.60258559616264	4.067434231382935E-4
87.0	30.020281207525525	19.963103094182998	19.332113571889114	30.684286649047003	2.1547735536501505E-4
88.0	30.018622665503024	20.22978536314797	19.156714911489928	30.594649442847466	2.2761701161625448E-4
89.0	30.171576317478348	20.210472352499767	19.181321366994876	30.43607846729265	5.514957343603303E-4
90.0	30.003269799234328	20.19244418392711	19.380658027597107	30.422992028289464	6.359609519975473E-4
91.0	29.972928892102296	20.33340459416158	19.327077593433756	30.36656489979847	2.402050390213086E-5
92.0	30.195321304898993	20.314702023058672	19.330732255033904	30.155589843893228	0.0036545731152050074
93.0	29.97503135671225	20.2902807850231	19.243737351870145	30.490156284766	7.94221628508128E-4
94.0	29.87977269491252	20.5229525183697	19.195857779889323	30.40112790042983	2.8910639862327536E-4
95.0	30.141832211544667	20.34526642485893	19.26437933770311	30.247979351354388	5.426745389045186E-4
96.0	29.923795566820953	20.410417563880088	19.373761030518356	30.2920258387806	0.0
97.0	29.92966135118909	20.495872183894598	19.437547056716813	30.13677436261228	1.450455872237078E-4
98.0	30.046489956826	20.37085467577143	19.332209861340964	30.249380527225036	0.0010649788365711312
99.0	29.794581966060946	20.43270838685286	19.52809108578796	30.24441256161814	2.0599968009461442E-4
100.0	29.800708623380352	20.600108068766488	19.47174443447673	30.127366067111115	7.280626531889326E-5
101.0	29.83543652694967	20.466970590690604	19.5460363238503	30.151349983820342	2.065746890838279E-4
102.0	29.673636979858177	20.44594102878951	19.69156272855938	30.188786245486614	7.301730631855259E-5
103.0	29.69892110623632	20.59299972589193	19.621006891947182	30.085987544109887	0.0010847318146844167
104.0	29.86046068785197	20.463251229963692	19.640309241038707	30.035966634583755	1.2206561881470623E-5
105.0	29.541048081113843	20.493397305374398	19.784928752759146	30.180381350466984	2.4451028563080295E-4
106.0	29.57980575409977	20.540941267145115	19.735675396543847	30.142450993706166	0.0011265885050990988
107.0	29.69224908167556	20.444769782305467	19.919103552457216	29.941902824175763	0.001974759385994565
108.0	29.430473532730712	20.448327094793047	20.02545629155477	30.094477515697925	0.001265565223545509
109.0	29.429328368984027	20.632432630043677	19.917334426054758	30.01959980842089	0.0013047664966490274
110.0	29.487342012541824	20.550935556063074	19.968892076493972	29.992756364755635	7.399014549915479E-5
111.0	29.402436580484668	20.51912068024397	20.044646508525908	30.033079633032784	7.165977126695216E-4
112.0	29.36042254495767	20.56335283833486	20.072544295384347	30.003469875771515	2.104455516081197E-4
113.0	29.566565733193283	20.400365861100788	20.191399832995867	29.841618957697747	4.961501231196531E-5
114.0	29.430825996192787	20.468636482000882	20.34600519188018	29.754532329926146	0.0
115.0	29.204257964563794	20.769154980050057	20.172992110576242	29.85359494480991	0.0
116.0	29.426713328949745	20.529361321548166	20.322824165895877	29.720801564908463	2.996186977547698E-4
117.0	29.168374017176063	20.464408513935044	20.500255054706326	29.86696241418257	0.0
118.0	29.190746262105637	20.562384978821996	20.45793399234394	29.788834441612348	1.0032511607929446E-4
119.0	29.320601567873478	20.41612952855195	20.55394190662746	29.709314427412448	1.2569534665771044E-5
120.0	29.057796268063736	20.49575294420162	20.74511731262491	29.700955516687433	3.7795842230579587E-4
121.0	29.058721988900764	20.616095787559065	20.723370053783636	29.601812169756535	0.0
122.0	29.1300700858997	20.456979564240555	20.830509365150007	29.579490932387458	0.002950052322279922
123.0	28.959227599919117	20.46307042080821	20.95303024283348	29.621879219318835	0.002792517120351268
124.0	28.972819498119	20.4992875700993	20.948658599544913	29.579132529268037	1.0180296875272402E-4
125.0	29.003647612467198	20.484255255307357	21.070371160387786	29.44129221825664	4.337535810185351E-4
126.0	28.79669007178853	20.435921300570854	21.249871621207678	29.517030989585297	4.860168476461245E-4
127.0	28.808940097602004	20.60669160997151	21.195445068739403	29.38684603963062	0.0020771840564583754
128.0	28.801937270605997	20.40111620846998	21.334066571438267	29.46216008037853	7.198691072286171E-4
129.0	28.619142294100307	20.54977895765547	21.378557262294258	29.449364014334662	0.0031574716152967513
130.0	28.674296552597372	20.510288459302252	21.44884711889547	29.365198314155254	0.0013695550496528308
131.0	28.6950727440962	20.38700043123253	21.613364089146607	29.303668922228272	8.938132963925049E-4
132.0	28.54867402146019	20.392427670208125	21.788156958080325	29.269312696999922	0.0014286532514394656
133.0	28.394173026005063	20.537883938422706	21.779584287239516	29.287564414304313	7.943340283973114E-4
134.0	28.57603191211842	20.37450153635563	21.907214408501126	29.141573206229403	6.789367954235482E-4
135.0	28.381975504689667	20.39822716320585	22.13159339958016	29.088138475546256	6.545697807387606E-5
136.0	28.302468058161462	20.453041316668717	22.094834359754792	29.149262480806282	3.937846087448011E-4
137.0	28.43212842567934	20.245362518626656	22.21510922242248	29.106623311295028	7.76521976493232E-4
138.0	28.18119580341326	20.222650715864727	22.43319053339893	29.162540670533314	4.2227678976738877E-4
139.0	28.15354496777639	20.469535362880155	22.372930154917853	29.002798693590154	0.001190820835448143
140.0	28.286543383769658	20.261082306716588	22.62417475641857	28.827668881821232	5.306712739546671E-4
141.0	28.100008035210184	20.24982053810366	22.64322230020929	29.00515317718064	0.0017959492962273357
142.0	28.01854047765502	20.325570915686207	22.836867568531293	28.817993857459605	0.0010271806678728702
143.0	28.06781921048457	20.16945438726553	22.95208281107326	28.809372776911097	0.0012708142655456034
144.0	27.78200801312106	20.194615867353413	23.107696336356835	28.914552912865826	0.0011268703028624921
145.0	27.81537516047016	20.1852560916774	23.18718832597904	28.809973999192234	0.0022064226811641195
146.0	27.90426606678792	20.058411802940856	23.330581954979138	28.70529634260989	0.0014438326821917813
147.0	27.669273706115337	20.15441098243003	23.52652550519454	28.647800078668684	0.001989727591403619
148.0	27.60037292479101	20.189681010781	23.507163456086612	28.700704768100127	0.0020778402412467587
149.0	27.701450102781923	20.009567276905265	23.725862381051595	28.56238198125481	7.382580064080795E-4
150.0	27.45222782838969	19.918323223169942	23.78342622366702	28.845019223240325	0.0010035015330204242
