# Position (bp)	A	C	G	T	N
0.0	24.424278226922542	24.219741416896664	36.26915679537607	15.086640793599573	1.8276720514623712E-4
1.0	21.7894578504821	21.248247198293484	13.773402237327078	43.18735822370646	0.001534490190872408
2.0	29.706854535088205	22.606538026355146	14.810916704556298	32.87534992778917	3.408062111731512E-4
3.0	19.61646106149184	25.681352750582864	11.722340653909328	42.97976565503262	7.987898334023953E-5
4.0	39.23591028598383	10.889457667666452	10.944946769869498	38.929645470811494	3.9805668725283165E-5
5.0	42.72269897288126	11.873323543691585	25.451858236304968	19.952119247122184	0.0
6.0	33.6269248024459	15.570535142752473	22.542669866461576	28.259870188340052	0.0
7.0	39.40645994414177	16.422860460520788	21.094351187431148	23.076328407906292	0.0
8.0	17.247428102374553	35.1052696253115	23.36984698868021	24.277455283633735	0.0
9.0	29.512256227110605	20.878321449112967	14.011121387636777	35.59830093613965	0.0
10.0	25.61013486188663	16.423393260873517	30.97654219806678	26.989929679173073	0.0
11.0	26.112453504250215	20.26223729548155	19.357393513600524	34.267915686667706	0.0
12.0	23.121711297108526	22.200301314257093	25.594225211617506	29.08376217701688	0.0
13.0	21.838684576181915	29.087633256436398	19.647983920410994	29.425698246970693	0.0
14.0	31.116227115578997	22.345418751252875	21.863792914988277	24.674561218179843	0.0
15.0	31.12397317896285	20.71786509780669	20.80468886865354	27.35347285457692	0.0
16.0	30.05853456529119	20.29600609006643	19.972005958808385	29.67345338583399	0.0
17.0	30.098397809955777	20.262098297573846	20.1699155089938	29.46939709319108	1.912902854950124E-4
18.0	29.616867910037104	20.250346930782783	20.803472244202663	29.32916037602378	1.5253895368192805E-4
19.0	29.27027619790097	20.912498750394835	20.75513402419236	29.062072022110126	1.9005401715275518E-5
20.0	29.01426262058368	21.002027991818323	20.838515705476336	29.14519368212166	0.0
21.0	28.754213483941605	21.1923633252769	21.076926184991322	28.976138270810548	3.5873497962479723E-4
22.0	28.939709456130693	21.16290561934681	20.776777115088084	29.11998681227858	6.209971558330263E-4
23.0	29.0615346441714	21.199300737991116	20.85315816648715	28.88595018630295	5.6265047383609654E-5
24.0	28.77861078675703	21.211454539099346	20.843264113358835	29.166296725445417	3.7383533936491734E-4
25.0	28.970448839461348	21.343692776558896	20.7203641364286	28.964935458989853	5.587885613001297E-4
26.0	29.26832075060207	21.028347107054525	20.844483009832626	28.858496475752528	3.5265675824915196E-4
27.0	28.992791358507848	21.192510825168988	21.00153065263211	28.812889737525254	2.7742616580023394E-4
28.0	29.14999595498553	21.09188485327286	20.898958855660798	28.858976052961495	1.842831193161327E-4
29.0	28.809040494877824	20.720420173189613	20.67314224359205	28.19576771646315	1.6016293718773615
30.0	28.843142945291323	21.128705783049366	21.030400626926532	28.996542199900578	0.0012084448322046885
31.0	29.004347033484834	21.339627197765367	20.643604994613245	29.011817983544912	6.027905916444456E-4
32.0	29.203381598048388	21.17574048777465	20.72168339938634	28.897517749562358	0.001676765228263336
33.0	28.90306347937838	21.078312440049192	20.970350972980896	29.047654729916278	6.183776752564175E-4
34.0	28.969992722945335	21.234496324896803	20.766688261252252	29.028586717569137	2.3597333646512307E-4
35.0	29.13639722116883	20.967562417475804	20.95775558844237	28.938194136785146	9.063612785059687E-5
36.0	28.952693124543643	21.189843110440478	20.956578927332806	28.900739817985777	1.4501969730038584E-4
37.0	29.014413024977625	21.25755499506214	20.831513827908346	28.89599159247775	5.265595741331423E-4
38.0	29.125544076153275	21.24821159626559	20.913514533971888	28.712329285838212	4.0050777103407646E-4
39.0	28.99296387274054	21.084825762174077	20.896176767267292	29.02577795113058	2.55646687512828E-4
40.0	28.934451660072725	21.045640141082647	20.876044997291242	29.142892516605123	9.706849482661552E-4
41.0	29.08146968523932	21.14824784476227	20.902632939618446	28.867649530379968	0.0
42.0	28.84470491749524	21.20087008839046	20.981413724155896	28.972274406484104	7.368634743039127E-4
43.0	28.847544904537152	21.37889239632209	20.815122549223393	28.95771957101536	7.205789020040408E-4
44.0	29.060436677694216	21.256462570787818	20.87418935821207	28.808355413455345	5.559798505489097E-4
45.0	28.913880143251404	21.182275901935895	20.99085629733312	28.912987657479576	0.0
46.0	28.887672524988627	21.254186847673555	20.824373843101743	29.033766784236075	0.0
47.0	29.136093402877037	21.15582802928743	20.888477532430358	28.819432548991635	1.6848641353642312E-4
48.0	28.820227747950018	21.186713381690183	20.98589964460289	29.007159225756908	0.0
49.0	28.97502989148209	21.279398788657467	20.88433923849152	28.860610029400434	6.220519684834542E-4
50.0	29.094387371571855	21.119696573994982	20.931416925387285	28.854366750827694	1.32378218185401E-4
51.0	28.77027359201999	21.27099812304737	21.095157098052187	28.86357118688045	0.0
52.0	28.9355996161787	21.24047698070718	20.893706414741935	28.930216988372194	0.0
53.0	28.96566257994567	21.156919978525405	20.95798436321436	28.919433078314565	0.0
54.0	28.81575379116909	21.093079144180894	21.08741825659197	29.003748808058045	0.0
55.0	28.91407386442299	21.316797999008248	20.977949435993846	28.791178700574914	0.0
56.0	29.07797846454439	21.108141328013357	20.93572773377142	28.877883347757198	2.691259136344186E-4
57.0	28.836637813250476	21.313057188963732	21.09105842151939	28.759246576266406	0.0
58.0	28.811022230121804	21.302393604432694	21.002437170177846	28.883895840195823	2.5115507183518047E-4
59.0	28.985661043219814	21.15911118065273	21.069974403434255	28.784904803935884	3.485687573175233E-4
60.0	28.73144190989339	21.26469616761442	21.1697394502563	28.834064252298813	5.8219937068129356E-5
61.0	28.817695195738256	21.204374991735833	21.018227058088733	28.959702754437178	0.0
62.0	29.047206705271	21.168298990410605	20.874354091686108	28.909692155592676	4.480570396092164E-4
63.0	28.7272236253196	21.31413430409503	20.974548531222748	28.983664252055654	4.2928730696949896E-4
64.0	28.89836104401197	21.2245670061934	20.875314941449666	29.001405254922545	3.5175342241423614E-4
65.0	29.114233707563482	21.09122527608337	21.028443695901526	28.76533407804917	7.632424024600674E-4
66.0	28.790457495513895	21.221858839709117	21.13896608236091	28.84871758241607	0.0
67.0	29.0007954831314	21.34355413386329	20.843757615858173	28.81177503407391	1.1773307322173023E-4
68.0	28.93840738618765	21.266126154190026	21.178821061091764	28.616645398530565	0.0
69.0	28.814622726185075	21.30060532823332	21.178289190269524	28.706168166305908	3.1458900617597205E-4
70.0	28.876849076256395	21.277736266837266	21.048401712905175	28.796658728970204	3.5421503095740977E-4
71.0	29.153599768743966	21.1574262054201	21.191472670081684	28.497501355754245	0.0
72.0	28.7464517461113	21.240545213541445	21.240229988320905	28.772773052026345	0.0
73.0	28.831144258211	21.342437836048	20.794019331136372	29.032398574604628	0.0
74.0	29.14551157934831	21.057859184352232	20.96058504852765	28.836044187771808	0.0
75.0	28.913577788272036	21.11705384246055	20.978969960889707	28.98974772037373	6.506880039751121E-4
76.0	28.725653060073757	21.401471314802777	20.674843529373263	29.19740120555231	6.308901978984259E-4
77.0	28.271227663195532	21.41341356335409	21.029101777878076	29.2862569955723	0.0
78.0	27.680760467900228	21.756332044293377	20.798693832389077	29.764056038956483	1.5761646083270353E-4
79.0	27.32104324179868	22.26681547276165	20.45573737496674	29.95616758528238	2.363251905519552E-4
80.0	27.827517710175375	21.706816552928228	20.28010395269782	30.185364993539366	1.9679065921328605E-4
81.0	27.92514473438949	21.54564373279055	20.054983731390593	30.474149152121132	7.864930824000938E-5
82.0	28.360186408300965	22.062100088882776	19.503140361129255	30.074160647027337	4.124946596673525E-4
83.0	28.80519405596361	22.280835292171535	19.26825693128496	29.64534088886613	3.7283171377199144E-4
84.0	28.08760583254939	22.699259172154278	19.10414706804641	30.10826277830041	7.251489495139542E-4
85.0	27.90141517457199	22.74295011079509	19.0231476687817	30.331625817359665	8.61228491552425E-4
86.0	28.020466068625595	23.016040079970747	19.286502092987394	29.676424950418962	5.668079973090302E-4
87.0	27.579154855361317	23.239906517888944	19.717114154538223	29.463531730736392	2.9274147512429316E-4
88.0	27.35584820862303	23.74940109475689	19.595380689404966	29.298843925342354	5.260818727579413E-4
89.0	27.372401829720257	24.34428832856078	19.487660435537837	28.79473528513089	9.141210502433993E-4
90.0	27.24494091875093	24.29667236221929	20.09672799139281	28.36047471522075	0.0011840124162141377
91.0	27.272139193153063	24.315746966262104	20.421755176310747	27.98991320280021	4.4546147387707394E-4
92.0	28.07035272390934	24.416131245530643	20.22422476886868	27.285446238166166	0.003845023525167804
93.0	27.845064648272572	24.104637663784263	20.61624652019573	27.433125982647766	9.251850996626736E-4
94.0	27.81690398088823	24.23838803461067	20.560283554318623	27.384001467296702	4.229628857757966E-4
95.0	27.819969729179128	24.10031749270315	20.837316294027737	27.241917090626266	4.793934637194068E-4
96.0	27.695600001683086	23.78635410295339	21.637115181365523	26.88091158806098	1.9125937027469818E-5
97.0	27.632492845017246	23.472292194559067	21.6809855343732	27.21407681694022	1.526091102679034E-4
98.0	27.77229356768423	23.228875460025243	21.546141400036717	27.451395937034206	0.0012936352195993346
99.0	27.463934931588057	22.970932631429182	22.416618055061534	27.148229826183872	2.8455573735505443E-4
100.0	27.177056444344323	23.019783486479394	22.793880512969796	27.009033659978098	2.4589622838690374E-4
101.0	26.737038424548455	22.955462999396484	23.364103616056557	26.943206420450355	1.885395481498897E-4
102.0	26.24911814300409	22.544670577680918	24.63585764409144	26.570240907831266	1.1272739228662818E-4
103.0	25.86507467784285	22.34848811120353	25.28790882191354	26.49732997828255	0.001198410757534165
104.0	25.54721601281778	22.038095419372258	26.033462298604892	26.380890373547693	3.3589565737299367E-4
105.0	24.928868103172356	22.061907207071325	26.81232207726898	26.196456265530315	4.463469570203216E-4
106.0	24.58742228368263	22.396127994186802	26.988981615016446	26.02655979475848	9.08312355643215E-4
107.0	24.340388920241303	21.996497152966647	27.785101554106568	25.87638623563687	0.0016261370486129975
108.0	24.10575906198297	21.745498026759428	28.11401682505408	26.03351008360939	0.0012160025941388673
109.0	24.081230946053147	21.755349618911875	28.37961028811166	25.782743577278964	0.0010655696443459223
110.0	23.953851232063812	21.370603900121885	28.709096217880447	25.966448649933856	0.0
111.0	24.241233383576287	21.085094423762495	29.058220347556578	25.61503183494404	4.2001016059362413E-4
112.0	24.729619174911136	20.64668212098716	29.391146618587637	25.23240645032803	1.4563518604348885E-4
113.0	24.87368992442273	20.258592988361137	30.111323518999612	24.756393568216517	0.0
114.0	24.435329774661124	20.02185370054848	31.06582009101419	24.476815195589534	1.8123818666844523E-4
115.0	24.042704763057685	19.94433564035851	31.697170370888532	24.315752981158457	3.62445368156601E-5
116.0	23.94070926052613	19.57957178708756	32.48625882583504	23.99251652660861	9.435999426581574E-4
117.0	23.578760806439618	19.400801116057103	33.22648028382148	23.79393961211816	1.8181563639927223E-5
118.0	23.441326357249142	19.20666567431705	33.77084776840674	23.58092334791553	2.368521115456841E-4
119.0	23.326102794165173	18.9066548348753	34.56688887793353	23.200335234088705	1.8258937293331653E-5
120.0	22.930768732405397	18.745985109170256	35.28863473397127	23.034117284043255	4.941404098144338E-4
121.0	22.781472583388222	18.575994858450475	35.930743239833205	22.711789318328094	0.0
122.0	22.653034196543416	18.290075205392377	36.52892549805222	22.524649571679788	0.0033155283322026767
123.0	22.328931949888226	18.128315525750857	37.1302467267834	22.409880828240677	0.002624969336845863
124.0	22.14627891177412	17.930522321854273	37.70462302686429	22.218445876075407	1.2986343190462532E-4
125.0	21.887587434849728	17.798376893444352	38.33786844019877	21.975701805925723	4.6542558142825336E-4
126.0	21.600176661512172	17.58781558675405	38.955451444333036	21.855865055713952	6.912516867942344E-4
127.0	21.357908190331795	17.5120787889081	39.49914875796645	21.628183628334344	0.0026806344593122804
128.0	21.205509546532646	17.284161464397293	40.09165649410619	21.417788469676992	8.840252868850147E-4
129.0	21.01042373369139	17.167522336909187	40.64318220633652	21.174814326948756	0.004057396114146819
130.0	20.837519986595137	16.935606480153513	41.24040430432449	20.98489775477998	0.001571474146883606
131.0	20.718043076733696	16.672539736302657	41.83824103495708	20.769333496196246	0.0018426558103211903
132.0	20.414090102218918	16.519998002658294	42.52908438273184	20.53509317942113	0.0017343329698222252
133.0	20.164229790923077	16.388275386430067	43.01683999717781	20.42948847502356	0.0011663504454789485
134.0	19.98648471867844	16.162787976578628	43.659365038809916	20.19061418763108	7.48078301931308E-4
135.0	19.656433354802	16.02968487244168	44.268934199084384	20.044158614634114	7.889590378240433E-4
136.0	19.481776449883764	15.806200483469926	44.76789447746699	19.94349158097137	6.370082079472758E-4
137.0	19.32837576568474	15.58545414411283	45.33593313576642	19.748533012424254	0.0017039420117552634
138.0	18.992511079950436	15.461124037180468	45.922714189716714	19.622912677172387	7.380159799881141E-4
139.0	18.803541668127558	15.403930615841672	46.33832451734097	19.451086630467724	0.0031165682220679523
140.0	18.799909897219923	15.135039881029947	46.953492547472464	19.110190112567913	0.0013675617097569082
141.0	18.527541175241932	14.951427547504093	47.36305436952214	19.155370910764592	0.002605996967246537
142.0	18.287801555418515	14.790487790786107	48.02383161830107	18.896385481555196	0.0014935539391109504
143.0	18.166361212633458	14.542562053029554	48.501356704739024	18.787453270263548	0.002266759334416384
144.0	17.849233590509943	14.385276998304953	49.04376246228448	18.7195918281813	0.002135120719330078
145.0	17.619239967963	14.287320498306636	49.50014069232522	18.59095892676444	0.0023399146407070983
146.0	17.327959687311722	13.997476677767615	50.25427155728922	18.41800465798203	0.002287419649412163
147.0	17.137037238041575	13.997406952782438	50.53720531921856	18.325197970256177	0.0031525197012528673
148.0	17.01227955940313	13.824635846029768	50.94237128767983	18.217990211272177	0.00272309561509524
149.0	16.807217568116464	13.619259325589622	51.55931030226611	18.01350692347811	7.058805496833017E-4
150.0	16.47991810545424	13.540717826954356	51.62117443043244	18.35648552948857	0.0017041076703914943
