# Position (bp)	A	C	G	T	N
0.0	27.59132414225447	22.116620163164775	34.073963691298964	16.217920719665244	1.712836165507933E-4
1.0	22.99779083255124	19.03971902524106	12.336658723656488	45.62470724698901	0.0011241715622067145
2.0	32.79249378277599	19.713464566476162	13.207755955219067	34.28587961748802	4.0607804075466894E-4
3.0	21.078569706655337	22.356062866554392	10.313978755649511	46.25128752362216	1.0114751859849998E-4
4.0	40.407156988703825	9.622467199151503	9.70712213869497	40.263152853751954	1.0081969774926747E-4
5.0	45.2975251190201	10.56653901949551	22.481481109223765	21.654454752260627	0.0
6.0	35.003073510349715	13.949594430264723	19.898106450362807	31.149225609022757	0.0
7.0	40.57912738783692	15.194506621696938	19.272064744148608	24.95430124631753	0.0
8.0	18.010904948619576	32.51582207519584	22.671934988886093	26.80133798729849	0.0
9.0	30.230171859402038	19.033285479568608	13.26777378609864	37.46876887493072	0.0
10.0	27.505834360658817	15.261491369309496	28.056542496581	29.17613177345069	0.0
11.0	27.584036507265928	18.425848240972208	17.76199888353357	36.22798455400989	1.318142184042966E-4
12.0	25.205302871446516	20.553622618713472	23.450047952755853	30.791026557084155	0.0
13.0	23.674453077800845	26.46838903274174	18.242846994874075	31.61431089458334	0.0
14.0	32.90561936900856	20.48358442784648	20.156554557396472	26.454241645748482	0.0
15.0	32.62130413871249	18.92430973905813	19.305035419944407	29.149350702284977	0.0
16.0	31.741077932484185	18.516151816933064	18.347115124458874	31.395655126123877	0.0
17.0	31.812142350993433	18.410737131932656	18.57833861141785	31.198781905656066	0.0
18.0	31.52186077080168	18.408988438427656	19.11398366126592	30.955167129504744	0.0
19.0	30.892061727674264	19.08260064971406	19.116760474469967	30.908512634780504	6.451336120095493E-5
20.0	30.719750060557942	19.11945372070258	19.271323071241557	30.88947314749792	0.0
21.0	30.43718198114258	19.29094889335293	19.402924257489435	30.868944868015056	0.0
22.0	30.613151336496603	19.363424933344767	19.14544344449152	30.877948286035746	3.199963136424668E-5
23.0	30.869438812617663	19.223189800735987	19.18565965455032	30.72158407853757	1.276535584546388E-4
24.0	30.45793634524372	19.35855679895288	19.237980221366882	30.945526634436515	0.0
25.0	30.650460964087976	19.401476862904453	19.171502768324274	30.77630542997917	2.539747041194697E-4
26.0	30.84954142847373	19.263011856245868	19.3089829868824	30.578178783373396	2.849450246065859E-4
27.0	30.612038055593093	19.328697418125284	19.31186843969795	30.7472697903103	1.262962733758615E-4
28.0	30.842179108688423	19.295041663727872	19.294034076596773	30.56836730581277	3.778451741614356E-4
29.0	30.41544214737063	18.970835428060752	19.118798285364207	29.954973696713193	1.5399504424912147
30.0	30.576972285323144	19.32980399685924	19.436636216404306	30.65574186379158	8.456376217287526E-4
31.0	30.72924086223055	19.510590440487345	19.178725398313027	30.581443298969074	0.0
32.0	30.742670845332142	19.506394361606223	19.22661864338381	30.522508732473895	0.001807417203931818
33.0	30.53742230141069	19.31783459467424	19.414848065589936	30.729459860948396	4.351773767445562E-4
34.0	30.489371149607624	19.517977696716525	19.296613081070486	30.695976057024566	6.201558079451882E-5
35.0	30.740231361354564	19.209005992528827	19.466500365639536	30.584107610622972	1.5466985410302002E-4
36.0	30.710846091622656	19.30663749957178	19.417495504109183	30.564557967595018	4.629371013532886E-4
37.0	30.607360361070597	19.43695430446608	19.401077594702194	30.553622285072336	9.854546887934092E-4
38.0	30.787656539853046	19.387523034577374	19.346924399871657	30.477619426369873	2.765993280480324E-4
39.0	30.674142312287124	19.307684875773113	19.38663309169372	30.6308649491698	6.74771076244531E-4
40.0	30.553811442977214	19.331617963322103	19.384793413224063	30.729348593085355	4.285873912650828E-4
41.0	30.71777899046021	19.331658527910808	19.342016574096085	30.608545907532896	0.0
42.0	30.575793980106923	19.349102987682492	19.402384204848744	30.671956360029757	7.624673320871567E-4
43.0	30.479053639112983	19.572112276988307	19.33231295820593	30.61591218887515	6.08936817629208E-4
44.0	30.731326247893136	19.34601782150831	19.350121358301074	30.572352192884466	1.823794130118592E-4
45.0	30.552465680125508	19.41977855482454	19.408518424880818	30.619237340169132	0.0
46.0	30.607502550125187	19.506806091692987	19.256793818363207	30.628897539818624	0.0
47.0	30.76930292768496	19.400591825019752	19.329057192301978	30.50104805499331	0.0
48.0	30.532058601103945	19.340152947322274	19.442123871559538	30.685664580014244	0.0
49.0	30.536993545770958	19.59298410338352	19.267466727170035	30.602223740170214	3.3188350526910324E-4
50.0	30.702941287236847	19.39001996007984	19.37450382254359	30.53253493013972	0.0
51.0	30.49588457802934	19.42305863889594	19.438072497379345	30.642984285695373	0.0
52.0	30.563908961100772	19.46695056226232	19.276204452906022	30.692936023730883	0.0
53.0	30.64679543353781	19.405093454017262	19.406053803584506	30.542057308860425	0.0
54.0	30.530348721625828	19.342851044797953	19.401694746573398	30.725105487002825	0.0
55.0	30.48608565877824	19.555117176551754	19.38949734936411	30.569299815305897	0.0
56.0	30.6764383333802	19.390510287292745	19.34653599221266	30.586515387114392	0.0
57.0	30.52864709174917	19.4872364975296	19.41467703418274	30.569349723165324	8.965337316333859E-5
58.0	30.47942301813249	19.555327731814966	19.36751246727936	30.597736782773183	0.0
59.0	30.70466776181972	19.41728433060261	19.369654716614235	30.508393190963435	0.0
60.0	30.50012098067051	19.458906501608507	19.472911653120406	30.567762882653515	2.979819470617192E-4
61.0	30.487589552600998	19.446919920524067	19.390793690399377	30.674696836475558	0.0
62.0	30.730742136089617	19.401255179340236	19.24953412712201	30.618230563640736	2.3799380740113145E-4
63.0	30.479919450086907	19.438730964301012	19.36476868803467	30.716580897577405	0.0
64.0	30.48599732914632	19.467819778280525	19.319392804143835	30.726255323510493	5.347649188271417E-4
65.0	30.656496509835673	19.44836133451983	19.38345428432554	30.51133156546244	3.5630585651028697E-4
66.0	30.552589579244195	19.33247430481901	19.47008307569402	30.644853040242776	0.0
67.0	30.63701811487914	19.536371097704546	19.232839866437953	30.593770920978358	0.0
68.0	30.63877957454227	19.436395554898006	19.5240677527899	30.400727468734352	2.964903547240253E-5
69.0	30.509143190613276	19.446147809110798	19.53612893263597	30.50798730661542	5.9276102454001E-4
70.0	30.515942884280438	19.562077660290225	19.355820196344546	30.56571486638741	4.443926973836824E-4
71.0	30.68679862219708	19.46635311679042	19.394471610210907	30.452376650801593	0.0
72.0	30.590597170712208	19.47011925647916	19.428901374669657	30.510382198138974	0.0
73.0	30.42086085794488	19.56309360351415	19.25062006237037	30.7654254761706	0.0
74.0	30.78539998194313	19.321890406620064	19.297617232769376	30.59509237866743	0.0
75.0	30.577730728617624	19.32986326041799	19.36361077042901	30.728795240535376	0.0
76.0	30.508656204958	19.55198444568051	19.10631932712412	30.832329563064647	7.104591727235778E-4
77.0	30.568173475211907	19.50044879795566	19.30118368980601	30.630194037026428	0.0
78.0	30.264217272357673	19.55274144408217	19.27481125116853	30.90820042124813	2.9611143502411978E-5
79.0	30.00248490472212	19.950645468069865	19.246816197313873	30.800023812436194	2.961745795135451E-5
80.0	30.291447371344688	19.65761044262968	19.212892120774015	30.838050065251622	0.0
81.0	30.192868752274677	19.64925248391575	19.123483895595516	31.03439486821406	0.0
82.0	30.274464482505792	19.893538389834855	18.927562640478005	30.90440483874363	2.9648437720047E-5
83.0	30.527644637549272	19.879952814028602	18.826217816589896	30.766066084682624	1.1864714960604696E-4
84.0	30.25102332838559	19.860048678204546	18.929661122067632	30.958495331889562	7.715394526699123E-4
85.0	30.179244481895918	19.958318413118626	18.799381456889932	31.06246180870414	5.938393913858846E-4
86.0	30.2741369383437	19.99101599473794	18.82472930633616	30.909464162315782	6.535982664197253E-4
87.0	30.03185818189277	20.05109437625949	18.966067186667185	30.95077216777434	2.0808740622318088E-4
88.0	29.981181703356295	20.41859554703057	18.77361583188116	30.826339189831575	2.6772790040046143E-4
89.0	30.04194875642331	20.527083593838384	18.83299690966578	30.597166895911116	8.038441614119077E-4
90.0	29.990411192385213	20.400709655196252	19.09123252828668	30.51684209397151	8.045301603458407E-4
91.0	29.921684645001207	20.530939933375283	19.124872133631165	30.422503287992342	0.0
92.0	30.139064981077574	20.581605258216413	19.086797767819426	30.189457117277247	0.003074875609340338
93.0	29.927722090886625	20.659403315036	19.057826212075167	30.354241542151854	8.068398503581025E-4
94.0	29.837511527160725	20.855793162879415	19.027031360158603	30.278975984321566	6.879654796869219E-4
95.0	29.961543620624404	20.802134682360606	19.058363633750595	30.1777185342742	2.3952899019368315E-4
96.0	29.704063902126563	20.7951377409271	19.158888169180337	30.341910187766004	0.0
97.0	29.677203678246183	20.848206475372177	19.230998913979295	30.243590932402338	0.0
98.0	29.69135006815855	20.736545032868435	19.20418692118936	30.366716151849506	0.0012018259341417415
99.0	29.635815830601942	20.682098853641918	19.40045216538483	30.281512813608884	1.203367624296594E-4
100.0	29.483360506493238	20.85419521053475	19.461344824386675	30.20097895676756	1.2050181776992105E-4
101.0	29.56706707461658	20.816306090347915	19.512813195180623	30.103753304134866	6.033572001329799E-5
102.0	29.36065366265393	20.72687857473652	19.792436066725696	30.119971276738116	6.0419145739740296E-5
103.0	29.327106931939202	20.850699486881595	19.76598049181915	30.055093668312516	0.0011194210475360636
104.0	29.387028298599642	20.75022587856308	19.8881605698139	29.974585253023378	0.0
105.0	29.091527565324704	20.772696335213574	20.076474002874832	30.059302096586894	0.0
106.0	29.018146940621286	20.888553374713414	20.10912112304861	29.982567850448206	0.0016107111684888979
107.0	29.13522499346281	20.73617730744515	20.321237021890983	29.806234362875948	0.001126314325104846
108.0	28.881700174080194	20.724690755332407	20.418579165323738	29.973322339864673	0.0017075653989924754
109.0	28.84558046324639	20.859987413775197	20.412198862351914	29.881775024286526	4.582363399747054E-4
110.0	28.865250180580553	20.697071534383763	20.555973849487643	29.88164322180189	6.121374615883742E-5
111.0	28.707815588491975	20.674263698913677	20.713268966464668	29.90465174612968	0.0
112.0	28.79726815395454	20.66920273123154	20.703399967246852	29.829791169493237	3.379780738260869E-4
113.0	28.85824443201316	20.59661762944659	20.926320404350022	29.618663596952903	1.5393723732534667E-4
114.0	28.755813063719078	20.56969875741135	21.104043967002532	29.57044421186704	0.0
115.0	28.586104864188183	20.77596678863629	21.05311987412141	29.584808473054114	0.0
116.0	28.693989492842242	20.588002793724723	21.287952976640533	29.429837736425775	2.1700036673061977E-4
117.0	28.483639925468218	20.52318303917145	21.451412014334565	29.541765021025768	0.0
118.0	28.451504045639147	20.549672323790702	21.490518636857	29.508180378307447	1.2461540570414558E-4
119.0	28.429765281999853	20.465887948398333	21.644178493246052	29.460105810653335	6.246570242526213E-5
120.0	28.31744461127298	20.4376613596404	21.868789268419462	29.37576031801451	3.4444265264680697E-4
121.0	28.223108855494853	20.521433708814747	21.979554413934117	29.27590302175628	0.0
122.0	28.30829185986848	20.376204461820805	22.123913584094336	29.189103260270784	0.0024868339455981466
123.0	28.18550076120893	20.351788059736357	22.258771895212952	29.202487257681298	0.0014520261604608858
124.0	28.147123794017322	20.357649176904257	22.354323812502116	29.1409032165763	0.0
125.0	28.094964692768848	20.290779621876677	22.556161650592824	29.056887980751377	0.0012060540102724064
126.0	27.942885547060964	20.283497412162454	22.719444295937617	29.052995297849538	0.0011774469894271626
127.0	27.917676209169763	20.352568295271162	22.777544158776976	28.949786520445986	0.002424816336115278
128.0	27.86298066387336	20.201503163822974	23.010505766990732	28.923826710990152	0.0011836943227780856
129.0	27.71379906528566	20.247182865922703	23.042344420101813	28.99288860091162	0.0037850477782090312
130.0	27.753385571105678	20.16059834590393	23.267978228401105	28.816011721981162	0.0020261326081279433
131.0	27.675827467956758	20.03378947076492	23.51483376470429	28.774549608089867	9.996884841691265E-4
132.0	27.536961072606736	20.07170069760569	23.708116658658245	28.681766474443005	0.001455096686324484
133.0	27.417786520384002	20.063892211317018	23.784658671440155	28.73249537895188	0.0011672179069383648
134.0	27.43834739515245	19.98024593742878	23.966723702891876	28.614032732052525	6.502324743653975E-4
135.0	27.307947951393746	19.944707238814072	24.207028719833385	28.539957511740994	3.585782178075811E-4
136.0	27.206158952669522	19.985155606307853	24.305325189288897	28.50287001416133	4.902375723958335E-4
137.0	27.245667342623705	19.83276289900363	24.490312229229396	28.429618977832366	0.0016385513109065906
138.0	27.058781392393044	19.739768730779456	24.69068867177758	28.50970971247264	0.0010514925772838828
139.0	27.001528328099987	19.889119615147283	24.738653918189808	28.369050878269768	0.001647260293153031
140.0	27.058704224086643	19.727290955162125	25.040819811787884	28.172491328164202	6.936807991467066E-4
141.0	26.936857352288946	19.63158646105252	25.100751792035446	28.328618278645656	0.002186115977427359
142.0	26.775332163849118	19.655405122659676	25.366438017226088	28.201363394524236	0.001461301740875333
143.0	26.81845354558852	19.54597150873804	25.574962325259975	28.058914134896384	0.0016984855170806032
144.0	26.552178553633283	19.487792431935645	25.775488149101044	28.182436918325443	0.002103947004580593
145.0	26.543577260333524	19.467348663297546	25.9217219968363	28.066112857000753	0.0012392225318789995
146.0	26.52966002628206	19.307032465595498	26.140736650032114	28.02116001150176	0.0014108465885729487
147.0	26.29577942184286	19.406013917874166	26.364647764036302	27.93160470649755	0.0019541897491292064
148.0	26.23507123616655	19.403437672410995	26.399470191153085	27.960330596393295	0.0016903038760696242
149.0	26.279404136083095	19.30839266239416	26.64119908014427	27.77069777510916	3.063462693151323E-4
150.0	26.01935499330757	19.069050153874592	26.730156339325145	28.18013768267259	0.0013008308201053673
