# Position (bp)	A	C	G	T	N
0.0	24.229029562527803	24.64205686348689	36.21510989810469	14.913556836464469	2.468394161494298E-4
1.0	22.017767645281783	21.56725806009792	13.777122186220966	42.63584932672941	0.0020027816699219403
2.0	29.974340719893693	22.667634025074967	14.634844217376566	32.72283475857102	3.462790837558045E-4
3.0	19.90788007293466	25.530197313168795	11.695105011224403	42.86668987121476	1.2773145738399587E-4
4.0	39.060207654379056	11.122620033007232	11.096276352588909	38.72073051662121	1.654434035933289E-4
5.0	42.630144422418134	11.858238495480379	25.33388885295345	20.177728229148038	0.0
6.0	33.614998642975344	15.41916260391478	22.39583682281025	28.57000193029962	0.0
7.0	38.93931427605225	16.527738036785316	21.072121050160085	23.460826637002352	0.0
8.0	17.199097272980733	34.87181226091172	23.609564284763405	24.319526181344145	0.0
9.0	29.56868174034622	20.92058312670309	14.16137665695423	35.34935847599646	0.0
10.0	25.709402379231722	16.530427882088922	30.578482487587134	27.181687251092224	0.0
11.0	26.16614643869108	20.07993319120832	19.48967109757176	34.26424927252884	0.0
12.0	23.29463310221499	22.20141151259535	25.439035974845265	29.064919410344398	0.0
13.0	21.865673782223123	28.883885235257434	19.752678903900676	29.497762078618766	0.0
14.0	31.112128218646244	22.339378550582325	21.847469854633314	24.701023376138114	0.0
15.0	30.94762226297344	20.745775978052812	20.897894938420933	27.408706820552815	0.0
16.0	29.96578086752706	20.35061969454383	19.989463313390026	29.694136124539085	0.0
17.0	30.066394139020343	20.24456219968813	20.210319293741897	29.4784558914517	2.684760979391043E-4
18.0	29.585037385252054	20.27621604692389	20.93357618290343	29.204927129925533	2.432549950892898E-4
19.0	29.222928228268312	20.998687194870396	20.808440164684367	28.969944412176922	0.0
20.0	29.00271527810335	21.043936950256473	20.890374875606142	29.06297289603404	0.0
21.0	28.80387832271912	21.14904933376706	21.07115143998496	28.975378942301244	5.419612276120334E-4
22.0	28.97878822327976	21.21937554912943	20.760168595564757	29.040863332601464	8.042994245897864E-4
23.0	29.11317205069817	21.193087230679268	20.873265217749744	28.82036781266464	1.0768820817710068E-4
24.0	28.81800738158768	21.21080029772507	20.91268166399262	29.057926274046604	5.843826480333676E-4
25.0	29.03776047532241	21.34969056808839	20.697795793123785	28.91424206921381	5.11094251604093E-4
26.0	29.215093534095875	21.0554272306665	20.92582034312834	28.803445664435788	2.132276734929927E-4
27.0	28.99839273052346	21.181873154869045	21.00568034108964	28.8139357134711	1.1806004675650091E-4
28.0	29.11125022780326	21.151683849905037	20.91409784792543	28.82263864938582	3.294249804609809E-4
29.0	28.74691932681282	20.75269258457635	20.716779732160234	28.207030617963696	1.5765777384869
30.0	28.871058264004823	21.165209956465276	21.077231027453845	28.88493429227171	0.0015664598043491702
31.0	29.01602337497472	21.33592433558453	20.74058056247053	28.90676063906985	7.11087900373088E-4
32.0	29.177289164203874	21.196518122591122	20.79940237334786	28.8256045726902	0.0011857671669441593
33.0	28.886397088488902	21.120906730921728	21.056760647113762	28.935332678540128	6.028549354806099E-4
34.0	28.96026269297065	21.28813955991897	20.850005741031936	28.901464813024475	1.2719305396419702E-4
35.0	29.041363563221907	21.029166563333217	21.035983687348928	28.893451581405515	3.460469043509054E-5
36.0	28.88515530396843	21.182575411372703	21.08187454671082	28.850314140411733	8.05975363175377E-5
37.0	29.00862390200053	21.267135324323306	20.895181821443916	28.828391894838635	6.670573936181468E-4
38.0	29.068558844466285	21.175843496077448	21.021980120962265	28.733077384727164	5.401537668369952E-4
39.0	28.928002981132668	21.088549932593686	21.03711069063213	28.945957321281373	3.790743601454543E-4
40.0	28.95773069643633	21.024559743788306	21.000552813810817	29.016146411273958	0.0010103346905878713
41.0	29.103221239718017	21.118886527879724	20.954652557532956	28.8232396748693	0.0
42.0	28.82390081980227	21.217121413881298	21.02499603084652	28.93332785758402	6.538778858957852E-4
43.0	28.819424055812654	21.378363512586105	20.937269481031844	28.86426630285192	6.766477174722826E-4
44.0	29.04389764801965	21.247911370685454	20.9514529911786	28.756462812165022	2.751779512749281E-4
45.0	28.815926480047477	21.187862274584862	21.102881826507595	28.893329418860063	0.0
46.0	28.858896695662377	21.24345258072858	20.900171571729086	28.99747915187995	0.0
47.0	29.08063267165269	21.162013109520014	21.004986789157893	28.752126732390014	2.4069727938718933E-4
48.0	28.81490128523184	21.110799741200026	21.088896873712375	28.985402099855754	0.0
49.0	28.929737977731683	21.313907702578042	20.959844312519373	28.795891035269477	6.189719014266615E-4
50.0	29.070935895432992	21.100047899532708	21.009945428460117	28.818921771088373	1.4900548580888947E-4
51.0	28.771964650714576	21.216700160297222	21.14428790142214	28.867047287566066	0.0
52.0	28.9910810163082	21.253031419483126	20.912602395473264	28.843285168735406	0.0
53.0	28.937486505331165	21.14877623122952	21.05175214092491	28.8619851225144	0.0
54.0	28.83536296123622	21.08095693411408	21.120954683237883	28.962725421411818	0.0
55.0	28.83638089081744	21.316776351228995	21.028616553314492	28.818226204639075	0.0
56.0	29.016217224892664	21.10359749041299	21.03117910609259	28.848662311629674	3.438669720816698E-4
57.0	28.85322854557116	21.260399155630118	21.14657085066884	28.739698280481885	1.0316764800115548E-4
58.0	28.80788628017917	21.300259444264196	21.002901694355625	28.888941116584828	1.1464616181847156E-5
59.0	29.036471127659325	21.12679366835972	21.133202953866558	28.70310802191448	4.242281999160487E-4
60.0	28.729618029103378	21.233139338356196	21.237336014313644	28.799826353932517	8.026429426816622E-5
61.0	28.81345689745919	21.20970621603938	21.11281101353299	28.86402587296844	0.0
62.0	29.015480820559752	21.12729776855775	20.93726652481123	28.919702596688474	2.522893828026942E-4
63.0	28.71273785934304	21.27133727893717	21.0848839285745	28.93051335400297	5.27579142319176E-4
64.0	28.923964728262604	21.216191820408767	20.919947671829977	28.939425532485924	4.7024701272717806E-4
65.0	29.056300287161047	21.03842030572782	21.08512397518879	28.819042893627234	0.001112538295116496
66.0	28.773272582529646	21.13469169322679	21.164982221948485	28.927053502295074	0.0
67.0	28.935875958479407	21.33930084996051	20.879384426084542	28.845266722622647	1.7204285289257944E-4
68.0	28.969575618012282	21.25187852084669	21.245650714574822	28.5328951465662	0.0
69.0	28.798387841369372	21.271673847554894	21.197615023721877	28.731887444810006	4.358425438523549E-4
70.0	28.870506498463932	21.266067227260883	21.06592655873209	28.797017974006145	4.817415369481995E-4
71.0	29.134402045849946	21.125045420511352	21.168252255426605	28.572300278212104	0.0
72.0	28.745971686506056	21.230635793663637	21.2655611297182	28.757831390112106	0.0
73.0	28.804354869769444	21.331815096039254	20.863819367687352	29.000010666503957	0.0
74.0	29.049310757812	21.087957318436935	21.044682548075368	28.818049375675702	0.0
75.0	28.856685459031546	21.114598938755762	21.03691139180687	28.99108158890017	7.226215056518752E-4
76.0	28.845535348474648	21.297025278503064	20.788066979292978	29.06870713374341	6.652599858964883E-4
77.0	28.527134610335786	21.296445719711162	21.109009497862008	29.06741017209104	0.0
78.0	28.144971216443082	21.494414196003476	20.980097662675156	29.380241637811228	2.7528706705947075E-4
79.0	27.903878750979832	21.90367595966288	20.73103058134352	29.461414708013766	0.0
80.0	28.295943561720133	21.473943772310733	20.680879773186128	29.549232892783007	0.0
81.0	28.301093920045123	21.38394000453941	20.556260195180904	29.758705880234558	0.0
82.0	28.5272586742572	21.764009831021717	20.161118375635727	29.54761311908535	0.0
83.0	28.88027711918908	21.786581934009966	20.01798691733347	29.315027861829	1.2616763848246023E-4
84.0	28.30128433775897	22.06132414027865	19.980328123053827	29.65644406509611	6.193338124377369E-4
85.0	28.263468493407736	22.032999570911297	19.89513764846773	29.808050190417433	3.4409679580504714E-4
86.0	28.393189603044178	22.204317872967895	20.02612360401131	29.375841309428445	5.276105481735958E-4
87.0	28.03831628911394	22.372800329957677	20.292626395650544	29.296107880377498	1.4910490034401942E-4
88.0	27.925768636830462	22.768474550418343	20.094122423374287	29.21147382961972	1.605597571877729E-4
89.0	27.98980177846195	22.993301640394005	20.111981820900642	28.904261116304585	6.536439388170925E-4
90.0	27.85860013310748	22.92849761466072	20.450563321687575	28.761719719309255	6.192112349686473E-4
91.0	27.84062354271394	23.027524797727118	20.569681249149347	28.562113079263863	5.733114572969535E-5
92.0	28.18403936897106	23.100630930342223	20.447011126437268	28.265819204537756	0.002499369711697704
93.0	28.165190927450993	22.89085384077195	20.29446841117128	28.648925085518435	5.617350873377689E-4
94.0	28.12591377316864	23.11028413266241	20.39239676533898	28.370981217723855	4.241111061058359E-4
95.0	28.237390447644323	22.89755980823954	20.760300339757286	28.10421072562089	5.386787379605303E-4
96.0	28.016217486232332	22.84756135997662	21.024349151590517	28.111826157716486	4.584448404898483E-5
97.0	28.024331791995888	22.787268499974616	20.986279472248075	28.20192540541048	1.9483037093754324E-4
98.0	28.168829571673864	22.54920018150316	20.963775357404547	28.31708313099139	0.0011117584270429162
99.0	27.855576151677525	22.491874516585888	21.47078470919045	28.181569766828773	1.948557173647621E-4
100.0	27.754403058212638	22.589886577908196	21.545589491119376	28.11000624709854	1.1462566124678332E-4
101.0	27.577215508793675	22.445107820822354	21.842589978492803	28.135006453992677	8.023789849149313E-5
102.0	27.27986374332213	22.306815928552354	22.496759204603936	27.91641212143441	1.4900208717539035E-4
103.0	27.072145401912774	22.337312915856362	22.70614285991007	27.883275563844233	0.001123258476561206
104.0	27.093562293154598	22.165000861396145	23.02801319867509	27.713400722059728	2.2924714435429046E-5
105.0	26.64877632468105	22.08205064128393	23.5387455629984	27.73018674238538	2.4072865123748858E-4
106.0	26.485127429629802	22.29761420915324	23.582658862118958	27.633464472817554	0.001135026280444357
107.0	26.474300833047305	22.089245615179877	24.06530890847191	27.36940150664347	0.0017431366574414218
108.0	26.243864062814925	21.936402031319133	24.324150702322545	27.493931314212176	0.0016518893312153973
109.0	26.142882160133986	22.057205101963763	24.413717822101454	27.38495552777388	0.0012393880269149177
110.0	26.141113231528063	21.811433054005423	24.60210611246062	27.44532464134588	2.2960660008764083E-5
111.0	26.137712680083762	21.69780201100235	24.851444391457235	27.31246663413926	5.742833173912284E-4
112.0	26.389597173612632	21.5159956417412	24.95203134526653	27.142100058396622	2.757809830167176E-4
113.0	26.549614776094533	21.239261756426906	25.45794101930564	26.753101954826903	8.049334601755146E-5
114.0	26.25442349367536	21.158452875964443	25.902731141142226	26.684392489217966	0.0
115.0	25.96844323616833	21.28068683385851	26.109027379370193	26.641842550602966	0.0
116.0	26.049110154008627	20.963268588082205	26.514970328448705	26.472269465334104	3.8146412636218816E-4
117.0	25.741917321836755	20.914800054378432	26.944304178018204	26.398978445766613	0.0
118.0	25.736669662548433	20.829698880181695	27.139132793330873	26.294370833452447	1.278304865483979E-4
119.0	25.712066377415983	20.624691058219838	27.648812346810903	26.014406912185606	2.330536766897615E-5
120.0	25.371549112328818	20.58733173031698	28.063419991803794	25.977220060210687	4.7910533972249516E-4
121.0	25.303912832672115	20.531773768019857	28.353301971540922	25.811011427767106	0.0
122.0	25.318992072430902	20.32251490072281	28.684983648925673	25.670922089574038	0.0025872883465827977
123.0	25.073440427195347	20.265002728975823	28.99706450708796	25.662521573660218	0.0019707630806449234
124.0	25.005751866322246	20.143633841459263	29.27686340634819	25.5737508858703	0.0
125.0	24.884221126806246	20.063858825279436	29.666516211656102	25.384679085878286	7.247503799295946E-4
126.0	24.641724301044093	19.9592609511675	30.064509653201902	25.33389712025208	6.079743344230777E-4
127.0	24.551244040048672	19.99062099266304	30.285056282416	25.17048337169693	0.002595313175364474
128.0	24.514079267130082	19.746407483344274	30.634067685546817	25.104737613903467	7.079500753606855E-4
129.0	24.3398301985415	19.77255474318992	30.97819662212446	24.906204232203724	0.003214203940397343
130.0	24.25100680608644	19.615870143271792	31.306149730036832	24.825197882808546	0.0017754377963894116
131.0	24.21598909286515	19.408199957999145	31.682240872842232	24.692382516059634	0.001187560233842728
132.0	23.942201310622362	19.35383156435788	32.15104983526036	24.5512881302355	0.001629159523896366
133.0	23.804455183163316	19.350638213886704	32.34725432202194	24.496639833558532	0.001012447369509257
134.0	23.756375033915127	19.18342291087417	32.785208611828985	24.274271389292036	7.220540896837685E-4
135.0	23.478420805195505	19.06764755608668	33.198687569072	24.254765223649933	4.788459958836434E-4
136.0	23.369473234801617	18.989954258704998	33.422420502112146	24.21732670498848	8.252993927520975E-4
137.0	23.332978681468624	18.80949918337392	33.785977856130714	24.07009848571068	0.0014457933160604282
138.0	23.08193477283492	18.660433754462314	34.22123656750358	24.03532887094701	0.0010660342521763523
139.0	22.94147351216748	18.779139799038827	34.41004042376752	23.86657334055703	0.0027729244691435057
140.0	23.032971139727966	18.51478376843426	34.80386623139734	23.6470192155248	0.0013596449156327857
141.0	22.815615258170375	18.395364866244744	35.04279397425604	23.743585533889807	0.0026403674390387964
142.0	22.664708584176562	18.316515188926548	35.47608129598984	23.541025397370948	0.0016695335360958799
143.0	22.6187746158278	18.108131762957647	35.784366135547224	23.486322178880524	0.0024053067868060737
144.0	22.306779718835163	18.033273825542363	36.22629637912148	23.431514871262284	0.0021352052387071017
145.0	22.196360483511135	17.997049040684704	36.43023922037886	23.374310428751066	0.0020408266742384293
146.0	22.08772700281187	17.763683441877017	36.91886777790877	23.227928507810198	0.0017932695921380009
147.0	21.860729726808355	17.745543932421654	37.19801720290745	23.193233385243314	0.0024757526192250357
148.0	21.786458496116015	17.691828236751647	37.35587808373379	23.16331178496239	0.0025233984361590443
149.0	21.684819772993453	17.527529106365336	37.86632226834106	22.920451163183316	8.776891168356519E-4
150.0	21.368359392086596	17.490185053296713	37.90143219629608	23.23815427732048	0.0018690810001296674
