#Coverage	Number of genomic locations
0.0	624645.0
1.0	248841.0
2.0	341842.0
3.0	192696.0
4.0	247207.0
5.0	159714.0
6.0	192319.0
7.0	138656.0
8.0	164415.0
9.0	119250.0
10.0	142851.0
11.0	110602.0
12.0	132061.0
13.0	104427.0
14.0	121856.0
15.0	98667.0
16.0	111339.0
17.0	94192.0
18.0	104345.0
19.0	88843.0
20.0	98145.0
21.0	87035.0
22.0	97076.0
23.0	85575.0
24.0	92354.0
25.0	79858.0
26.0	87523.0
27.0	77564.0
28.0	85969.0
29.0	76263.0
30.0	80218.0
31.0	73776.0
32.0	77664.0
33.0	72665.0
34.0	75952.0
35.0	69937.0
36.0	72931.0
37.0	68398.0
38.0	70902.0
39.0	67433.0
40.0	69848.0
41.0	65088.0
42.0	68478.0
43.0	65170.0
44.0	67673.0
45.0	62783.0
46.0	66122.0
47.0	62184.0
48.0	64994.0
49.0	61077.0
50.0	63541.0
51.0	60662.0
52.0	62018.0
53.0	59528.0
54.0	60928.0
55.0	57811.0
56.0	60062.0
57.0	58056.0
58.0	58878.0
59.0	57117.0
60.0	59442.0
61.0	55528.0
62.0	57191.0
63.0	55525.0
64.0	55789.0
65.0	54984.0
66.0	54844.0
67.0	53547.0
68.0	53427.0
69.0	52165.0
70.0	52757.0
71.0	51486.0
72.0	52232.0
73.0	51229.0
74.0	51028.0
75.0	49724.0
76.0	50447.0
77.0	49147.0
78.0	49516.0
79.0	48572.0
80.0	49172.0
81.0	47514.0
82.0	48418.0
83.0	47123.0
84.0	47218.0
85.0	46390.0
86.0	46248.0
87.0	45587.0
88.0	45518.0
89.0	45359.0
90.0	46197.0
91.0	43993.0
92.0	44001.0
93.0	43225.0
94.0	43126.0
95.0	42658.0
96.0	42973.0
97.0	42106.0
98.0	42381.0
99.0	42175.0
100.0	41340.0
101.0	40096.0
102.0	40296.0
103.0	39364.0
104.0	40044.0
105.0	39315.0
106.0	38948.0
107.0	38381.0
108.0	39230.0
109.0	37933.0
110.0	38439.0
111.0	37922.0
112.0	38229.0
113.0	37657.0
114.0	37613.0
115.0	36249.0
116.0	36187.0
117.0	35740.0
118.0	36037.0
119.0	35008.0
120.0	34830.0
121.0	34542.0
122.0	34467.0
123.0	33617.0
124.0	33858.0
125.0	33119.0
126.0	33270.0
127.0	33343.0
128.0	32873.0
129.0	32509.0
130.0	31796.0
131.0	31614.0
132.0	31873.0
133.0	31340.0
134.0	31038.0
135.0	30731.0
136.0	30113.0
137.0	30277.0
138.0	29535.0
139.0	28810.0
140.0	29295.0
141.0	28236.0
142.0	28710.0
143.0	28393.0
144.0	28156.0
145.0	27574.0
146.0	27007.0
147.0	27226.0
148.0	27091.0
149.0	26533.0
150.0	26332.0
151.0	25568.0
152.0	25642.0
153.0	25193.0
154.0	24800.0
155.0	24932.0
156.0	24368.0
157.0	24220.0
158.0	23809.0
159.0	23606.0
160.0	23792.0
161.0	23107.0
162.0	22930.0
163.0	22456.0
164.0	22202.0
165.0	22417.0
166.0	21755.0
167.0	21646.0
168.0	21431.0
169.0	21188.0
170.0	20511.0
171.0	20744.0
172.0	20498.0
173.0	20031.0
174.0	20127.0
175.0	19429.0
176.0	19187.0
177.0	18923.0
178.0	18844.0
179.0	18487.0
180.0	18431.0
181.0	18027.0
182.0	17966.0
183.0	18087.0
184.0	17451.0
185.0	17132.0
186.0	17116.0
187.0	16802.0
188.0	16739.0
189.0	15963.0
190.0	16326.0
191.0	16126.0
192.0	15923.0
193.0	15592.0
194.0	15631.0
195.0	15518.0
196.0	14873.0
197.0	14824.0
198.0	14881.0
199.0	14589.0
200.0	14538.0
201.0	13957.0
202.0	14130.0
203.0	13649.0
204.0	13507.0
205.0	13415.0
206.0	13196.0
207.0	13408.0
208.0	13111.0
209.0	13040.0
210.0	12642.0
211.0	12568.0
212.0	12494.0
213.0	12241.0
214.0	12146.0
215.0	11917.0
216.0	11961.0
217.0	11598.0
218.0	11815.0
219.0	11450.0
220.0	11170.0
221.0	10851.0
222.0	11148.0
223.0	10850.0
224.0	10924.0
225.0	10517.0
226.0	10584.0
227.0	10340.0
228.0	10204.0
229.0	10007.0
230.0	9776.0
231.0	9824.0
232.0	9696.0
233.0	9479.0
234.0	9051.0
235.0	9201.0
236.0	8952.0
237.0	8800.0
238.0	9065.0
239.0	8671.0
240.0	8457.0
241.0	8291.0
242.0	8401.0
243.0	8162.0
244.0	7941.0
245.0	7931.0
246.0	8036.0
247.0	7796.0
248.0	7674.0
249.0	7718.0
250.0	7492.0
251.0	7471.0
252.0	7349.0
253.0	7180.0
254.0	7163.0
255.0	7026.0
256.0	7097.0
257.0	6613.0
258.0	6743.0
259.0	6483.0
260.0	6496.0
261.0	6302.0
262.0	6275.0
263.0	6080.0
264.0	6089.0
265.0	6074.0
266.0	5974.0
267.0	5822.0
268.0	5751.0
269.0	5370.0
270.0	5575.0
271.0	5674.0
272.0	5468.0
273.0	5459.0
274.0	5419.0
275.0	5314.0
276.0	5196.0
277.0	5121.0
278.0	4867.0
279.0	4922.0
280.0	4950.0
281.0	5013.0
282.0	4736.0
283.0	4762.0
284.0	4698.0
285.0	4659.0
286.0	4670.0
287.0	4449.0
288.0	4495.0
289.0	4384.0
290.0	4370.0
291.0	4281.0
292.0	4328.0
293.0	4232.0
294.0	4253.0
295.0	3988.0
296.0	4105.0
297.0	3890.0
298.0	4012.0
299.0	3973.0
300.0	3610.0
301.0	3630.0
302.0	3602.0
303.0	3652.0
304.0	3659.0
305.0	3355.0
306.0	3545.0
307.0	3409.0
308.0	3507.0
309.0	3381.0
310.0	3513.0
311.0	3408.0
312.0	3310.0
313.0	3241.0
314.0	3250.0
315.0	3008.0
316.0	3186.0
317.0	3219.0
318.0	3128.0
319.0	3074.0
320.0	3022.0
321.0	2870.0
322.0	2969.0
323.0	2836.0
324.0	2870.0
325.0	2733.0
326.0	2783.0
327.0	2715.0
328.0	2597.0
329.0	2519.0
330.0	2628.0
331.0	2607.0
332.0	2492.0
333.0	2409.0
334.0	2447.0
335.0	2410.0
336.0	2529.0
337.0	2354.0
338.0	2293.0
339.0	2410.0
340.0	2303.0
341.0	2256.0
342.0	2261.0
343.0	2108.0
344.0	2316.0
345.0	2069.0
346.0	2167.0
347.0	2028.0
348.0	1999.0
349.0	2038.0
350.0	2073.0
351.0	1963.0
352.0	1918.0
353.0	1823.0
354.0	1872.0
355.0	1873.0
356.0	1800.0
357.0	1753.0
358.0	1667.0
359.0	1744.0
360.0	1764.0
361.0	1711.0
362.0	1676.0
363.0	1591.0
364.0	1591.0
365.0	1690.0
366.0	1590.0
367.0	1713.0
368.0	1626.0
369.0	1573.0
370.0	1530.0
371.0	1537.0
372.0	1411.0
373.0	1511.0
374.0	1495.0
375.0	1434.0
376.0	1440.0
377.0	1409.0
378.0	1416.0
379.0	1508.0
380.0	1371.0
381.0	1300.0
382.0	1379.0
383.0	1220.0
384.0	1287.0
385.0	1220.0
386.0	1250.0
387.0	1208.0
388.0	1187.0
389.0	1250.0
390.0	1276.0
391.0	1193.0
392.0	1287.0
393.0	1147.0
394.0	1130.0
395.0	1117.0
396.0	1050.0
397.0	1002.0
398.0	946.0
399.0	1038.0
400.0	1048.0
401.0	981.0
402.0	948.0
403.0	964.0
404.0	953.0
405.0	943.0
406.0	932.0
407.0	950.0
408.0	932.0
409.0	825.0
410.0	856.0
411.0	895.0
412.0	853.0
413.0	813.0
414.0	768.0
415.0	819.0
416.0	783.0
417.0	744.0
418.0	809.0
419.0	766.0
420.0	739.0
421.0	701.0
422.0	727.0
423.0	710.0
424.0	786.0
425.0	718.0
426.0	718.0
427.0	713.0
428.0	650.0
429.0	648.0
430.0	655.0
431.0	635.0
432.0	573.0
433.0	708.0
434.0	665.0
435.0	638.0
436.0	626.0
437.0	584.0
438.0	582.0
439.0	570.0
440.0	581.0
441.0	543.0
442.0	585.0
443.0	518.0
444.0	564.0
445.0	579.0
446.0	534.0
447.0	511.0
448.0	548.0
449.0	485.0
450.0	557.0
451.0	499.0
452.0	558.0
453.0	497.0
454.0	524.0
455.0	453.0
456.0	413.0
457.0	501.0
458.0	512.0
459.0	479.0
460.0	484.0
461.0	444.0
462.0	423.0
463.0	435.0
464.0	433.0
465.0	378.0
466.0	434.0
467.0	467.0
468.0	438.0
469.0	436.0
470.0	424.0
471.0	403.0
472.0	413.0
473.0	365.0
474.0	369.0
475.0	353.0
476.0	368.0
477.0	341.0
478.0	324.0
479.0	317.0
480.0	337.0
481.0	362.0
482.0	354.0
483.0	362.0
484.0	338.0
485.0	319.0
486.0	292.0
487.0	328.0
488.0	319.0
489.0	297.0
490.0	275.0
491.0	262.0
492.0	294.0
493.0	317.0
494.0	274.0
495.0	300.0
496.0	304.0
497.0	303.0
498.0	282.0
499.0	277.0
500.0	295.0
501.0	287.0
502.0	287.0
503.0	263.0
504.0	259.0
505.0	284.0
506.0	241.0
507.0	267.0
508.0	227.0
509.0	245.0
510.0	235.0
511.0	263.0
512.0	250.0
513.0	224.0
514.0	224.0
515.0	227.0
516.0	208.0
517.0	201.0
518.0	260.0
519.0	217.0
520.0	243.0
521.0	243.0
522.0	204.0
523.0	242.0
524.0	234.0
525.0	198.0
526.0	202.0
527.0	231.0
528.0	171.0
529.0	224.0
530.0	210.0
531.0	209.0
532.0	205.0
533.0	229.0
534.0	212.0
535.0	178.0
536.0	220.0
537.0	172.0
538.0	207.0
539.0	193.0
540.0	190.0
541.0	174.0
542.0	167.0
543.0	180.0
544.0	179.0
545.0	173.0
546.0	145.0
547.0	168.0
548.0	158.0
549.0	152.0
550.0	148.0
551.0	158.0
552.0	156.0
553.0	179.0
554.0	149.0
555.0	168.0
556.0	128.0
557.0	136.0
558.0	136.0
559.0	143.0
560.0	134.0
561.0	128.0
562.0	120.0
563.0	126.0
564.0	137.0
565.0	130.0
566.0	125.0
567.0	142.0
568.0	130.0
569.0	124.0
570.0	116.0
571.0	162.0
572.0	126.0
573.0	118.0
574.0	117.0
575.0	141.0
576.0	117.0
577.0	116.0
578.0	123.0
579.0	101.0
580.0	103.0
581.0	120.0
582.0	121.0
583.0	102.0
584.0	120.0
585.0	114.0
586.0	103.0
587.0	119.0
588.0	116.0
589.0	124.0
590.0	107.0
591.0	112.0
592.0	112.0
593.0	114.0
594.0	99.0
595.0	94.0
596.0	101.0
597.0	90.0
598.0	102.0
599.0	106.0
600.0	102.0
601.0	92.0
602.0	97.0
603.0	95.0
604.0	107.0
605.0	103.0
606.0	76.0
607.0	91.0
608.0	79.0
609.0	78.0
610.0	76.0
611.0	71.0
612.0	62.0
613.0	61.0
614.0	82.0
615.0	61.0
616.0	77.0
617.0	80.0
618.0	65.0
619.0	57.0
620.0	68.0
621.0	82.0
622.0	54.0
623.0	66.0
624.0	62.0
625.0	82.0
626.0	81.0
627.0	61.0
628.0	90.0
629.0	67.0
630.0	69.0
631.0	65.0
632.0	71.0
633.0	63.0
634.0	75.0
635.0	76.0
636.0	59.0
637.0	73.0
638.0	52.0
639.0	60.0
640.0	86.0
641.0	74.0
642.0	67.0
643.0	80.0
644.0	61.0
645.0	44.0
646.0	64.0
647.0	54.0
648.0	74.0
649.0	62.0
650.0	60.0
651.0	65.0
652.0	61.0
653.0	49.0
654.0	62.0
655.0	68.0
656.0	53.0
657.0	59.0
658.0	57.0
659.0	65.0
660.0	61.0
661.0	54.0
662.0	62.0
663.0	55.0
664.0	65.0
665.0	54.0
666.0	53.0
667.0	58.0
668.0	57.0
669.0	44.0
670.0	49.0
671.0	52.0
672.0	46.0
673.0	52.0
674.0	64.0
675.0	61.0
676.0	73.0
677.0	57.0
678.0	46.0
679.0	47.0
680.0	42.0
681.0	46.0
682.0	44.0
683.0	46.0
684.0	29.0
685.0	48.0
686.0	36.0
687.0	46.0
688.0	37.0
689.0	52.0
690.0	42.0
691.0	45.0
692.0	48.0
693.0	45.0
694.0	39.0
695.0	45.0
696.0	41.0
697.0	40.0
698.0	36.0
699.0	47.0
700.0	46.0
701.0	45.0
702.0	50.0
703.0	38.0
704.0	51.0
705.0	60.0
706.0	39.0
707.0	49.0
708.0	48.0
709.0	53.0
710.0	47.0
711.0	50.0
712.0	32.0
713.0	35.0
714.0	38.0
715.0	31.0
716.0	40.0
717.0	43.0
718.0	47.0
719.0	34.0
720.0	29.0
721.0	34.0
722.0	43.0
723.0	37.0
724.0	27.0
725.0	32.0
726.0	27.0
727.0	46.0
728.0	39.0
729.0	33.0
730.0	44.0
731.0	33.0
732.0	32.0
733.0	26.0
734.0	28.0
735.0	34.0
736.0	38.0
737.0	35.0
738.0	44.0
739.0	31.0
740.0	35.0
741.0	36.0
742.0	34.0
743.0	21.0
744.0	37.0
745.0	33.0
746.0	36.0
747.0	21.0
748.0	35.0
749.0	22.0
750.0	27.0
751.0	27.0
752.0	25.0
753.0	34.0
754.0	19.0
755.0	29.0
756.0	25.0
757.0	23.0
758.0	23.0
759.0	24.0
760.0	13.0
761.0	11.0
762.0	22.0
763.0	31.0
764.0	26.0
765.0	16.0
766.0	24.0
767.0	25.0
768.0	16.0
769.0	30.0
770.0	28.0
771.0	30.0
772.0	39.0
773.0	30.0
774.0	32.0
775.0	38.0
776.0	16.0
777.0	34.0
778.0	33.0
779.0	31.0
780.0	34.0
781.0	28.0
782.0	24.0
783.0	30.0
784.0	31.0
785.0	30.0
786.0	22.0
787.0	20.0
788.0	19.0
789.0	24.0
790.0	21.0
791.0	37.0
792.0	26.0
793.0	31.0
794.0	24.0
795.0	27.0
796.0	30.0
797.0	18.0
798.0	28.0
799.0	26.0
800.0	28.0
801.0	29.0
802.0	20.0
803.0	30.0
804.0	28.0
805.0	30.0
806.0	17.0
807.0	19.0
808.0	28.0
809.0	31.0
810.0	33.0
811.0	28.0
812.0	17.0
813.0	23.0
814.0	28.0
815.0	29.0
816.0	27.0
817.0	19.0
818.0	24.0
819.0	25.0
820.0	26.0
821.0	23.0
822.0	19.0
823.0	18.0
824.0	19.0
825.0	16.0
826.0	32.0
827.0	26.0
828.0	17.0
829.0	19.0
830.0	18.0
831.0	15.0
832.0	20.0
833.0	21.0
834.0	19.0
835.0	23.0
836.0	16.0
837.0	25.0
838.0	15.0
839.0	18.0
840.0	25.0
841.0	11.0
842.0	19.0
843.0	19.0
844.0	24.0
845.0	11.0
846.0	22.0
847.0	18.0
848.0	20.0
849.0	23.0
850.0	23.0
851.0	23.0
852.0	19.0
853.0	8.0
854.0	14.0
855.0	23.0
856.0	18.0
857.0	18.0
858.0	16.0
859.0	22.0
860.0	26.0
861.0	15.0
862.0	19.0
863.0	24.0
864.0	22.0
865.0	29.0
866.0	38.0
867.0	24.0
868.0	29.0
869.0	28.0
870.0	32.0
871.0	16.0
872.0	19.0
873.0	20.0
874.0	27.0
875.0	27.0
876.0	18.0
877.0	17.0
878.0	18.0
879.0	9.0
880.0	14.0
881.0	21.0
882.0	18.0
883.0	10.0
884.0	13.0
885.0	15.0
886.0	15.0
887.0	17.0
888.0	19.0
889.0	24.0
890.0	17.0
891.0	14.0
892.0	19.0
893.0	26.0
894.0	18.0
895.0	20.0
896.0	9.0
897.0	24.0
898.0	26.0
899.0	13.0
900.0	21.0
901.0	18.0
902.0	20.0
903.0	18.0
904.0	16.0
905.0	16.0
906.0	25.0
907.0	20.0
908.0	19.0
909.0	11.0
910.0	14.0
911.0	16.0
912.0	18.0
913.0	16.0
914.0	26.0
915.0	18.0
916.0	17.0
917.0	17.0
918.0	16.0
919.0	17.0
920.0	19.0
921.0	13.0
922.0	27.0
923.0	23.0
924.0	22.0
925.0	16.0
926.0	17.0
927.0	23.0
928.0	17.0
929.0	16.0
930.0	17.0
931.0	11.0
932.0	9.0
933.0	20.0
934.0	16.0
935.0	12.0
936.0	15.0
937.0	14.0
938.0	19.0
939.0	21.0
940.0	10.0
941.0	16.0
942.0	16.0
943.0	22.0
944.0	15.0
945.0	13.0
946.0	21.0
947.0	21.0
948.0	18.0
949.0	10.0
950.0	13.0
951.0	18.0
952.0	20.0
953.0	17.0
954.0	11.0
955.0	24.0
956.0	22.0
957.0	19.0
958.0	15.0
959.0	13.0
960.0	11.0
961.0	8.0
962.0	17.0
963.0	16.0
964.0	17.0
965.0	13.0
966.0	19.0
967.0	21.0
968.0	11.0
969.0	11.0
970.0	14.0
971.0	15.0
972.0	7.0
973.0	10.0
974.0	4.0
975.0	15.0
976.0	21.0
977.0	13.0
978.0	16.0
979.0	8.0
980.0	8.0
981.0	18.0
982.0	13.0
983.0	9.0
984.0	11.0
985.0	12.0
986.0	13.0
987.0	18.0
988.0	13.0
989.0	19.0
990.0	15.0
991.0	10.0
992.0	8.0
993.0	13.0
994.0	27.0
995.0	14.0
996.0	11.0
997.0	11.0
998.0	8.0
999.0	10.0
1000.0	12.0
1001.0	11.0
1002.0	13.0
1003.0	11.0
1004.0	16.0
1005.0	16.0
1006.0	11.0
1007.0	14.0
1008.0	14.0
1009.0	14.0
1010.0	17.0
1011.0	14.0
1012.0	16.0
1013.0	15.0
1014.0	20.0
1015.0	10.0
1016.0	15.0
1017.0	19.0
1018.0	8.0
1019.0	20.0
1020.0	10.0
1021.0	15.0
1022.0	11.0
1023.0	17.0
1024.0	15.0
1025.0	9.0
1026.0	5.0
1027.0	15.0
1028.0	6.0
1029.0	15.0
1030.0	11.0
1031.0	17.0
1032.0	9.0
1033.0	17.0
1034.0	15.0
1035.0	11.0
1036.0	5.0
1037.0	11.0
1038.0	11.0
1039.0	9.0
1040.0	9.0
1041.0	6.0
1042.0	6.0
1043.0	9.0
1044.0	17.0
1045.0	14.0
1046.0	20.0
1047.0	16.0
1048.0	24.0
1049.0	13.0
1050.0	15.0
1051.0	8.0
1052.0	8.0
1053.0	9.0
1054.0	6.0
1055.0	10.0
1056.0	10.0
1057.0	13.0
1058.0	7.0
1059.0	5.0
1060.0	9.0
1061.0	12.0
1062.0	8.0
1063.0	12.0
1064.0	11.0
1065.0	13.0
1066.0	8.0
1067.0	6.0
1068.0	10.0
1069.0	14.0
1070.0	8.0
1071.0	13.0
1072.0	9.0
1073.0	11.0
1074.0	10.0
1075.0	8.0
1076.0	6.0
1077.0	14.0
1078.0	13.0
1079.0	11.0
1080.0	8.0
1081.0	7.0
1082.0	10.0
1083.0	17.0
1084.0	12.0
1085.0	10.0
1086.0	13.0
1087.0	14.0
1088.0	9.0
1089.0	6.0
1090.0	12.0
1091.0	12.0
1092.0	7.0
1093.0	14.0
1094.0	12.0
1095.0	5.0
1096.0	10.0
1097.0	6.0
1098.0	9.0
1099.0	9.0
1100.0	8.0
1101.0	11.0
1102.0	10.0
1103.0	4.0
1104.0	4.0
1105.0	9.0
1106.0	5.0
1107.0	10.0
1108.0	9.0
1109.0	10.0
1110.0	6.0
1111.0	22.0
1112.0	11.0
1113.0	14.0
1114.0	8.0
1115.0	2.0
1116.0	7.0
1117.0	14.0
1118.0	7.0
1119.0	9.0
1120.0	7.0
1121.0	13.0
1122.0	7.0
1123.0	9.0
1124.0	11.0
1125.0	15.0
1126.0	6.0
1127.0	9.0
1128.0	6.0
1129.0	18.0
1130.0	7.0
1131.0	5.0
1132.0	9.0
1133.0	8.0
1134.0	7.0
1135.0	11.0
1136.0	3.0
1137.0	6.0
1138.0	7.0
1139.0	9.0
1140.0	3.0
1141.0	10.0
1142.0	12.0
1143.0	14.0
1144.0	8.0
1145.0	7.0
1146.0	5.0
1147.0	10.0
1148.0	10.0
1149.0	13.0
1150.0	9.0
1151.0	12.0
1152.0	10.0
1153.0	8.0
1154.0	14.0
1155.0	10.0
1156.0	13.0
1157.0	10.0
1158.0	4.0
1159.0	4.0
1160.0	9.0
1161.0	13.0
1162.0	12.0
1163.0	14.0
1164.0	11.0
1165.0	12.0
1166.0	17.0
1167.0	8.0
1168.0	12.0
1169.0	3.0
1170.0	9.0
1171.0	7.0
1173.0	8.0
1174.0	8.0
1175.0	11.0
1176.0	10.0
1177.0	11.0
1178.0	8.0
1179.0	5.0
1180.0	5.0
1181.0	8.0
1182.0	4.0
1183.0	8.0
1184.0	9.0
1185.0	4.0
1186.0	4.0
1187.0	1.0
1188.0	5.0
1189.0	7.0
1190.0	3.0
1191.0	7.0
1192.0	6.0
1193.0	6.0
1194.0	4.0
1195.0	5.0
1196.0	4.0
1197.0	3.0
1198.0	4.0
1199.0	8.0
1200.0	5.0
1201.0	5.0
1202.0	5.0
1203.0	7.0
1204.0	8.0
1205.0	6.0
1206.0	7.0
1207.0	5.0
1208.0	9.0
1209.0	8.0
1210.0	8.0
1211.0	6.0
1212.0	10.0
1213.0	4.0
1214.0	1.0
1215.0	7.0
1216.0	3.0
1217.0	7.0
1218.0	4.0
1219.0	4.0
1220.0	10.0
1221.0	5.0
1222.0	6.0
1223.0	8.0
1224.0	7.0
1225.0	11.0
1226.0	7.0
1227.0	6.0
1228.0	4.0
1229.0	4.0
1230.0	5.0
1231.0	5.0
1232.0	6.0
1233.0	8.0
1234.0	13.0
1235.0	6.0
1236.0	11.0
1237.0	2.0
1238.0	12.0
1239.0	8.0
1240.0	6.0
1241.0	3.0
1242.0	2.0
1243.0	5.0
1244.0	8.0
1245.0	3.0
1246.0	6.0
1247.0	6.0
1248.0	7.0
1249.0	2.0
1250.0	3.0
1251.0	9.0
1252.0	8.0
1253.0	3.0
1254.0	8.0
1255.0	12.0
1256.0	12.0
1257.0	6.0
1258.0	14.0
1259.0	10.0
1260.0	5.0
1261.0	13.0
1262.0	7.0
1263.0	4.0
1264.0	6.0
1265.0	6.0
1266.0	7.0
1267.0	6.0
1268.0	3.0
1269.0	8.0
1270.0	3.0
1271.0	10.0
1272.0	12.0
1273.0	6.0
1274.0	5.0
1275.0	2.0
1276.0	13.0
1277.0	8.0
1278.0	5.0
1279.0	4.0
1280.0	5.0
1281.0	7.0
1282.0	3.0
1283.0	6.0
1284.0	6.0
1285.0	8.0
1286.0	4.0
1287.0	3.0
1288.0	3.0
1289.0	1.0
1290.0	5.0
1291.0	4.0
1292.0	1.0
1293.0	2.0
1294.0	3.0
1295.0	6.0
1296.0	7.0
1297.0	1.0
1298.0	6.0
1299.0	4.0
1300.0	3.0
1301.0	5.0
1302.0	9.0
1303.0	3.0
1304.0	3.0
1305.0	4.0
1306.0	4.0
1307.0	5.0
1308.0	8.0
1309.0	4.0
1310.0	6.0
1311.0	3.0
1312.0	4.0
1313.0	5.0
1314.0	3.0
1315.0	6.0
1316.0	8.0
1317.0	4.0
1318.0	6.0
1319.0	5.0
1320.0	3.0
1321.0	4.0
1322.0	6.0
1323.0	9.0
1324.0	3.0
1325.0	5.0
1326.0	6.0
1327.0	2.0
1328.0	2.0
1329.0	6.0
1330.0	4.0
1331.0	5.0
1332.0	3.0
1333.0	5.0
1334.0	7.0
1335.0	6.0
1336.0	6.0
1337.0	2.0
1338.0	3.0
1339.0	1.0
1340.0	4.0
1341.0	8.0
1342.0	6.0
1343.0	6.0
1345.0	4.0
1346.0	6.0
1347.0	1.0
1348.0	6.0
1349.0	4.0
1350.0	3.0
1351.0	2.0
1352.0	4.0
1353.0	5.0
1354.0	3.0
1355.0	3.0
1356.0	4.0
1357.0	5.0
1358.0	2.0
1359.0	6.0
1360.0	8.0
1361.0	1.0
1362.0	3.0
1363.0	3.0
1364.0	5.0
1366.0	5.0
1367.0	5.0
1368.0	5.0
1369.0	5.0
1370.0	4.0
1371.0	6.0
1372.0	2.0
1373.0	1.0
1374.0	8.0
1375.0	5.0
1376.0	2.0
1377.0	2.0
1378.0	10.0
1379.0	1.0
1380.0	4.0
1381.0	3.0
1382.0	3.0
1383.0	2.0
1384.0	6.0
1385.0	4.0
1386.0	5.0
1387.0	5.0
1388.0	6.0
1389.0	7.0
1390.0	6.0
1391.0	10.0
1392.0	2.0
1393.0	1.0
1394.0	4.0
1395.0	6.0
1396.0	1.0
1397.0	8.0
1398.0	2.0
1399.0	4.0
1400.0	2.0
1401.0	3.0
1402.0	4.0
1403.0	3.0
1404.0	2.0
1405.0	3.0
1406.0	9.0
1407.0	6.0
1408.0	3.0
1409.0	3.0
1410.0	2.0
1411.0	5.0
1412.0	4.0
1413.0	4.0
1414.0	2.0
1415.0	2.0
1416.0	1.0
1417.0	4.0
1418.0	3.0
1419.0	5.0
1420.0	6.0
1421.0	3.0
1422.0	5.0
1423.0	7.0
1424.0	5.0
1425.0	3.0
1426.0	5.0
1427.0	3.0
1428.0	3.0
1429.0	5.0
1430.0	2.0
1431.0	2.0
1432.0	3.0
1433.0	1.0
1434.0	3.0
1435.0	4.0
1436.0	1.0
1437.0	4.0
1438.0	4.0
1439.0	3.0
1440.0	3.0
1441.0	3.0
1442.0	1.0
1443.0	3.0
1444.0	7.0
1445.0	2.0
1446.0	3.0
1447.0	1.0
1448.0	4.0
1449.0	4.0
1450.0	1.0
1451.0	4.0
1452.0	2.0
1453.0	3.0
1454.0	4.0
1455.0	2.0
1456.0	5.0
1457.0	5.0
1458.0	8.0
1459.0	4.0
1460.0	8.0
1461.0	3.0
1462.0	3.0
1463.0	4.0
1464.0	3.0
1465.0	4.0
1466.0	2.0
1467.0	2.0
1468.0	8.0
1469.0	3.0
1470.0	3.0
1471.0	2.0
1472.0	10.0
1473.0	6.0
1474.0	4.0
1475.0	2.0
1476.0	6.0
1477.0	4.0
1478.0	4.0
1479.0	5.0
1480.0	3.0
1481.0	8.0
1482.0	5.0
1483.0	3.0
1484.0	4.0
1485.0	4.0
1486.0	4.0
1487.0	3.0
1488.0	6.0
1489.0	4.0
1490.0	5.0
1491.0	5.0
1492.0	5.0
1493.0	3.0
1494.0	3.0
1495.0	5.0
1496.0	5.0
1497.0	7.0
1498.0	7.0
1499.0	5.0
1500.0	7.0
1501.0	2.0
1502.0	6.0
1503.0	5.0
1504.0	4.0
1505.0	5.0
1506.0	11.0
1507.0	5.0
1508.0	2.0
1509.0	10.0
1510.0	7.0
1511.0	3.0
1512.0	3.0
1513.0	6.0
1514.0	4.0
1515.0	2.0
1517.0	4.0
1518.0	3.0
1519.0	1.0
1520.0	4.0
1521.0	3.0
1522.0	3.0
1523.0	3.0
1525.0	3.0
1526.0	3.0
1527.0	3.0
1528.0	1.0
1529.0	4.0
1530.0	5.0
1531.0	6.0
1532.0	4.0
1533.0	5.0
1534.0	6.0
1535.0	5.0
1536.0	3.0
1537.0	2.0
1538.0	2.0
1539.0	3.0
1540.0	3.0
1541.0	7.0
1542.0	3.0
1543.0	3.0
1544.0	4.0
1545.0	5.0
1546.0	3.0
1547.0	2.0
1548.0	3.0
1549.0	5.0
1550.0	2.0
1551.0	4.0
1552.0	2.0
1553.0	4.0
1554.0	6.0
1555.0	2.0
1556.0	2.0
1557.0	2.0
1558.0	1.0
1559.0	4.0
1560.0	2.0
1561.0	3.0
1562.0	2.0
1563.0	6.0
1564.0	3.0
1565.0	2.0
1566.0	2.0
1567.0	4.0
1568.0	2.0
1569.0	2.0
1571.0	1.0
1572.0	4.0
1574.0	6.0
1575.0	3.0
1576.0	5.0
1578.0	1.0
1579.0	4.0
1580.0	6.0
1581.0	6.0
1582.0	2.0
1583.0	4.0
1584.0	3.0
1585.0	1.0
1586.0	2.0
1587.0	2.0
1588.0	4.0
1589.0	2.0
1590.0	5.0
1591.0	4.0
1592.0	3.0
1593.0	2.0
1594.0	2.0
1595.0	6.0
1596.0	1.0
1597.0	2.0
1598.0	3.0
1599.0	4.0
1600.0	1.0
1601.0	3.0
1602.0	2.0
1603.0	1.0
1604.0	1.0
1605.0	2.0
1606.0	1.0
1607.0	2.0
1608.0	3.0
1609.0	5.0
1610.0	3.0
1611.0	3.0
1612.0	3.0
1613.0	3.0
1614.0	7.0
1615.0	1.0
1616.0	8.0
1617.0	2.0
1618.0	4.0
1619.0	2.0
1620.0	5.0
1621.0	4.0
1622.0	3.0
1623.0	1.0
1624.0	2.0
1625.0	6.0
1627.0	3.0
1628.0	5.0
1629.0	6.0
1630.0	2.0
1631.0	2.0
1633.0	3.0
1634.0	1.0
1635.0	5.0
1636.0	1.0
1637.0	2.0
1638.0	4.0
1639.0	3.0
1640.0	2.0
1641.0	1.0
1642.0	5.0
1643.0	5.0
1644.0	2.0
1645.0	3.0
1646.0	4.0
1647.0	3.0
1650.0	3.0
1651.0	1.0
1652.0	4.0
1653.0	2.0
1654.0	1.0
1655.0	1.0
1656.0	2.0
1657.0	2.0
1658.0	1.0
1659.0	2.0
1660.0	1.0
1661.0	3.0
1662.0	4.0
1663.0	3.0
1664.0	3.0
1666.0	1.0
1667.0	1.0
1669.0	1.0
1670.0	2.0
1671.0	3.0
1672.0	1.0
1673.0	4.0
1674.0	2.0
1675.0	3.0
1676.0	4.0
1677.0	1.0
1678.0	3.0
1679.0	6.0
1680.0	6.0
1681.0	3.0
1682.0	1.0
1683.0	3.0
1684.0	4.0
1685.0	2.0
1686.0	2.0
1689.0	1.0
1690.0	1.0
1691.0	1.0
1692.0	4.0
1694.0	2.0
1695.0	4.0
1696.0	1.0
1697.0	3.0
1698.0	1.0
1699.0	5.0
1700.0	5.0
1701.0	5.0
1702.0	5.0
1703.0	2.0
1705.0	3.0
1706.0	1.0
1707.0	2.0
1708.0	4.0
1709.0	1.0
1711.0	1.0
1712.0	3.0
1715.0	2.0
1716.0	2.0
1717.0	1.0
1718.0	2.0
1719.0	2.0
1720.0	1.0
1721.0	5.0
1722.0	1.0
1723.0	2.0
1726.0	4.0
1728.0	3.0
1729.0	1.0
1731.0	2.0
1732.0	3.0
1733.0	4.0
1735.0	2.0
1736.0	5.0
1737.0	1.0
1738.0	7.0
1739.0	4.0
1740.0	8.0
1741.0	3.0
1742.0	4.0
1743.0	4.0
1744.0	2.0
1745.0	1.0
1747.0	4.0
1748.0	3.0
1749.0	3.0
1750.0	5.0
1751.0	2.0
1752.0	5.0
1753.0	1.0
1755.0	2.0
1756.0	4.0
1757.0	2.0
1758.0	1.0
1759.0	1.0
1760.0	3.0
1761.0	1.0
1762.0	1.0
1765.0	1.0
1766.0	5.0
1767.0	2.0
1768.0	5.0
1769.0	3.0
1770.0	6.0
1772.0	4.0
1773.0	1.0
1774.0	2.0
1775.0	3.0
1777.0	4.0
1778.0	5.0
1779.0	4.0
1780.0	3.0
1781.0	1.0
1782.0	5.0
1783.0	1.0
1784.0	1.0
1785.0	3.0
1786.0	4.0
1787.0	3.0
1788.0	3.0
1789.0	4.0
1790.0	3.0
1791.0	5.0
1792.0	4.0
1793.0	1.0
1794.0	5.0
1795.0	2.0
1796.0	1.0
1798.0	5.0
1799.0	2.0
1800.0	2.0
1802.0	1.0
1804.0	2.0
1805.0	1.0
1806.0	3.0
1807.0	1.0
1808.0	1.0
1809.0	5.0
1810.0	3.0
1811.0	1.0
1812.0	2.0
1813.0	1.0
1814.0	5.0
1815.0	1.0
1816.0	2.0
1817.0	2.0
1819.0	1.0
1820.0	1.0
1821.0	3.0
1822.0	2.0
1823.0	1.0
1824.0	6.0
1825.0	3.0
1826.0	1.0
1828.0	1.0
1829.0	3.0
1830.0	3.0
1831.0	6.0
1832.0	5.0
1833.0	3.0
1834.0	5.0
1835.0	1.0
1836.0	2.0
1838.0	1.0
1839.0	4.0
1840.0	4.0
1841.0	1.0
1842.0	1.0
1843.0	1.0
1844.0	2.0
1845.0	3.0
1846.0	5.0
1847.0	4.0
1848.0	2.0
1849.0	3.0
1852.0	1.0
1853.0	3.0
1854.0	2.0
1855.0	2.0
1856.0	3.0
1857.0	6.0
1858.0	4.0
1859.0	1.0
1860.0	2.0
1861.0	3.0
1862.0	3.0
1863.0	4.0
1864.0	1.0
1865.0	4.0
1867.0	3.0
1868.0	2.0
1869.0	1.0
1870.0	2.0
1872.0	1.0
1873.0	4.0
1874.0	1.0
1875.0	1.0
1877.0	3.0
1878.0	7.0
1879.0	2.0
1880.0	3.0
1881.0	3.0
1882.0	3.0
1883.0	1.0
1884.0	4.0
1885.0	2.0
1886.0	1.0
1887.0	2.0
1888.0	3.0
1889.0	4.0
1890.0	1.0
1892.0	4.0
1893.0	3.0
1895.0	1.0
1896.0	1.0
1897.0	3.0
1898.0	4.0
1899.0	3.0
1900.0	3.0
1901.0	1.0
1902.0	5.0
1903.0	2.0
1904.0	1.0
1905.0	4.0
1906.0	6.0
1907.0	3.0
1908.0	6.0
1909.0	4.0
1910.0	2.0
1911.0	3.0
1912.0	2.0
1914.0	6.0
1915.0	6.0
1916.0	4.0
1917.0	8.0
1918.0	4.0
1919.0	1.0
1920.0	2.0
1921.0	1.0
1923.0	2.0
1924.0	2.0
1925.0	4.0
1926.0	1.0
1927.0	3.0
1928.0	1.0
1929.0	1.0
1930.0	2.0
1931.0	3.0
1932.0	2.0
1933.0	4.0
1934.0	3.0
1935.0	5.0
1936.0	3.0
1937.0	2.0
1938.0	3.0
1939.0	2.0
1940.0	4.0
1941.0	2.0
1942.0	2.0
1943.0	2.0
1944.0	6.0
1945.0	2.0
1947.0	3.0
1948.0	1.0
1949.0	3.0
1950.0	1.0
1951.0	4.0
1952.0	2.0
1953.0	4.0
1954.0	1.0
1955.0	4.0
1956.0	3.0
1957.0	5.0
1958.0	2.0
1959.0	2.0
1961.0	1.0
1962.0	4.0
1963.0	4.0
1964.0	1.0
1965.0	6.0
1966.0	4.0
1967.0	3.0
1968.0	2.0
1969.0	4.0
1970.0	3.0
1971.0	4.0
1973.0	5.0
1974.0	2.0
1975.0	3.0
1976.0	2.0
1977.0	2.0
1978.0	4.0
1979.0	3.0
1980.0	2.0
1981.0	2.0
1982.0	4.0
1983.0	1.0
1985.0	2.0
1986.0	4.0
1987.0	2.0
1988.0	3.0
1989.0	6.0
1990.0	4.0
1991.0	2.0
1992.0	2.0
1993.0	2.0
1994.0	3.0
1995.0	2.0
1996.0	1.0
1997.0	1.0
1998.0	5.0
1999.0	2.0
2000.0	4.0
2001.0	2.0
2002.0	2.0
2003.0	3.0
2004.0	3.0
2005.0	3.0
2006.0	2.0
2007.0	1.0
2008.0	2.0
2009.0	3.0
2010.0	4.0
2011.0	2.0
2012.0	3.0
2013.0	2.0
2014.0	3.0
2015.0	1.0
2016.0	2.0
2017.0	3.0
2018.0	2.0
2019.0	2.0
2022.0	4.0
2023.0	3.0
2024.0	2.0
2025.0	3.0
2027.0	1.0
2028.0	4.0
2029.0	1.0
2030.0	2.0
2031.0	3.0
2032.0	4.0
2033.0	3.0
2034.0	6.0
2035.0	3.0
2036.0	3.0
2037.0	1.0
2038.0	4.0
2039.0	3.0
2040.0	3.0
2041.0	1.0
2043.0	1.0
2044.0	1.0
2045.0	7.0
2046.0	1.0
2047.0	3.0
2048.0	4.0
2049.0	2.0
2050.0	1.0
2052.0	3.0
2054.0	1.0
2055.0	3.0
2056.0	2.0
2057.0	5.0
2059.0	1.0
2060.0	2.0
2061.0	1.0
2062.0	4.0
2063.0	2.0
2064.0	2.0
2066.0	1.0
2067.0	1.0
2068.0	1.0
2069.0	2.0
2070.0	2.0
2071.0	1.0
2072.0	4.0
2073.0	2.0
2074.0	1.0
2075.0	1.0
2076.0	1.0
2077.0	3.0
2078.0	1.0
2079.0	2.0
2080.0	2.0
2084.0	1.0
2085.0	2.0
2086.0	3.0
2087.0	2.0
2088.0	3.0
2089.0	3.0
2090.0	2.0
2092.0	2.0
2093.0	1.0
2094.0	2.0
2095.0	3.0
2096.0	1.0
2097.0	4.0
2098.0	2.0
2100.0	1.0
2101.0	3.0
2102.0	5.0
2103.0	2.0
2104.0	1.0
2105.0	2.0
2106.0	2.0
2107.0	3.0
2108.0	3.0
2110.0	1.0
2113.0	2.0
2115.0	4.0
2116.0	1.0
2117.0	4.0
2118.0	4.0
2120.0	2.0
2121.0	3.0
2123.0	2.0
2124.0	1.0
2125.0	3.0
2126.0	2.0
2129.0	3.0
2130.0	2.0
2131.0	3.0
2132.0	2.0
2133.0	3.0
2134.0	2.0
2135.0	2.0
2136.0	5.0
2137.0	2.0
2138.0	4.0
2139.0	2.0
2140.0	4.0
2141.0	1.0
2143.0	3.0
2144.0	3.0
2147.0	2.0
2148.0	4.0
2149.0	2.0
2151.0	2.0
2152.0	2.0
2153.0	2.0
2154.0	1.0
2155.0	1.0
2156.0	2.0
2157.0	1.0
2158.0	5.0
2159.0	3.0
2160.0	1.0
2162.0	1.0
2163.0	3.0
2164.0	1.0
2165.0	3.0
2166.0	3.0
2167.0	1.0
2168.0	2.0
2169.0	2.0
2170.0	2.0
2171.0	1.0
2172.0	1.0
2173.0	2.0
2174.0	1.0
2176.0	2.0
2177.0	1.0
2178.0	1.0
2179.0	2.0
2180.0	1.0
2182.0	2.0
2183.0	1.0
2186.0	2.0
2187.0	2.0
2188.0	3.0
2189.0	3.0
2190.0	2.0
2191.0	2.0
2193.0	1.0
2194.0	1.0
2197.0	2.0
2198.0	1.0
2199.0	1.0
2201.0	2.0
2203.0	1.0
2205.0	2.0
2206.0	4.0
2208.0	1.0
2209.0	1.0
2210.0	2.0
2211.0	2.0
2212.0	2.0
2213.0	1.0
2214.0	1.0
2216.0	1.0
2217.0	1.0
2219.0	1.0
2221.0	2.0
2222.0	2.0
2223.0	1.0
2224.0	1.0
2228.0	2.0
2229.0	1.0
2230.0	1.0
2231.0	4.0
2232.0	3.0
2233.0	2.0
2234.0	1.0
2236.0	1.0
2237.0	1.0
2238.0	1.0
2239.0	2.0
2240.0	1.0
2241.0	2.0
2242.0	2.0
2243.0	1.0
2246.0	2.0
2247.0	1.0
2249.0	1.0
2250.0	1.0
2252.0	1.0
2255.0	2.0
2257.0	2.0
2260.0	3.0
2261.0	2.0
2262.0	1.0
2263.0	1.0
2264.0	1.0
2266.0	1.0
2268.0	1.0
2269.0	1.0
2271.0	1.0
2272.0	1.0
2275.0	1.0
2276.0	2.0
2277.0	1.0
2279.0	1.0
2280.0	2.0
2283.0	1.0
2286.0	1.0
2287.0	1.0
2288.0	1.0
2289.0	2.0
2290.0	2.0
2292.0	1.0
2293.0	3.0
2295.0	1.0
2297.0	1.0
2298.0	1.0
2299.0	2.0
2300.0	1.0
2301.0	1.0
2302.0	1.0
2306.0	1.0
2308.0	2.0
2309.0	1.0
2312.0	2.0
2313.0	2.0
2314.0	2.0
2316.0	1.0
2317.0	2.0
2318.0	2.0
2319.0	2.0
2320.0	1.0
2322.0	1.0
2325.0	2.0
2326.0	2.0
2328.0	2.0
2329.0	1.0
2331.0	1.0
2333.0	1.0
2337.0	2.0
2339.0	3.0
2340.0	1.0
2342.0	1.0
2343.0	2.0
2345.0	1.0
2346.0	1.0
2348.0	3.0
2349.0	2.0
2350.0	4.0
2351.0	1.0
2352.0	1.0
2353.0	1.0
2354.0	1.0
2355.0	2.0
2356.0	1.0
2357.0	1.0
2363.0	1.0
2364.0	1.0
2365.0	2.0
2366.0	1.0
2368.0	2.0
2370.0	1.0
2372.0	2.0
2373.0	2.0
2374.0	2.0
2375.0	4.0
2376.0	1.0
2378.0	2.0
2379.0	2.0
2380.0	1.0
2381.0	3.0
2382.0	1.0
2383.0	3.0
2384.0	2.0
2385.0	3.0
2386.0	1.0
2387.0	1.0
2388.0	3.0
2390.0	1.0
2391.0	1.0
2392.0	1.0
2394.0	1.0
2395.0	3.0
2397.0	3.0
2398.0	1.0
2399.0	1.0
2400.0	2.0
2401.0	2.0
2403.0	3.0
2404.0	2.0
2406.0	1.0
2408.0	2.0
2409.0	2.0
2410.0	3.0
2413.0	1.0
2415.0	2.0
2416.0	1.0
2417.0	2.0
2418.0	1.0
2419.0	1.0
2420.0	1.0
2421.0	2.0
2422.0	1.0
2423.0	1.0
2424.0	1.0
2425.0	2.0
2426.0	1.0
2427.0	1.0
2429.0	2.0
2430.0	1.0
2431.0	2.0
2434.0	2.0
2435.0	1.0
2436.0	1.0
2437.0	3.0
2439.0	1.0
2440.0	1.0
2441.0	2.0
2443.0	1.0
2444.0	2.0
2446.0	1.0
2447.0	3.0
2448.0	1.0
2450.0	1.0
2452.0	1.0
2453.0	2.0
2455.0	2.0
2456.0	2.0
2457.0	2.0
2458.0	2.0
2459.0	1.0
2460.0	2.0
2461.0	1.0
2462.0	2.0
2463.0	1.0
2464.0	2.0
2465.0	1.0
2466.0	1.0
2467.0	1.0
2468.0	2.0
2469.0	1.0
2470.0	1.0
2471.0	3.0
2473.0	1.0
2474.0	2.0
2476.0	2.0
2477.0	1.0
2478.0	1.0
2479.0	1.0
2480.0	6.0
2481.0	1.0
2482.0	1.0
2483.0	2.0
2484.0	1.0
2487.0	3.0
2488.0	1.0
2490.0	1.0
2491.0	2.0
2492.0	4.0
2493.0	1.0
2494.0	1.0
2495.0	1.0
2497.0	1.0
2498.0	3.0
2500.0	3.0
2501.0	3.0
2502.0	1.0
2503.0	1.0
2506.0	1.0
2507.0	3.0
2508.0	2.0
2510.0	1.0
2511.0	1.0
2512.0	2.0
2513.0	5.0
2514.0	1.0
2516.0	2.0
2518.0	2.0
2520.0	1.0
2521.0	2.0
2522.0	1.0
2523.0	1.0
2524.0	2.0
2525.0	1.0
2526.0	2.0
2527.0	1.0
2528.0	1.0
2531.0	2.0
2532.0	1.0
2533.0	3.0
2534.0	1.0
2535.0	1.0
2536.0	2.0
2537.0	2.0
2538.0	2.0
2539.0	2.0
2540.0	3.0
2543.0	3.0
2545.0	2.0
2546.0	2.0
2547.0	3.0
2548.0	1.0
2549.0	1.0
2550.0	1.0
2551.0	2.0
2552.0	1.0
2555.0	1.0
2557.0	1.0
2558.0	2.0
2559.0	2.0
2560.0	1.0
2561.0	1.0
2564.0	1.0
2565.0	1.0
2567.0	1.0
2568.0	3.0
2570.0	2.0
2571.0	1.0
2572.0	1.0
2574.0	2.0
2575.0	1.0
2576.0	1.0
2578.0	1.0
2579.0	1.0
2580.0	3.0
2581.0	1.0
2583.0	2.0
2585.0	2.0
2586.0	2.0
2587.0	1.0
2589.0	1.0
2597.0	1.0
2600.0	2.0
2601.0	1.0
2602.0	2.0
2603.0	2.0
2604.0	1.0
2606.0	1.0
2609.0	1.0
2612.0	1.0
2613.0	2.0
2614.0	3.0
2615.0	2.0
2616.0	2.0
2617.0	1.0
2618.0	1.0
2619.0	2.0
2620.0	2.0
2622.0	1.0
2623.0	1.0
2624.0	1.0
2625.0	1.0
2626.0	2.0
2628.0	1.0
2629.0	2.0
2630.0	3.0
2631.0	2.0
2634.0	1.0
2635.0	2.0
2636.0	2.0
2638.0	2.0
2639.0	2.0
2640.0	3.0
2643.0	1.0
2644.0	1.0
2645.0	1.0
2646.0	2.0
2648.0	1.0
2649.0	2.0
2650.0	1.0
2652.0	1.0
2654.0	3.0
2655.0	1.0
2656.0	2.0
2657.0	1.0
2658.0	1.0
2659.0	3.0
2660.0	1.0
2662.0	1.0
2663.0	2.0
2665.0	3.0
2667.0	1.0
2668.0	2.0
2671.0	1.0
2672.0	2.0
2673.0	1.0
2674.0	3.0
2675.0	3.0
2677.0	1.0
2678.0	2.0
2680.0	1.0
2681.0	5.0
2683.0	2.0
2684.0	1.0
2686.0	2.0
2687.0	1.0
2690.0	1.0
2691.0	1.0
2692.0	4.0
2694.0	1.0
2695.0	1.0
2696.0	1.0
2697.0	4.0
2698.0	1.0
2701.0	2.0
2703.0	2.0
2705.0	3.0
2706.0	4.0
2707.0	4.0
2709.0	1.0
2711.0	4.0
2714.0	1.0
2715.0	1.0
2716.0	1.0
2719.0	3.0
2720.0	3.0
2724.0	2.0
2726.0	1.0
2727.0	2.0
2728.0	1.0
2729.0	1.0
2730.0	2.0
2731.0	1.0
2732.0	2.0
2733.0	1.0
2734.0	1.0
2735.0	4.0
2736.0	1.0
2737.0	1.0
2738.0	1.0
2740.0	2.0
2741.0	1.0
2742.0	1.0
2743.0	1.0
2744.0	5.0
2745.0	3.0
2746.0	2.0
2748.0	1.0
2749.0	1.0
2750.0	1.0
2751.0	3.0
2752.0	2.0
2753.0	1.0
2754.0	1.0
2756.0	1.0
2759.0	1.0
2761.0	3.0
2762.0	1.0
2763.0	2.0
2765.0	2.0
2766.0	1.0
2767.0	3.0
2769.0	1.0
2770.0	2.0
2771.0	3.0
2772.0	1.0
2775.0	1.0
2776.0	2.0
2777.0	2.0
2778.0	1.0
2779.0	1.0
2782.0	2.0
2783.0	1.0
2786.0	1.0
2787.0	2.0
2789.0	4.0
2790.0	2.0
2791.0	2.0
2793.0	1.0
2794.0	1.0
2798.0	2.0
2799.0	2.0
2801.0	3.0
2804.0	2.0
2806.0	2.0
2809.0	2.0
2810.0	2.0
2811.0	1.0
2812.0	5.0
2814.0	1.0
2819.0	1.0
2821.0	1.0
2822.0	3.0
2823.0	3.0
2824.0	1.0
2825.0	5.0
2826.0	1.0
2827.0	2.0
2828.0	1.0
2829.0	1.0
2830.0	2.0
2831.0	1.0
2832.0	1.0
2834.0	4.0
2835.0	5.0
2836.0	3.0
2837.0	2.0
2839.0	2.0
2840.0	1.0
2841.0	1.0
2842.0	6.0
2843.0	4.0
2844.0	2.0
2845.0	3.0
2846.0	1.0
2847.0	1.0
2848.0	2.0
2849.0	1.0
2850.0	3.0
2851.0	1.0
2852.0	2.0
2853.0	3.0
2854.0	1.0
2855.0	1.0
2856.0	2.0
2857.0	5.0
2858.0	4.0
2859.0	1.0
2860.0	2.0
2861.0	3.0
2862.0	1.0
2863.0	3.0
2864.0	3.0
2865.0	1.0
2867.0	2.0
2869.0	3.0
2871.0	1.0
2872.0	1.0
2873.0	1.0
2874.0	1.0
2876.0	2.0
2877.0	3.0
2878.0	4.0
2879.0	3.0
2880.0	1.0
2882.0	2.0
2884.0	2.0
2885.0	3.0
2886.0	1.0
2888.0	1.0
2892.0	1.0
2893.0	3.0
2894.0	1.0
2895.0	3.0
2896.0	2.0
2897.0	3.0
2898.0	1.0
2899.0	1.0
2901.0	2.0
2902.0	1.0
2903.0	1.0
2906.0	3.0
2907.0	1.0
2908.0	2.0
2910.0	2.0
2912.0	2.0
2913.0	1.0
2914.0	3.0
2915.0	2.0
2916.0	1.0
2917.0	1.0
2920.0	3.0
2921.0	3.0
2922.0	3.0
2924.0	1.0
2925.0	2.0
2926.0	3.0
2927.0	2.0
2928.0	3.0
2929.0	1.0
2930.0	4.0
2931.0	2.0
2933.0	1.0
2934.0	2.0
2935.0	2.0
2936.0	2.0
2937.0	3.0
2938.0	1.0
2940.0	3.0
2944.0	1.0
2946.0	1.0
2947.0	1.0
2950.0	1.0
2952.0	3.0
2953.0	2.0
2954.0	3.0
2955.0	1.0
2956.0	2.0
2957.0	1.0
2962.0	2.0
2963.0	1.0
2966.0	2.0
2967.0	3.0
2969.0	2.0
2970.0	2.0
2971.0	4.0
2972.0	1.0
2973.0	2.0
2974.0	1.0
2975.0	1.0
2976.0	2.0
2977.0	4.0
2978.0	1.0
2979.0	1.0
2981.0	2.0
2982.0	3.0
2983.0	1.0
2984.0	4.0
2985.0	1.0
2986.0	1.0
2987.0	1.0
2988.0	3.0
2989.0	1.0
2990.0	3.0
2991.0	3.0
2993.0	3.0
2995.0	1.0
2997.0	1.0
2998.0	1.0
2999.0	4.0
3000.0	1.0
3001.0	1.0
3005.0	1.0
3006.0	2.0
3007.0	4.0
3009.0	1.0
3010.0	2.0
3012.0	1.0
3013.0	2.0
3015.0	1.0
3016.0	1.0
3018.0	1.0
3019.0	2.0
3021.0	1.0
3022.0	2.0
3023.0	2.0
3024.0	1.0
3025.0	3.0
3026.0	2.0
3027.0	2.0
3028.0	2.0
3029.0	1.0
3030.0	1.0
3033.0	3.0
3036.0	1.0
3037.0	3.0
3038.0	3.0
3039.0	2.0
3040.0	2.0
3041.0	3.0
3044.0	1.0
3045.0	3.0
3048.0	2.0
3049.0	2.0
3050.0	1.0
3051.0	2.0
3052.0	3.0
3053.0	3.0
3054.0	1.0
3055.0	1.0
3056.0	2.0
3058.0	1.0
3059.0	1.0
3060.0	2.0
3061.0	4.0
3063.0	1.0
3064.0	4.0
3068.0	3.0
3071.0	5.0
3074.0	2.0
3075.0	3.0
3076.0	1.0
3077.0	1.0
3078.0	2.0
3079.0	6.0
3080.0	2.0
3081.0	2.0
3083.0	2.0
3084.0	2.0
3085.0	3.0
3086.0	1.0
3087.0	2.0
3088.0	1.0
3090.0	2.0
3091.0	3.0
3092.0	3.0
3093.0	2.0
3095.0	2.0
3097.0	2.0
3098.0	4.0
3099.0	1.0
3100.0	1.0
3101.0	1.0
3102.0	5.0
3103.0	4.0
3104.0	2.0
3105.0	4.0
3106.0	2.0
3108.0	5.0
3109.0	1.0
3110.0	1.0
3111.0	1.0
3114.0	2.0
3115.0	2.0
3116.0	4.0
3117.0	2.0
3119.0	2.0
3120.0	1.0
3121.0	5.0
3122.0	2.0
3123.0	4.0
3124.0	3.0
3126.0	1.0
3127.0	3.0
3128.0	2.0
3129.0	3.0
3130.0	2.0
3131.0	3.0
3132.0	2.0
3133.0	3.0
3134.0	3.0
3136.0	6.0
3137.0	1.0
3138.0	1.0
3139.0	1.0
3140.0	4.0
3141.0	2.0
3142.0	1.0
3144.0	6.0
3145.0	2.0
3148.0	2.0
3149.0	4.0
3151.0	1.0
3152.0	1.0
3153.0	4.0
3154.0	2.0
3155.0	3.0
3156.0	4.0
3157.0	4.0
3159.0	4.0
3160.0	1.0
3161.0	1.0
3162.0	5.0
3163.0	2.0
3165.0	1.0
3166.0	4.0
3168.0	3.0
3170.0	3.0
3171.0	2.0
3172.0	1.0
3174.0	2.0
3175.0	1.0
3177.0	2.0
3178.0	1.0
3179.0	1.0
3180.0	5.0
3181.0	3.0
3182.0	3.0
3183.0	3.0
3184.0	3.0
3185.0	2.0
3186.0	4.0
3187.0	3.0
3188.0	1.0
3190.0	1.0
3191.0	1.0
3192.0	2.0
3193.0	2.0
3194.0	3.0
3195.0	7.0
3196.0	4.0
3197.0	3.0
3198.0	2.0
3199.0	1.0
3200.0	2.0
3201.0	6.0
3202.0	5.0
3205.0	1.0
3206.0	4.0
3207.0	2.0
3209.0	3.0
3210.0	3.0
3211.0	2.0
3212.0	2.0
3213.0	2.0
3214.0	2.0
3216.0	5.0
3217.0	4.0
3218.0	3.0
3219.0	4.0
3220.0	1.0
3221.0	3.0
3222.0	1.0
3223.0	1.0
3224.0	2.0
3225.0	3.0
3226.0	2.0
3227.0	1.0
3228.0	3.0
3229.0	2.0
3230.0	4.0
3231.0	3.0
3232.0	2.0
3233.0	2.0
3234.0	1.0
3235.0	1.0
3236.0	1.0
3237.0	2.0
3238.0	1.0
3239.0	5.0
3241.0	2.0
3242.0	1.0
3243.0	2.0
3244.0	1.0
3245.0	1.0
3246.0	1.0
3247.0	4.0
3248.0	3.0
3249.0	7.0
3250.0	4.0
3251.0	3.0
3253.0	3.0
3254.0	1.0
3255.0	2.0
3256.0	3.0
3257.0	1.0
3258.0	3.0
3259.0	1.0
3260.0	3.0
3261.0	2.0
3262.0	6.0
3263.0	4.0
3264.0	3.0
3266.0	5.0
3267.0	3.0
3268.0	2.0
3269.0	2.0
3270.0	5.0
3271.0	3.0
3272.0	2.0
3273.0	1.0
3274.0	2.0
3276.0	4.0
3277.0	3.0
3278.0	1.0
3279.0	3.0
3280.0	2.0
3281.0	1.0
3282.0	2.0
3283.0	1.0
3284.0	4.0
3285.0	3.0
3286.0	3.0
3287.0	1.0
3288.0	4.0
3289.0	4.0
3291.0	1.0
3292.0	1.0
3293.0	3.0
3296.0	1.0
3297.0	2.0
3298.0	3.0
3299.0	4.0
3300.0	4.0
3301.0	1.0
3302.0	3.0
3304.0	2.0
3305.0	1.0
3306.0	5.0
3307.0	1.0
3308.0	3.0
3309.0	1.0
3310.0	1.0
3311.0	2.0
3312.0	1.0
3313.0	3.0
3314.0	1.0
3316.0	2.0
3317.0	1.0
3318.0	1.0
3319.0	1.0
3320.0	2.0
3321.0	1.0
3322.0	2.0
3323.0	3.0
3325.0	1.0
3326.0	5.0
3328.0	1.0
3329.0	1.0
3330.0	2.0
3331.0	1.0
3332.0	3.0
3334.0	2.0
3335.0	2.0
3336.0	1.0
3337.0	1.0
3338.0	2.0
3339.0	6.0
3340.0	2.0
3341.0	4.0
3342.0	1.0
3343.0	5.0
3344.0	4.0
3346.0	2.0
3347.0	5.0
3348.0	2.0
3349.0	1.0
3350.0	2.0
3351.0	1.0
3352.0	1.0
3354.0	1.0
3355.0	4.0
3356.0	1.0
3357.0	2.0
3358.0	3.0
3359.0	1.0
3361.0	4.0
3362.0	2.0
3364.0	3.0
3365.0	1.0
3369.0	1.0
3371.0	2.0
3372.0	2.0
3373.0	1.0
3374.0	1.0
3377.0	1.0
3379.0	1.0
3380.0	1.0
3381.0	2.0
3382.0	1.0
3383.0	1.0
3384.0	5.0
3386.0	2.0
3387.0	2.0
3388.0	1.0
3391.0	2.0
3392.0	2.0
3394.0	1.0
3395.0	3.0
3396.0	2.0
3398.0	1.0
3399.0	1.0
3400.0	1.0
3401.0	1.0
3402.0	3.0
3403.0	2.0
3405.0	1.0
3406.0	4.0
3408.0	4.0
3409.0	2.0
3410.0	1.0
3412.0	3.0
3413.0	3.0
3414.0	1.0
3415.0	1.0
3416.0	2.0
3417.0	2.0
3419.0	3.0
3420.0	1.0
3422.0	4.0
3424.0	1.0
3427.0	5.0
3428.0	2.0
3429.0	2.0
3430.0	1.0
3434.0	3.0
3435.0	1.0
3436.0	2.0
3437.0	1.0
3438.0	2.0
3440.0	2.0
3441.0	1.0
3443.0	4.0
3444.0	2.0
3446.0	2.0
3447.0	1.0
3448.0	2.0
3449.0	1.0
3450.0	1.0
3451.0	2.0
3452.0	2.0
3453.0	3.0
3454.0	4.0
3455.0	1.0
3456.0	2.0
3457.0	1.0
3458.0	1.0
3459.0	1.0
3460.0	1.0
3462.0	1.0
3463.0	3.0
3464.0	2.0
3465.0	3.0
3466.0	1.0
3468.0	2.0
3469.0	1.0
3470.0	1.0
3472.0	2.0
3473.0	1.0
3474.0	1.0
3476.0	1.0
3477.0	1.0
3479.0	1.0
3480.0	3.0
3483.0	1.0
3484.0	1.0
3487.0	2.0
3488.0	2.0
3489.0	1.0
3490.0	1.0
3491.0	2.0
3492.0	3.0
3493.0	2.0
3496.0	1.0
3497.0	2.0
3498.0	1.0
3502.0	2.0
3505.0	1.0
3506.0	3.0
3508.0	1.0
3510.0	1.0
3512.0	1.0
3513.0	5.0
3515.0	7.0
3516.0	3.0
3517.0	1.0
3518.0	1.0
3520.0	6.0
3522.0	1.0
3523.0	2.0
3524.0	4.0
3525.0	4.0
3526.0	1.0
3528.0	2.0
3531.0	2.0
3532.0	6.0
3533.0	1.0
3534.0	3.0
3535.0	2.0
3536.0	3.0
3537.0	1.0
3538.0	2.0
3539.0	2.0
3540.0	1.0
3542.0	5.0
3543.0	2.0
3544.0	2.0
3545.0	1.0
3546.0	2.0
3548.0	2.0
3549.0	1.0
3550.0	2.0
3551.0	5.0
3552.0	3.0
3553.0	1.0
3554.0	1.0
3557.0	2.0
3558.0	1.0
3559.0	4.0
3560.0	4.0
3561.0	8.0
3562.0	2.0
3565.0	1.0
3566.0	2.0
3567.0	2.0
3568.0	3.0
3569.0	4.0
3570.0	2.0
3571.0	5.0
3572.0	3.0
3574.0	5.0
3575.0	3.0
3576.0	1.0
3577.0	5.0
3578.0	1.0
3579.0	4.0
3580.0	1.0
3581.0	2.0
3582.0	1.0
3583.0	3.0
3584.0	2.0
3585.0	3.0
3586.0	2.0
3587.0	2.0
3588.0	4.0
3589.0	3.0
3590.0	3.0
3592.0	1.0
3593.0	4.0
3595.0	2.0
3596.0	1.0
3597.0	2.0
3598.0	2.0
3599.0	2.0
3600.0	3.0
3601.0	1.0
3602.0	7.0
3603.0	4.0
3605.0	2.0
3608.0	3.0
3609.0	5.0
3610.0	1.0
3611.0	2.0
3612.0	5.0
3613.0	2.0
3614.0	1.0
3615.0	3.0
3616.0	3.0
3617.0	5.0
3618.0	2.0
3619.0	3.0
3620.0	1.0
3621.0	2.0
3622.0	1.0
3623.0	5.0
3624.0	3.0
3625.0	1.0
3626.0	5.0
3627.0	2.0
3628.0	4.0
3629.0	4.0
3630.0	1.0
3631.0	6.0
3632.0	3.0
3633.0	6.0
3634.0	3.0
3635.0	3.0
3636.0	4.0
3637.0	2.0
3638.0	6.0
3639.0	3.0
3640.0	2.0
3641.0	2.0
3642.0	2.0
3643.0	5.0
3644.0	1.0
3646.0	1.0
3647.0	3.0
3649.0	3.0
3650.0	2.0
3651.0	2.0
3652.0	6.0
3654.0	3.0
3655.0	4.0
3656.0	2.0
3657.0	3.0
3658.0	3.0
3659.0	3.0
3660.0	3.0
3661.0	2.0
3662.0	3.0
3663.0	3.0
3664.0	2.0
3665.0	1.0
3666.0	2.0
3667.0	2.0
3668.0	1.0
3669.0	4.0
3670.0	1.0
3672.0	3.0
3673.0	2.0
3674.0	4.0
3675.0	1.0
3678.0	2.0
3679.0	2.0
3680.0	4.0
3681.0	1.0
3682.0	3.0
3683.0	1.0
3684.0	1.0
3685.0	5.0
3686.0	3.0
3687.0	4.0
3688.0	2.0
3689.0	6.0
3690.0	2.0
3691.0	3.0
3692.0	2.0
3693.0	3.0
3694.0	3.0
3695.0	2.0
3696.0	2.0
3697.0	2.0
3698.0	1.0
3699.0	3.0
3700.0	3.0
3701.0	3.0
3702.0	5.0
3703.0	3.0
3704.0	4.0
3705.0	4.0
3706.0	4.0
3707.0	2.0
3708.0	4.0
3709.0	4.0
3710.0	5.0
3711.0	2.0
3712.0	3.0
3713.0	2.0
3714.0	1.0
3715.0	7.0
3716.0	1.0
3717.0	4.0
3718.0	2.0
3719.0	1.0
3720.0	2.0
3721.0	1.0
3722.0	2.0
3723.0	6.0
3724.0	5.0
3725.0	5.0
3726.0	5.0
3727.0	4.0
3728.0	4.0
3729.0	2.0
3730.0	4.0
3731.0	2.0
3732.0	2.0
3733.0	4.0
3734.0	6.0
3735.0	1.0
3736.0	4.0
3737.0	4.0
3738.0	4.0
3739.0	4.0
3740.0	2.0
3741.0	3.0
3742.0	4.0
3743.0	4.0
3744.0	4.0
3745.0	7.0
3747.0	6.0
3748.0	3.0
3749.0	2.0
3750.0	2.0
3751.0	2.0
3752.0	1.0
3753.0	1.0
3754.0	5.0
3755.0	3.0
3756.0	1.0
3757.0	1.0
3758.0	3.0
3759.0	4.0
3760.0	3.0
3761.0	4.0
3762.0	3.0
3763.0	5.0
3764.0	2.0
3765.0	4.0
3766.0	2.0
3767.0	2.0
3768.0	3.0
3769.0	3.0
3770.0	2.0
3771.0	2.0
3772.0	2.0
3773.0	2.0
3774.0	3.0
3775.0	1.0
3776.0	1.0
3777.0	2.0
3779.0	1.0
3780.0	3.0
3781.0	4.0
3782.0	4.0
3783.0	1.0
3784.0	1.0
3785.0	1.0
3786.0	4.0
3787.0	2.0
3788.0	4.0
3789.0	2.0
3790.0	5.0
3791.0	3.0
3793.0	1.0
3794.0	3.0
3795.0	3.0
3796.0	5.0
3797.0	2.0
3798.0	4.0
3799.0	2.0
3800.0	5.0
3801.0	3.0
3802.0	2.0
3803.0	5.0
3804.0	4.0
3805.0	2.0
3806.0	3.0
3807.0	2.0
3808.0	1.0
3809.0	1.0
3810.0	2.0
3811.0	3.0
3812.0	4.0
3813.0	2.0
3814.0	4.0
3815.0	3.0
3816.0	3.0
3817.0	6.0
3818.0	2.0
3819.0	3.0
3820.0	1.0
3821.0	4.0
3822.0	5.0
3823.0	4.0
3824.0	2.0
3825.0	4.0
3826.0	5.0
3827.0	3.0
3828.0	3.0
3829.0	2.0
3830.0	2.0
3831.0	3.0
3832.0	1.0
3833.0	2.0
3834.0	5.0
3835.0	2.0
3837.0	2.0
3838.0	4.0
3839.0	2.0
3840.0	4.0
3841.0	3.0
3842.0	4.0
3843.0	4.0
3844.0	3.0
3845.0	2.0
3847.0	2.0
3848.0	2.0
3849.0	4.0
3850.0	5.0
3851.0	1.0
3852.0	1.0
3853.0	2.0
3854.0	2.0
3855.0	1.0
3856.0	2.0
3857.0	1.0
3859.0	2.0
3861.0	2.0
3862.0	1.0
3863.0	1.0
3865.0	5.0
3866.0	1.0
3867.0	3.0
3868.0	1.0
3869.0	1.0
3870.0	3.0
3871.0	1.0
3872.0	4.0
3873.0	2.0
3874.0	6.0
3875.0	1.0
3876.0	4.0
3877.0	2.0
3878.0	1.0
3879.0	3.0
3880.0	3.0
3881.0	1.0
3882.0	2.0
3883.0	1.0
3884.0	2.0
3885.0	2.0
3886.0	2.0
3887.0	3.0
3888.0	7.0
3889.0	1.0
3890.0	1.0
3891.0	1.0
3893.0	4.0
3894.0	3.0
3895.0	2.0
3896.0	1.0
3897.0	1.0
3898.0	1.0
3899.0	2.0
3900.0	1.0
3901.0	3.0
3902.0	3.0
3903.0	4.0
3904.0	1.0
3905.0	2.0
3907.0	2.0
3908.0	1.0
3909.0	1.0
3910.0	1.0
3911.0	2.0
3912.0	2.0
3914.0	1.0
3915.0	1.0
3916.0	1.0
3918.0	1.0
3919.0	1.0
3921.0	2.0
3923.0	2.0
3924.0	3.0
3925.0	4.0
3926.0	2.0
3928.0	3.0
3929.0	3.0
3930.0	2.0
3932.0	2.0
3935.0	1.0
3936.0	3.0
3937.0	1.0
3938.0	2.0
3939.0	5.0
3940.0	3.0
3941.0	2.0
3942.0	2.0
3943.0	1.0
3945.0	1.0
3946.0	2.0
3947.0	2.0
3948.0	4.0
3949.0	3.0
3950.0	2.0
3951.0	1.0
3952.0	1.0
3953.0	2.0
3954.0	3.0
3955.0	1.0
3956.0	1.0
3957.0	2.0
3958.0	2.0
3959.0	2.0
3962.0	1.0
3963.0	1.0
3965.0	1.0
3966.0	1.0
3967.0	2.0
3968.0	1.0
3970.0	2.0
3972.0	1.0
3973.0	1.0
3974.0	3.0
3975.0	3.0
3976.0	2.0
3979.0	2.0
3980.0	3.0
3981.0	2.0
3982.0	2.0
3983.0	3.0
3984.0	3.0
3985.0	2.0
3986.0	2.0
3987.0	1.0
3988.0	2.0
3989.0	1.0
3990.0	1.0
3992.0	1.0
3993.0	1.0
3994.0	1.0
3995.0	5.0
3996.0	1.0
3997.0	2.0
3998.0	3.0
3999.0	5.0
4000.0	4.0
4001.0	3.0
4002.0	1.0
4004.0	4.0
4005.0	2.0
4006.0	2.0
4008.0	3.0
4009.0	2.0
4010.0	2.0
4011.0	3.0
4012.0	2.0
4013.0	1.0
4014.0	2.0
4015.0	1.0
4016.0	1.0
4018.0	1.0
4019.0	1.0
4020.0	3.0
4021.0	4.0
4022.0	2.0
4023.0	3.0
4025.0	1.0
4026.0	2.0
4027.0	1.0
4028.0	1.0
4029.0	2.0
4030.0	1.0
4031.0	2.0
4033.0	4.0
4034.0	1.0
4035.0	1.0
4036.0	1.0
4037.0	2.0
4039.0	4.0
4040.0	2.0
4041.0	2.0
4043.0	1.0
4044.0	2.0
4046.0	2.0
4048.0	2.0
4049.0	1.0
4050.0	2.0
4051.0	2.0
4052.0	4.0
4053.0	2.0
4054.0	5.0
4055.0	2.0
4056.0	2.0
4057.0	3.0
4059.0	4.0
4060.0	2.0
4061.0	1.0
4062.0	3.0
4063.0	1.0
4064.0	3.0
4065.0	5.0
4066.0	1.0
4067.0	2.0
4069.0	1.0
4070.0	1.0
4071.0	2.0
4072.0	2.0
4073.0	2.0
4074.0	1.0
4075.0	1.0
4077.0	2.0
4078.0	4.0
4079.0	3.0
4081.0	2.0
4082.0	4.0
4083.0	3.0
4084.0	3.0
4085.0	1.0
4086.0	1.0
4087.0	2.0
4088.0	1.0
4089.0	2.0
4090.0	5.0
4091.0	2.0
4092.0	3.0
4093.0	3.0
4094.0	4.0
4095.0	2.0
4096.0	1.0
4097.0	1.0
4098.0	1.0
4099.0	1.0
4100.0	3.0
4101.0	2.0
4102.0	2.0
4103.0	2.0
4104.0	1.0
4105.0	1.0
4106.0	2.0
4107.0	1.0
4108.0	1.0
4109.0	1.0
4110.0	3.0
4111.0	1.0
4112.0	4.0
4113.0	3.0
4114.0	3.0
4115.0	1.0
4116.0	4.0
4117.0	4.0
4118.0	2.0
4119.0	1.0
4120.0	3.0
4121.0	3.0
4122.0	3.0
4123.0	2.0
4124.0	3.0
4125.0	3.0
4126.0	4.0
4127.0	2.0
4128.0	1.0
4129.0	2.0
4130.0	2.0
4131.0	1.0
4132.0	1.0
4133.0	1.0
4134.0	1.0
4135.0	3.0
4136.0	3.0
4137.0	3.0
4138.0	1.0
4139.0	2.0
4140.0	2.0
4141.0	1.0
4142.0	2.0
4143.0	3.0
4144.0	1.0
4146.0	1.0
4147.0	3.0
4148.0	4.0
4149.0	1.0
4150.0	5.0
4151.0	1.0
4152.0	1.0
4153.0	1.0
4154.0	1.0
4155.0	1.0
4156.0	1.0
4157.0	2.0
4158.0	1.0
4159.0	3.0
4160.0	2.0
4161.0	1.0
4162.0	2.0
4163.0	1.0
4164.0	2.0
4165.0	1.0
4166.0	2.0
4167.0	1.0
4168.0	3.0
4169.0	1.0
4170.0	2.0
4171.0	1.0
4172.0	3.0
4173.0	3.0
4174.0	4.0
4175.0	3.0
4176.0	2.0
4177.0	2.0
4178.0	5.0
4179.0	3.0
4180.0	4.0
4181.0	2.0
4182.0	1.0
4183.0	3.0
4185.0	2.0
4186.0	4.0
4187.0	1.0
4188.0	2.0
4190.0	2.0
4191.0	2.0
4192.0	2.0
4193.0	5.0
4194.0	1.0
4195.0	2.0
4196.0	3.0
4197.0	3.0
4199.0	1.0
4200.0	2.0
4201.0	2.0
4202.0	4.0
4203.0	5.0
4204.0	3.0
4205.0	2.0
4206.0	2.0
4207.0	2.0
4208.0	3.0
4209.0	4.0
4210.0	3.0
4211.0	2.0
4212.0	2.0
4214.0	4.0
4215.0	3.0
4216.0	2.0
4219.0	3.0
4220.0	2.0
4221.0	2.0
4222.0	1.0
4224.0	1.0
4225.0	2.0
4226.0	1.0
4227.0	3.0
4229.0	3.0
4230.0	3.0
4231.0	1.0
4232.0	3.0
4233.0	2.0
4234.0	3.0
4235.0	2.0
4236.0	3.0
4237.0	1.0
4238.0	1.0
4239.0	1.0
4240.0	3.0
4241.0	2.0
4242.0	2.0
4244.0	1.0
4246.0	1.0
4250.0	2.0
4251.0	2.0
4252.0	4.0
4253.0	5.0
4254.0	4.0
4255.0	5.0
4256.0	4.0
4257.0	3.0
4258.0	4.0
4259.0	3.0
4260.0	3.0
4261.0	4.0
4263.0	6.0
4264.0	3.0
4265.0	1.0
4266.0	2.0
4267.0	1.0
4269.0	6.0
4270.0	3.0
4271.0	3.0
4272.0	4.0
4273.0	2.0
4275.0	1.0
4276.0	5.0
4277.0	2.0
4278.0	6.0
4279.0	4.0
4280.0	2.0
4281.0	1.0
4282.0	3.0
4283.0	2.0
4284.0	3.0
4285.0	2.0
4286.0	5.0
4287.0	3.0
4288.0	4.0
4290.0	5.0
4291.0	2.0
4292.0	5.0
4293.0	5.0
4294.0	4.0
4295.0	2.0
4296.0	3.0
4297.0	3.0
4298.0	1.0
4299.0	3.0
4300.0	1.0
4301.0	3.0
4302.0	1.0
4303.0	4.0
4304.0	2.0
4305.0	4.0
4306.0	1.0
4307.0	2.0
4308.0	4.0
4309.0	3.0
4311.0	3.0
4312.0	4.0
4313.0	1.0
4314.0	1.0
4315.0	4.0
4316.0	5.0
4317.0	1.0
4318.0	2.0
4319.0	4.0
4320.0	1.0
4321.0	3.0
4322.0	3.0
4323.0	1.0
4324.0	3.0
4325.0	2.0
4326.0	4.0
4327.0	4.0
4328.0	6.0
4329.0	3.0
4330.0	1.0
4331.0	1.0
4332.0	7.0
4333.0	2.0
4334.0	2.0
4335.0	3.0
4336.0	3.0
4338.0	4.0
4339.0	1.0
4340.0	5.0
4341.0	4.0
4342.0	2.0
4343.0	3.0
4344.0	3.0
4345.0	2.0
4346.0	3.0
4347.0	4.0
4348.0	2.0
4349.0	3.0
4350.0	3.0
4352.0	1.0
4353.0	6.0
4354.0	3.0
4355.0	4.0
4356.0	4.0
4357.0	1.0
4358.0	2.0
4359.0	4.0
4360.0	4.0
4361.0	2.0
4362.0	2.0
4363.0	2.0
4364.0	1.0
4365.0	2.0
4366.0	2.0
4368.0	4.0
4369.0	5.0
4370.0	5.0
4371.0	2.0
4372.0	4.0
4373.0	1.0
4374.0	4.0
4375.0	3.0
4376.0	2.0
4377.0	1.0
4378.0	6.0
4379.0	1.0
4381.0	3.0
4382.0	1.0
4383.0	1.0
4384.0	3.0
4385.0	4.0
4386.0	3.0
4387.0	2.0
4388.0	3.0
4389.0	5.0
4390.0	4.0
4392.0	3.0
4393.0	3.0
4394.0	1.0
4395.0	3.0
4396.0	5.0
4397.0	1.0
4398.0	2.0
4399.0	1.0
4400.0	6.0
4401.0	5.0
4402.0	6.0
4403.0	1.0
4404.0	1.0
4405.0	4.0
4406.0	4.0
4407.0	2.0
4408.0	6.0
4409.0	4.0
4410.0	3.0
4411.0	7.0
4412.0	2.0
4413.0	4.0
4415.0	2.0
4416.0	3.0
4417.0	3.0
4418.0	5.0
4419.0	3.0
4420.0	3.0
4421.0	3.0
4422.0	5.0
4423.0	4.0
4424.0	2.0
4425.0	5.0
4426.0	3.0
4427.0	2.0
4428.0	4.0
4429.0	3.0
4430.0	6.0
4431.0	4.0
4432.0	2.0
4433.0	4.0
4434.0	3.0
4435.0	4.0
4437.0	1.0
4438.0	4.0
4439.0	6.0
4440.0	2.0
4441.0	2.0
4442.0	3.0
4443.0	3.0
4444.0	1.0
4445.0	4.0
4446.0	2.0
4447.0	4.0
4448.0	3.0
4449.0	2.0
4450.0	4.0
4451.0	8.0
4452.0	2.0
4453.0	3.0
4454.0	5.0
4455.0	2.0
4456.0	6.0
4457.0	4.0
4458.0	6.0
4459.0	3.0
4460.0	3.0
4461.0	1.0
4462.0	2.0
4463.0	2.0
4464.0	5.0
4465.0	5.0
4466.0	2.0
4467.0	2.0
4468.0	2.0
4469.0	7.0
4470.0	1.0
4471.0	1.0
4473.0	2.0
4474.0	3.0
4475.0	4.0
4476.0	2.0
4477.0	4.0
4478.0	2.0
4479.0	1.0
4480.0	6.0
4481.0	3.0
4482.0	3.0
4483.0	4.0
4484.0	2.0
4485.0	3.0
4486.0	1.0
4487.0	3.0
4488.0	2.0
4489.0	6.0
4490.0	2.0
4491.0	2.0
4493.0	1.0
4494.0	5.0
4495.0	1.0
4496.0	4.0
4497.0	3.0
4498.0	4.0
4499.0	2.0
4500.0	3.0
4501.0	3.0
4503.0	3.0
4504.0	2.0
4505.0	1.0
4506.0	4.0
4507.0	3.0
4508.0	5.0
4509.0	6.0
4510.0	3.0
4511.0	3.0
4512.0	2.0
4513.0	9.0
4514.0	3.0
4515.0	2.0
4516.0	2.0
4517.0	6.0
4518.0	6.0
4519.0	2.0
4520.0	4.0
4521.0	1.0
4523.0	5.0
4524.0	5.0
4525.0	2.0
4526.0	3.0
4527.0	4.0
4528.0	4.0
4529.0	4.0
4530.0	7.0
4531.0	1.0
4532.0	1.0
4533.0	2.0
4534.0	5.0
4535.0	2.0
4536.0	3.0
4537.0	3.0
4538.0	7.0
4539.0	1.0
4540.0	1.0
4541.0	5.0
4542.0	2.0
4543.0	2.0
4545.0	8.0
4546.0	3.0
4547.0	2.0
4548.0	2.0
4549.0	4.0
4550.0	4.0
4551.0	5.0
4552.0	3.0
4554.0	2.0
4556.0	2.0
4557.0	2.0
4558.0	4.0
4559.0	5.0
4560.0	4.0
4561.0	3.0
4562.0	5.0
4563.0	4.0
4564.0	4.0
4565.0	2.0
4566.0	4.0
4567.0	2.0
4568.0	2.0
4569.0	2.0
4570.0	3.0
4571.0	4.0
4572.0	1.0
4575.0	2.0
4576.0	2.0
4577.0	2.0
4578.0	2.0
4579.0	4.0
4580.0	5.0
4581.0	2.0
4582.0	3.0
4583.0	2.0
4584.0	2.0
4585.0	2.0
4586.0	2.0
4587.0	1.0
4588.0	4.0
4589.0	3.0
4590.0	6.0
4591.0	1.0
4592.0	5.0
4593.0	5.0
4594.0	2.0
4596.0	4.0
4597.0	1.0
4598.0	2.0
4599.0	3.0
4600.0	5.0
4601.0	3.0
4602.0	4.0
4603.0	6.0
4604.0	5.0
4605.0	3.0
4606.0	4.0
4607.0	2.0
4608.0	6.0
4609.0	3.0
4610.0	2.0
4611.0	7.0
4612.0	5.0
4613.0	4.0
4614.0	4.0
4615.0	4.0
4616.0	6.0
4617.0	4.0
4619.0	1.0
4620.0	3.0
4621.0	1.0
4622.0	3.0
4624.0	5.0
4625.0	3.0
4626.0	2.0
4627.0	2.0
4628.0	2.0
4629.0	3.0
4630.0	2.0
4631.0	7.0
4632.0	5.0
4633.0	2.0
4634.0	1.0
4635.0	3.0
4636.0	5.0
4637.0	3.0
4638.0	1.0
4639.0	3.0
4640.0	1.0
4641.0	3.0
4642.0	1.0
4643.0	3.0
4645.0	2.0
4646.0	2.0
4647.0	5.0
4649.0	3.0
4650.0	3.0
4651.0	2.0
4652.0	3.0
4653.0	6.0
4654.0	3.0
4655.0	2.0
4656.0	1.0
4657.0	4.0
4658.0	2.0
4659.0	3.0
4660.0	5.0
4661.0	2.0
4662.0	1.0
4663.0	3.0
4664.0	1.0
4665.0	4.0
4666.0	1.0
4667.0	2.0
4668.0	4.0
4669.0	1.0
4670.0	1.0
4671.0	1.0
4672.0	1.0
4673.0	1.0
4674.0	7.0
4675.0	3.0
4676.0	1.0
4677.0	3.0
4678.0	2.0
4679.0	1.0
4681.0	1.0
4682.0	3.0
4683.0	5.0
4684.0	2.0
4685.0	2.0
4686.0	2.0
4687.0	3.0
4688.0	4.0
4689.0	6.0
4690.0	2.0
4691.0	4.0
4692.0	1.0
4693.0	1.0
4694.0	4.0
4695.0	1.0
4696.0	1.0
4697.0	1.0
4698.0	6.0
4699.0	1.0
4700.0	1.0
4701.0	1.0
4703.0	5.0
4704.0	5.0
4705.0	1.0
4706.0	2.0
4707.0	3.0
4708.0	3.0
4709.0	3.0
4710.0	5.0
4711.0	5.0
4712.0	4.0
4713.0	3.0
4714.0	2.0
4715.0	1.0
4716.0	6.0
4717.0	5.0
4718.0	2.0
4719.0	2.0
4720.0	2.0
4721.0	3.0
4722.0	3.0
4724.0	3.0
4725.0	3.0
4726.0	5.0
4727.0	5.0
4728.0	4.0
4729.0	2.0
4730.0	5.0
4731.0	2.0
4732.0	2.0
4733.0	2.0
4734.0	3.0
4735.0	5.0
4736.0	2.0
4737.0	3.0
4738.0	2.0
4739.0	1.0
4740.0	1.0
4741.0	4.0
4742.0	6.0
4743.0	5.0
4744.0	4.0
4745.0	1.0
4746.0	2.0
4747.0	3.0
4749.0	3.0
4750.0	2.0
4751.0	3.0
4752.0	3.0
4753.0	2.0
4754.0	2.0
4755.0	4.0
4757.0	2.0
4758.0	1.0
4759.0	2.0
4760.0	1.0
4761.0	2.0
4762.0	4.0
4763.0	4.0
4764.0	4.0
4765.0	4.0
4766.0	5.0
4767.0	3.0
4768.0	3.0
4769.0	2.0
4770.0	2.0
4771.0	6.0
4772.0	3.0
4773.0	3.0
4774.0	2.0
4775.0	3.0
4776.0	3.0
4777.0	4.0
4778.0	4.0
4779.0	4.0
4780.0	3.0
4781.0	3.0
4782.0	1.0
4783.0	3.0
4784.0	3.0
4785.0	3.0
4786.0	3.0
4787.0	3.0
4788.0	5.0
4789.0	2.0
4790.0	1.0
4791.0	2.0
4792.0	2.0
4793.0	4.0
4794.0	2.0
4795.0	1.0
4796.0	1.0
4797.0	4.0
4798.0	5.0
4799.0	3.0
4800.0	5.0
4801.0	1.0
4802.0	2.0
4803.0	4.0
4804.0	2.0
4805.0	1.0
4806.0	1.0
4809.0	3.0
4810.0	3.0
4811.0	3.0
4812.0	1.0
4813.0	1.0
4814.0	4.0
4815.0	1.0
4816.0	1.0
4817.0	1.0
4818.0	2.0
4819.0	2.0
4820.0	3.0
4821.0	1.0
4822.0	1.0
4823.0	2.0
4824.0	1.0
4825.0	3.0
4826.0	4.0
4827.0	9.0
4828.0	3.0
4829.0	4.0
4830.0	4.0
4831.0	1.0
4832.0	3.0
4833.0	3.0
4834.0	3.0
4835.0	6.0
4836.0	1.0
4837.0	2.0
4838.0	3.0
4840.0	4.0
4841.0	3.0
4842.0	3.0
4843.0	2.0
4844.0	2.0
4845.0	5.0
4846.0	1.0
4848.0	2.0
4849.0	3.0
4851.0	2.0
4852.0	3.0
4853.0	4.0
4854.0	2.0
4855.0	5.0
4856.0	4.0
4857.0	2.0
4858.0	5.0
4859.0	3.0
4860.0	3.0
4861.0	2.0
4863.0	4.0
4864.0	2.0
4865.0	4.0
4866.0	5.0
4867.0	3.0
4868.0	2.0
4869.0	2.0
4870.0	3.0
4871.0	2.0
4872.0	1.0
4873.0	3.0
4874.0	1.0
4875.0	1.0
4876.0	3.0
4877.0	2.0
4879.0	2.0
4880.0	3.0
4881.0	1.0
4882.0	3.0
4884.0	3.0
4885.0	3.0
4887.0	2.0
4888.0	1.0
4889.0	3.0
4890.0	1.0
4892.0	3.0
4893.0	7.0
4894.0	1.0
4895.0	1.0
4896.0	4.0
4898.0	4.0
4899.0	4.0
4900.0	1.0
4901.0	2.0
4903.0	3.0
4904.0	3.0
4905.0	2.0
4906.0	2.0
4907.0	2.0
4908.0	1.0
4909.0	2.0
4910.0	1.0
4912.0	7.0
4914.0	2.0
4915.0	1.0
4918.0	2.0
4920.0	2.0
4921.0	3.0
4922.0	1.0
4923.0	1.0
4924.0	2.0
4926.0	1.0
4927.0	1.0
4928.0	2.0
4929.0	1.0
4930.0	3.0
4931.0	2.0
4932.0	3.0
4933.0	2.0
4935.0	1.0
4936.0	1.0
4937.0	3.0
4938.0	2.0
4939.0	4.0
4940.0	2.0
4941.0	1.0
4942.0	3.0
4943.0	2.0
4945.0	3.0
4946.0	5.0
4947.0	1.0
4948.0	3.0
4949.0	3.0
4950.0	3.0
4951.0	1.0
4952.0	1.0
4953.0	2.0
4955.0	1.0
4956.0	3.0
4958.0	1.0
4959.0	4.0
4961.0	2.0
4962.0	1.0
4963.0	3.0
4964.0	2.0
4965.0	3.0
4966.0	3.0
4967.0	3.0
4970.0	1.0
4971.0	1.0
4972.0	2.0
4973.0	1.0
4974.0	2.0
4976.0	3.0
4977.0	3.0
4978.0	1.0
4979.0	3.0
4980.0	4.0
4981.0	1.0
4982.0	4.0
4983.0	1.0
4984.0	4.0
4986.0	4.0
4988.0	2.0
4989.0	2.0
4990.0	1.0
4991.0	3.0
4994.0	1.0
4995.0	1.0
4997.0	2.0
4998.0	2.0
4999.0	2.0
5000.0	2.0
5001.0	4.0
5003.0	3.0
5004.0	3.0
5005.0	1.0
5006.0	2.0
5007.0	2.0
5008.0	3.0
5009.0	4.0
5010.0	3.0
5012.0	1.0
5013.0	4.0
5014.0	2.0
5015.0	1.0
5016.0	3.0
5017.0	3.0
5018.0	3.0
5019.0	2.0
5020.0	1.0
5021.0	1.0
5022.0	1.0
5023.0	2.0
5024.0	1.0
5025.0	1.0
5026.0	1.0
5027.0	1.0
5028.0	2.0
5029.0	4.0
5030.0	3.0
5031.0	4.0
5032.0	2.0
5034.0	2.0
5035.0	2.0
5036.0	3.0
5037.0	2.0
5038.0	2.0
5039.0	2.0
5040.0	1.0
5042.0	2.0
5043.0	5.0
5044.0	1.0
5045.0	5.0
5046.0	2.0
5047.0	3.0
5049.0	1.0
5050.0	1.0
5051.0	3.0
5052.0	2.0
5053.0	4.0
5054.0	5.0
5055.0	1.0
5056.0	1.0
5057.0	4.0
5058.0	1.0
5059.0	2.0
5060.0	4.0
5061.0	1.0
5062.0	2.0
5063.0	2.0
5064.0	2.0
5065.0	1.0
5066.0	2.0
5068.0	4.0
5069.0	1.0
5070.0	3.0
5071.0	4.0
5072.0	4.0
5074.0	1.0
5075.0	4.0
5077.0	3.0
5078.0	1.0
5079.0	1.0
5080.0	4.0
5081.0	4.0
5082.0	1.0
5083.0	4.0
5084.0	3.0
5085.0	1.0
5086.0	2.0
5087.0	1.0
5088.0	3.0
5089.0	1.0
5090.0	3.0
5091.0	1.0
5092.0	3.0
5093.0	2.0
5094.0	2.0
5097.0	2.0
5098.0	3.0
5100.0	4.0
5101.0	4.0
5102.0	3.0
5104.0	2.0
5105.0	5.0
5106.0	2.0
5107.0	1.0
5108.0	4.0
5109.0	2.0
5110.0	3.0
5111.0	3.0
5112.0	5.0
5114.0	2.0
5115.0	1.0
5116.0	2.0
5117.0	1.0
5118.0	1.0
5119.0	3.0
5120.0	2.0
5121.0	1.0
5122.0	2.0
5123.0	1.0
5124.0	5.0
5125.0	4.0
5126.0	3.0
5127.0	2.0
5128.0	2.0
5129.0	3.0
5130.0	3.0
5131.0	7.0
5132.0	1.0
5133.0	4.0
5134.0	2.0
5135.0	3.0
5136.0	2.0
5137.0	2.0
5138.0	1.0
5139.0	1.0
5140.0	4.0
5141.0	3.0
5142.0	1.0
5143.0	1.0
5144.0	1.0
5145.0	2.0
5146.0	2.0
5147.0	2.0
5148.0	4.0
5149.0	3.0
5150.0	4.0
5152.0	4.0
5153.0	1.0
5154.0	3.0
5155.0	2.0
5156.0	5.0
5157.0	1.0
5158.0	1.0
5159.0	4.0
5160.0	5.0
5161.0	2.0
5162.0	1.0
5163.0	2.0
5164.0	2.0
5165.0	1.0
5166.0	3.0
5167.0	3.0
5171.0	1.0
5172.0	1.0
5173.0	2.0
5174.0	3.0
5175.0	3.0
5176.0	2.0
5177.0	1.0
5179.0	1.0
5180.0	1.0
5183.0	2.0
5184.0	1.0
5186.0	1.0
5187.0	2.0
5188.0	1.0
5190.0	2.0
5191.0	2.0
5192.0	1.0
5194.0	3.0
5195.0	2.0
5196.0	1.0
5197.0	2.0
5198.0	1.0
5199.0	2.0
5200.0	2.0
5202.0	2.0
5203.0	6.0
5204.0	1.0
5205.0	3.0
5207.0	5.0
5208.0	4.0
5210.0	2.0
5211.0	3.0
5212.0	5.0
5213.0	1.0
5216.0	2.0
5217.0	1.0
5218.0	1.0
5221.0	2.0
5222.0	1.0
5224.0	1.0
5226.0	2.0
5227.0	1.0
5229.0	1.0
5230.0	2.0
5232.0	1.0
5233.0	1.0
5234.0	2.0
5235.0	1.0
5236.0	3.0
5237.0	2.0
5238.0	1.0
5239.0	1.0
5240.0	1.0
5242.0	5.0
5244.0	2.0
5245.0	1.0
5246.0	1.0
5248.0	5.0
5249.0	2.0
5250.0	2.0
5252.0	3.0
5253.0	2.0
5254.0	2.0
5255.0	3.0
5256.0	4.0
5257.0	3.0
5259.0	2.0
5260.0	3.0
5261.0	1.0
5262.0	1.0
5263.0	1.0
5264.0	2.0
5266.0	6.0
5267.0	1.0
5269.0	3.0
5270.0	4.0
5271.0	1.0
5272.0	2.0
5273.0	2.0
5274.0	3.0
5275.0	3.0
5276.0	2.0
5277.0	1.0
5278.0	3.0
5280.0	2.0
5281.0	1.0
5282.0	3.0
5283.0	1.0
5284.0	3.0
5285.0	1.0
5286.0	4.0
5287.0	3.0
5288.0	2.0
5289.0	2.0
5290.0	3.0
5291.0	3.0
5292.0	3.0
5293.0	3.0
5296.0	1.0
5297.0	2.0
5298.0	3.0
5299.0	3.0
5301.0	1.0
5302.0	1.0
5303.0	4.0
5304.0	1.0
5305.0	3.0
5307.0	4.0
5308.0	4.0
5309.0	1.0
5311.0	5.0
5312.0	1.0
5313.0	1.0
5314.0	3.0
5315.0	1.0
5316.0	4.0
5317.0	1.0
5318.0	1.0
5319.0	1.0
5320.0	4.0
5322.0	4.0
5323.0	4.0
5325.0	1.0
5326.0	1.0
5327.0	2.0
5328.0	2.0
5329.0	3.0
5330.0	4.0
5331.0	3.0
5334.0	2.0
5335.0	1.0
5336.0	3.0
5337.0	3.0
5338.0	2.0
5339.0	4.0
5340.0	1.0
5341.0	4.0
5342.0	2.0
5343.0	1.0
5344.0	2.0
5346.0	4.0
5347.0	2.0
5348.0	2.0
5349.0	1.0
5350.0	1.0
5351.0	3.0
5352.0	2.0
5353.0	1.0
5354.0	1.0
5355.0	1.0
5356.0	3.0
5357.0	3.0
5358.0	2.0
5359.0	3.0
5360.0	2.0
5361.0	1.0
5362.0	3.0
5363.0	5.0
5364.0	4.0
5365.0	1.0
5366.0	1.0
5367.0	3.0
5368.0	2.0
5370.0	2.0
5371.0	1.0
5372.0	1.0
5374.0	4.0
5375.0	2.0
5376.0	3.0
5377.0	2.0
5378.0	4.0
5379.0	1.0
5380.0	1.0
5381.0	3.0
5382.0	1.0
5384.0	1.0
5385.0	1.0
5386.0	2.0
5389.0	1.0
5391.0	2.0
5392.0	1.0
5394.0	1.0
5396.0	2.0
5397.0	1.0
5398.0	2.0
5399.0	1.0
5400.0	5.0
5401.0	1.0
5403.0	2.0
5404.0	3.0
5405.0	4.0
5406.0	1.0
5407.0	3.0
5409.0	2.0
5412.0	1.0
5413.0	7.0
5414.0	1.0
5415.0	3.0
5416.0	1.0
5417.0	3.0
5418.0	1.0
5419.0	1.0
5420.0	2.0
5421.0	4.0
5422.0	1.0
5425.0	2.0
5426.0	1.0
5427.0	2.0
5430.0	1.0
5433.0	2.0
5434.0	3.0
5435.0	1.0
5436.0	1.0
5438.0	2.0
5439.0	1.0
5441.0	3.0
5442.0	2.0
5443.0	1.0
5444.0	4.0
5445.0	1.0
5446.0	3.0
5447.0	3.0
5448.0	5.0
5449.0	2.0
5450.0	1.0
5451.0	2.0
5452.0	3.0
5453.0	3.0
5454.0	2.0
5455.0	4.0
5456.0	3.0
5458.0	2.0
5459.0	3.0
5460.0	1.0
5462.0	1.0
5464.0	1.0
5467.0	2.0
5468.0	2.0
5469.0	2.0
5470.0	2.0
5471.0	1.0
5472.0	1.0
5473.0	1.0
5474.0	2.0
5475.0	4.0
5476.0	2.0
5477.0	1.0
5478.0	2.0
5479.0	5.0
5480.0	1.0
5481.0	2.0
5482.0	3.0
5483.0	3.0
5484.0	1.0
5485.0	1.0
5487.0	2.0
5488.0	1.0
5489.0	3.0
5490.0	4.0
5491.0	3.0
5492.0	3.0
5494.0	2.0
5495.0	1.0
5496.0	1.0
5497.0	4.0
5498.0	3.0
5499.0	2.0
5500.0	2.0
5501.0	3.0
5502.0	5.0
5503.0	6.0
5504.0	2.0
5505.0	1.0
5506.0	3.0
5507.0	2.0
5508.0	3.0
5509.0	2.0
5510.0	2.0
5511.0	2.0
5512.0	4.0
5513.0	1.0
5515.0	2.0
5516.0	3.0
5517.0	1.0
5518.0	7.0
5519.0	4.0
5520.0	4.0
5521.0	4.0
5522.0	7.0
5523.0	2.0
5524.0	1.0
5525.0	1.0
5526.0	2.0
5528.0	1.0
5529.0	2.0
5530.0	2.0
5531.0	4.0
5532.0	1.0
5535.0	4.0
5536.0	1.0
5537.0	1.0
5538.0	2.0
5539.0	9.0
5540.0	2.0
5541.0	2.0
5542.0	5.0
5543.0	3.0
5544.0	2.0
5545.0	2.0
5546.0	1.0
5547.0	2.0
5548.0	4.0
5549.0	7.0
5550.0	2.0
5551.0	2.0
5552.0	3.0
5553.0	1.0
5554.0	2.0
5555.0	3.0
5556.0	2.0
5557.0	2.0
5559.0	4.0
5560.0	4.0
5561.0	4.0
5562.0	4.0
5564.0	4.0
5565.0	2.0
5566.0	4.0
5567.0	6.0
5569.0	1.0
5570.0	3.0
5571.0	2.0
5572.0	3.0
5573.0	3.0
5574.0	2.0
5575.0	2.0
5576.0	2.0
5577.0	3.0
5578.0	1.0
5579.0	1.0
5580.0	2.0
5581.0	2.0
5582.0	1.0
5583.0	3.0
5584.0	4.0
5586.0	2.0
5588.0	2.0
5589.0	2.0
5590.0	1.0
5591.0	1.0
5592.0	3.0
5593.0	3.0
5595.0	2.0
5596.0	3.0
5597.0	2.0
5598.0	1.0
5599.0	4.0
5600.0	2.0
5601.0	1.0
5602.0	1.0
5603.0	2.0
5604.0	2.0
5605.0	5.0
5606.0	3.0
5607.0	1.0
5608.0	3.0
5609.0	1.0
5611.0	3.0
5612.0	2.0
5613.0	2.0
5614.0	2.0
5615.0	1.0
5616.0	2.0
5618.0	1.0
5619.0	2.0
5620.0	3.0
5621.0	2.0
5622.0	3.0
5623.0	3.0
5624.0	3.0
5625.0	2.0
5626.0	4.0
5627.0	4.0
5629.0	5.0
5630.0	2.0
5631.0	2.0
5632.0	4.0
5633.0	3.0
5634.0	5.0
5635.0	2.0
5636.0	2.0
5637.0	3.0
5638.0	3.0
5639.0	4.0
5640.0	2.0
5641.0	4.0
5643.0	2.0
5644.0	1.0
5645.0	2.0
5646.0	1.0
5648.0	3.0
5649.0	2.0
5650.0	3.0
5651.0	1.0
5652.0	2.0
5653.0	1.0
5654.0	1.0
5656.0	2.0
5657.0	2.0
5658.0	2.0
5659.0	2.0
5660.0	2.0
5661.0	1.0
5662.0	3.0
5663.0	4.0
5664.0	1.0
5666.0	1.0
5667.0	2.0
5668.0	3.0
5669.0	4.0
5670.0	1.0
5671.0	3.0
5672.0	1.0
5674.0	1.0
5676.0	4.0
5677.0	1.0
5678.0	4.0
5679.0	3.0
5680.0	4.0
5681.0	3.0
5682.0	1.0
5684.0	2.0
5685.0	2.0
5686.0	2.0
5687.0	3.0
5688.0	2.0
5689.0	4.0
5690.0	5.0
5691.0	2.0
5692.0	3.0
5693.0	1.0
5694.0	4.0
5695.0	2.0
5696.0	4.0
5698.0	4.0
5699.0	2.0
5700.0	4.0
5702.0	1.0
5703.0	1.0
5704.0	1.0
5705.0	6.0
5706.0	5.0
5707.0	4.0
5708.0	2.0
5709.0	5.0
5710.0	3.0
5712.0	3.0
5713.0	3.0
5714.0	3.0
5715.0	6.0
5716.0	4.0
5717.0	1.0
5719.0	2.0
5720.0	2.0
5721.0	1.0
5722.0	1.0
5724.0	4.0
5725.0	3.0
5727.0	2.0
5728.0	1.0
5730.0	1.0
5731.0	3.0
5732.0	1.0
5733.0	2.0
5734.0	2.0
5735.0	2.0
5736.0	1.0
5737.0	3.0
5738.0	1.0
5739.0	1.0
5740.0	2.0
5741.0	1.0
5742.0	1.0
5743.0	1.0
5744.0	2.0
5745.0	3.0
5746.0	1.0
5747.0	3.0
5748.0	1.0
5749.0	1.0
5750.0	1.0
5751.0	2.0
5752.0	1.0
5753.0	1.0
5754.0	1.0
5755.0	4.0
5756.0	2.0
5757.0	3.0
5758.0	5.0
5759.0	2.0
5760.0	1.0
5762.0	3.0
5763.0	2.0
5764.0	2.0
5765.0	3.0
5766.0	2.0
5767.0	2.0
5768.0	1.0
5770.0	3.0
5771.0	2.0
5772.0	1.0
5773.0	2.0
5774.0	3.0
5775.0	3.0
5778.0	2.0
5779.0	1.0
5780.0	2.0
5781.0	1.0
5782.0	2.0
5783.0	2.0
5784.0	4.0
5785.0	1.0
5786.0	2.0
5787.0	3.0
5788.0	2.0
5791.0	3.0
5792.0	4.0
5793.0	1.0
5794.0	1.0
5796.0	2.0
5797.0	2.0
5798.0	1.0
5799.0	4.0
5800.0	1.0
5801.0	1.0
5802.0	1.0
5803.0	4.0
5804.0	1.0
5806.0	2.0
5807.0	2.0
5808.0	1.0
5809.0	3.0
5810.0	4.0
5811.0	1.0
5812.0	3.0
5813.0	2.0
5814.0	2.0
5815.0	3.0
5816.0	3.0
5817.0	5.0
5818.0	4.0
5819.0	3.0
5820.0	1.0
5821.0	4.0
5823.0	3.0
5824.0	2.0
5825.0	3.0
5826.0	2.0
5827.0	3.0
5829.0	3.0
5830.0	1.0
5831.0	2.0
5832.0	4.0
5833.0	2.0
5834.0	5.0
5835.0	6.0
5836.0	4.0
5837.0	1.0
5838.0	1.0
5839.0	3.0
5840.0	5.0
5841.0	2.0
5842.0	3.0
5843.0	2.0
5844.0	3.0
5845.0	3.0
5846.0	2.0
5847.0	2.0
5848.0	5.0
5849.0	2.0
5850.0	1.0
5851.0	2.0
5852.0	4.0
5853.0	2.0
5856.0	3.0
5857.0	1.0
5858.0	2.0
5859.0	2.0
5860.0	3.0
5861.0	7.0
5862.0	4.0
5863.0	2.0
5864.0	1.0
5865.0	1.0
5866.0	3.0
5867.0	3.0
5868.0	4.0
5869.0	7.0
5870.0	2.0
5871.0	4.0
5872.0	2.0
5873.0	2.0
5874.0	4.0
5875.0	1.0
5876.0	2.0
5877.0	3.0
5878.0	4.0
5879.0	2.0
5880.0	4.0
5881.0	2.0
5882.0	4.0
5883.0	1.0
5884.0	2.0
5885.0	1.0
5886.0	3.0
5887.0	2.0
5888.0	4.0
5889.0	1.0
5890.0	3.0
5891.0	1.0
5892.0	2.0
5893.0	3.0
5894.0	2.0
5895.0	1.0
5896.0	4.0
5897.0	2.0
5898.0	3.0
5899.0	2.0
5900.0	3.0
5901.0	4.0
5902.0	2.0
5903.0	3.0
5904.0	2.0
5905.0	4.0
5906.0	2.0
5907.0	1.0
5908.0	1.0
5909.0	1.0
5911.0	3.0
5912.0	3.0
5913.0	4.0
5914.0	2.0
5915.0	4.0
5916.0	3.0
5917.0	4.0
5918.0	1.0
5919.0	2.0
5921.0	1.0
5922.0	2.0
5923.0	3.0
5924.0	2.0
5925.0	4.0
5926.0	1.0
5927.0	1.0
5928.0	2.0
5929.0	4.0
5930.0	7.0
5931.0	4.0
5932.0	1.0
5933.0	1.0
5935.0	2.0
5936.0	1.0
5937.0	1.0
5938.0	2.0
5939.0	4.0
5940.0	1.0
5941.0	2.0
5942.0	1.0
5943.0	3.0
5944.0	5.0
5945.0	3.0
5946.0	3.0
5947.0	1.0
5948.0	2.0
5949.0	3.0
5950.0	1.0
5951.0	3.0
5952.0	2.0
5953.0	3.0
5954.0	2.0
5955.0	3.0
5956.0	3.0
5957.0	1.0
5959.0	2.0
5960.0	2.0
5961.0	1.0
5962.0	3.0
5963.0	4.0
5964.0	1.0
5965.0	1.0
5966.0	2.0
5967.0	1.0
5968.0	1.0
5970.0	2.0
5971.0	2.0
5972.0	2.0
5973.0	2.0
5974.0	2.0
5975.0	2.0
5976.0	2.0
5977.0	2.0
5978.0	1.0
5980.0	4.0
5981.0	2.0
5984.0	2.0
5985.0	1.0
5986.0	2.0
5987.0	4.0
5988.0	2.0
5989.0	2.0
5990.0	2.0
5991.0	2.0
5992.0	1.0
5993.0	4.0
5994.0	1.0
5995.0	2.0
5996.0	2.0
5997.0	3.0
5998.0	4.0
5999.0	1.0
6000.0	3.0
6001.0	4.0
6002.0	1.0
6003.0	3.0
6004.0	3.0
6005.0	1.0
6006.0	1.0
6008.0	2.0
6009.0	2.0
6010.0	2.0
6011.0	1.0
6012.0	2.0
6013.0	3.0
6014.0	1.0
6016.0	2.0
6017.0	1.0
6018.0	2.0
6019.0	3.0
6021.0	2.0
6023.0	1.0
6024.0	2.0
6025.0	3.0
6026.0	2.0
6027.0	2.0
6030.0	2.0
6031.0	1.0
6033.0	1.0
6034.0	1.0
6035.0	1.0
6036.0	2.0
6038.0	1.0
6039.0	1.0
6040.0	1.0
6042.0	5.0
6043.0	3.0
6045.0	1.0
6046.0	2.0
6047.0	2.0
6048.0	2.0
6049.0	1.0
6050.0	3.0
6051.0	1.0
6052.0	2.0
6054.0	5.0
6056.0	2.0
6058.0	3.0
6059.0	1.0
6060.0	3.0
6061.0	1.0
6062.0	1.0
6063.0	2.0
6065.0	1.0
6066.0	1.0
6068.0	3.0
6070.0	6.0
6071.0	1.0
6072.0	2.0
6073.0	2.0
6075.0	3.0
6076.0	3.0
6077.0	7.0
6079.0	2.0
6080.0	2.0
6081.0	1.0
6082.0	2.0
6083.0	1.0
6084.0	1.0
6085.0	2.0
6087.0	1.0
6088.0	2.0
6089.0	3.0
6090.0	4.0
6091.0	2.0
6094.0	1.0
6095.0	1.0
6096.0	1.0
6097.0	2.0
6098.0	2.0
6099.0	4.0
6100.0	3.0
6101.0	1.0
6102.0	2.0
6103.0	2.0
6104.0	1.0
6105.0	3.0
6106.0	1.0
6107.0	1.0
6108.0	6.0
6109.0	7.0
6110.0	3.0
6111.0	1.0
6113.0	1.0
6114.0	2.0
6115.0	5.0
6117.0	2.0
6118.0	2.0
6119.0	2.0
6120.0	2.0
6121.0	3.0
6122.0	3.0
6123.0	5.0
6125.0	3.0
6127.0	1.0
6128.0	1.0
6129.0	2.0
6131.0	1.0
6132.0	1.0
6134.0	2.0
6135.0	1.0
6136.0	2.0
6137.0	1.0
6139.0	1.0
6140.0	2.0
6143.0	1.0
6144.0	2.0
6145.0	1.0
6146.0	3.0
6147.0	1.0
6148.0	1.0
6149.0	2.0
6150.0	2.0
6151.0	3.0
6152.0	1.0
6153.0	4.0
6154.0	3.0
6157.0	3.0
6158.0	2.0
6159.0	5.0
6160.0	1.0
6161.0	2.0
6162.0	3.0
6163.0	1.0
6164.0	2.0
6168.0	2.0
6169.0	4.0
6171.0	2.0
6172.0	3.0
6174.0	2.0
6175.0	3.0
6176.0	1.0
6177.0	4.0
6178.0	1.0
6179.0	2.0
6180.0	1.0
6181.0	2.0
6182.0	1.0
6183.0	4.0
6184.0	2.0
6185.0	1.0
6186.0	3.0
6187.0	3.0
6188.0	3.0
6189.0	1.0
6190.0	1.0
6191.0	3.0
6192.0	4.0
6194.0	1.0
6195.0	2.0
6196.0	3.0
6197.0	5.0
6198.0	3.0
6199.0	3.0
6200.0	2.0
6201.0	4.0
6202.0	2.0
6203.0	2.0
6204.0	1.0
6205.0	2.0
6206.0	4.0
6207.0	3.0
6208.0	1.0
6209.0	1.0
6210.0	5.0
6211.0	1.0
6212.0	2.0
6213.0	2.0
6217.0	1.0
6218.0	2.0
6220.0	2.0
6221.0	1.0
6222.0	6.0
6223.0	1.0
6224.0	2.0
6226.0	3.0
6228.0	3.0
6230.0	2.0
6231.0	2.0
6232.0	4.0
6234.0	4.0
6235.0	4.0
6236.0	2.0
6237.0	1.0
6238.0	2.0
6239.0	2.0
6240.0	4.0
6241.0	4.0
6242.0	1.0
6244.0	3.0
6246.0	4.0
6247.0	2.0
6248.0	2.0
6249.0	4.0
6250.0	1.0
6251.0	3.0
6252.0	2.0
6254.0	3.0
6255.0	4.0
6256.0	3.0
6257.0	2.0
6258.0	1.0
6259.0	5.0
6260.0	4.0
6261.0	2.0
6262.0	4.0
6263.0	2.0
6264.0	4.0
6265.0	2.0
6266.0	2.0
6267.0	3.0
6268.0	1.0
6269.0	1.0
6270.0	2.0
6271.0	2.0
6273.0	1.0
6274.0	3.0
6275.0	1.0
6276.0	4.0
6277.0	2.0
6278.0	2.0
6279.0	2.0
6280.0	1.0
6281.0	1.0
6282.0	2.0
6283.0	2.0
6284.0	4.0
6285.0	5.0
6286.0	4.0
6287.0	3.0
6288.0	2.0
6289.0	1.0
6290.0	2.0
6291.0	1.0
6292.0	3.0
6294.0	1.0
6295.0	1.0
6297.0	2.0
6298.0	1.0
6300.0	1.0
6301.0	3.0
6302.0	1.0
6303.0	2.0
6304.0	2.0
6305.0	5.0
6306.0	4.0
6307.0	1.0
6308.0	4.0
6310.0	2.0
6311.0	1.0
6312.0	1.0
6313.0	4.0
6314.0	1.0
6315.0	1.0
6316.0	1.0
6317.0	1.0
6318.0	1.0
6319.0	1.0
6320.0	1.0
6321.0	1.0
6322.0	5.0
6323.0	1.0
6324.0	4.0
6327.0	4.0
6328.0	4.0
6329.0	1.0
6330.0	1.0
6331.0	5.0
6333.0	1.0
6334.0	1.0
6335.0	2.0
6336.0	3.0
6337.0	5.0
6338.0	4.0
6339.0	1.0
6340.0	2.0
6341.0	4.0
6342.0	5.0
6343.0	1.0
6344.0	1.0
6346.0	2.0
6347.0	1.0
6348.0	2.0
6349.0	1.0
6350.0	2.0
6351.0	1.0
6352.0	2.0
6353.0	2.0
6355.0	3.0
6356.0	2.0
6358.0	3.0
6359.0	2.0
6360.0	3.0
6361.0	3.0
6362.0	1.0
6363.0	2.0
6364.0	2.0
6366.0	1.0
6368.0	4.0
6369.0	3.0
6370.0	1.0
6371.0	4.0
6372.0	2.0
6373.0	3.0
6374.0	1.0
6375.0	1.0
6376.0	3.0
6377.0	1.0
6378.0	3.0
6379.0	1.0
6380.0	1.0
6381.0	1.0
6382.0	2.0
6383.0	1.0
6384.0	3.0
6385.0	3.0
6386.0	1.0
6387.0	2.0
6388.0	1.0
6389.0	1.0
6390.0	2.0
6391.0	2.0
6394.0	1.0
6395.0	1.0
6396.0	1.0
6397.0	1.0
6398.0	3.0
6399.0	1.0
6400.0	2.0
6401.0	2.0
6402.0	2.0
6403.0	2.0
6404.0	4.0
6406.0	1.0
6407.0	1.0
6408.0	4.0
6409.0	1.0
6410.0	1.0
6411.0	1.0
6412.0	3.0
6414.0	2.0
6415.0	2.0
6416.0	3.0
6417.0	1.0
6418.0	4.0
6419.0	1.0
6420.0	3.0
6424.0	1.0
6426.0	4.0
6427.0	2.0
6428.0	1.0
6429.0	3.0
6430.0	2.0
6431.0	3.0
6432.0	1.0
6434.0	5.0
6435.0	1.0
6436.0	1.0
6437.0	1.0
6438.0	1.0
6440.0	1.0
6441.0	2.0
6443.0	1.0
6444.0	2.0
6445.0	1.0
6446.0	1.0
6447.0	3.0
6448.0	1.0
6449.0	1.0
6450.0	2.0
6451.0	3.0
6452.0	1.0
6453.0	1.0
6454.0	4.0
6456.0	1.0
6457.0	1.0
6458.0	1.0
6459.0	1.0
6461.0	1.0
6462.0	2.0
6465.0	3.0
6466.0	2.0
6467.0	1.0
6468.0	2.0
6469.0	1.0
6470.0	2.0
6471.0	1.0
6472.0	4.0
6473.0	1.0
6474.0	2.0
6476.0	1.0
6477.0	4.0
6478.0	1.0
6479.0	2.0
6482.0	3.0
6483.0	2.0
6484.0	1.0
6485.0	1.0
6486.0	1.0
6487.0	1.0
6488.0	1.0
6489.0	1.0
6492.0	4.0
6493.0	1.0
6496.0	1.0
6497.0	1.0
6499.0	1.0
6500.0	1.0
6502.0	3.0
6505.0	3.0
6506.0	1.0
6507.0	3.0
6508.0	2.0
6509.0	2.0
6510.0	2.0
6512.0	1.0
6513.0	3.0
6514.0	3.0
6515.0	1.0
6518.0	1.0
6519.0	4.0
6521.0	1.0
6522.0	2.0
6525.0	3.0
6526.0	3.0
6527.0	2.0
6529.0	2.0
6530.0	1.0
6531.0	3.0
6532.0	3.0
6533.0	2.0
6534.0	2.0
6535.0	1.0
6536.0	3.0
6537.0	2.0
6538.0	1.0
6539.0	1.0
6540.0	2.0
6541.0	3.0
6543.0	2.0
6544.0	2.0
6545.0	1.0
6547.0	4.0
6548.0	1.0
6549.0	2.0
6550.0	1.0
6552.0	2.0
6554.0	2.0
6555.0	2.0
6557.0	1.0
6559.0	3.0
6560.0	2.0
6563.0	1.0
6565.0	4.0
6566.0	2.0
6567.0	2.0
6568.0	3.0
6569.0	2.0
6571.0	2.0
6572.0	1.0
6573.0	1.0
6574.0	3.0
6575.0	1.0
6576.0	2.0
6577.0	2.0
6579.0	4.0
6581.0	3.0
6583.0	2.0
6584.0	2.0
6586.0	2.0
6587.0	1.0
6588.0	4.0
6589.0	1.0
6591.0	1.0
6592.0	2.0
6593.0	2.0
6594.0	3.0
6595.0	1.0
6596.0	1.0
6598.0	3.0
6599.0	2.0
6600.0	1.0
6601.0	1.0
6602.0	1.0
6603.0	2.0
6604.0	2.0
6605.0	2.0
6606.0	3.0
6607.0	1.0
6608.0	1.0
6609.0	2.0
6611.0	2.0
6613.0	1.0
6614.0	4.0
6619.0	1.0
6621.0	2.0
6622.0	1.0
6623.0	4.0
6625.0	1.0
6626.0	2.0
6627.0	3.0
6628.0	1.0
6630.0	1.0
6631.0	1.0
6632.0	2.0
6633.0	2.0
6637.0	2.0
6640.0	1.0
6641.0	1.0
6643.0	5.0
6645.0	1.0
6646.0	1.0
6647.0	2.0
6649.0	2.0
6650.0	1.0
6653.0	1.0
6654.0	1.0
6655.0	1.0
6656.0	1.0
6657.0	2.0
6658.0	4.0
6659.0	1.0
6661.0	1.0
6662.0	2.0
6663.0	1.0
6664.0	5.0
6667.0	1.0
6668.0	1.0
6669.0	3.0
6670.0	1.0
6671.0	2.0
6673.0	2.0
6674.0	1.0
6675.0	1.0
6676.0	2.0
6677.0	1.0
6678.0	1.0
6679.0	1.0
6681.0	3.0
6683.0	1.0
6684.0	2.0
6685.0	2.0
6687.0	1.0
6688.0	3.0
6689.0	1.0
6692.0	1.0
6693.0	1.0
6695.0	1.0
6696.0	1.0
6697.0	3.0
6698.0	2.0
6699.0	1.0
6701.0	1.0
6702.0	1.0
6703.0	1.0
6704.0	1.0
6705.0	1.0
6706.0	2.0
6707.0	2.0
6708.0	2.0
6709.0	1.0
6711.0	1.0
6712.0	1.0
6713.0	1.0
6714.0	1.0
6715.0	1.0
6719.0	3.0
6721.0	1.0
6725.0	1.0
6726.0	1.0
6727.0	2.0
6728.0	1.0
6729.0	2.0
6731.0	1.0
6732.0	2.0
6733.0	1.0
6735.0	1.0
6736.0	1.0
6737.0	1.0
6739.0	1.0
6740.0	4.0
6741.0	1.0
6742.0	1.0
6743.0	1.0
6744.0	1.0
6746.0	2.0
6747.0	1.0
6751.0	1.0
6752.0	1.0
6753.0	1.0
6755.0	2.0
6757.0	1.0
6758.0	3.0
6759.0	2.0
6761.0	1.0
6763.0	2.0
6764.0	1.0
6767.0	1.0
6768.0	1.0
6769.0	1.0
6771.0	1.0
6772.0	2.0
6773.0	2.0
6774.0	1.0
6775.0	1.0
6776.0	1.0
6777.0	1.0
6778.0	1.0
6781.0	1.0
6783.0	1.0
6784.0	1.0
6787.0	3.0
6789.0	1.0
6791.0	1.0
6792.0	4.0
6795.0	4.0
6796.0	1.0
6797.0	1.0
6799.0	1.0
6803.0	1.0
6805.0	1.0
6806.0	2.0
6807.0	1.0
6808.0	3.0
6809.0	2.0
6811.0	1.0
6815.0	1.0
6818.0	1.0
6819.0	2.0
6820.0	5.0
6822.0	2.0
6825.0	5.0
6826.0	1.0
6827.0	1.0
6828.0	2.0
6830.0	1.0
6831.0	1.0
6832.0	2.0
6833.0	2.0
6834.0	3.0
6835.0	1.0
6836.0	1.0
6837.0	1.0
6838.0	2.0
6839.0	3.0
6840.0	1.0
6841.0	2.0
6842.0	1.0
6844.0	2.0
6845.0	1.0
6846.0	1.0
6847.0	1.0
6848.0	3.0
6849.0	1.0
6850.0	2.0
6853.0	1.0
6856.0	1.0
6857.0	1.0
6858.0	2.0
6859.0	2.0
6860.0	1.0
6861.0	1.0
6863.0	1.0
6864.0	2.0
6867.0	2.0
6868.0	1.0
6869.0	1.0
6870.0	1.0
6871.0	2.0
6872.0	1.0
6873.0	2.0
6875.0	1.0
6876.0	1.0
6878.0	1.0
6879.0	3.0
6880.0	2.0
6881.0	3.0
6882.0	1.0
6883.0	1.0
6884.0	1.0
6885.0	2.0
6887.0	2.0
6888.0	1.0
6894.0	1.0
6896.0	1.0
6897.0	2.0
6901.0	1.0
6902.0	4.0
6904.0	3.0
6907.0	3.0
6908.0	2.0
6910.0	3.0
6911.0	2.0
6912.0	2.0
6913.0	1.0
6918.0	1.0
6919.0	3.0
6922.0	2.0
6923.0	2.0
6924.0	1.0
6925.0	1.0
6928.0	2.0
6929.0	2.0
6930.0	2.0
6932.0	1.0
6933.0	3.0
6936.0	3.0
6937.0	1.0
6938.0	1.0
6940.0	1.0
6943.0	2.0
6944.0	1.0
6946.0	3.0
6948.0	3.0
6950.0	3.0
6952.0	1.0
6954.0	2.0
6955.0	2.0
6956.0	2.0
6957.0	2.0
6959.0	3.0
6960.0	2.0
6961.0	4.0
6962.0	2.0
6963.0	3.0
6964.0	1.0
6965.0	1.0
6966.0	1.0
6969.0	3.0
6970.0	1.0
6971.0	2.0
6973.0	2.0
6974.0	2.0
6976.0	3.0
6978.0	2.0
6979.0	2.0
6981.0	1.0
6982.0	2.0
6983.0	2.0
6984.0	3.0
6986.0	1.0
6988.0	1.0
6989.0	1.0
6991.0	1.0
6992.0	2.0
6993.0	1.0
6996.0	3.0
6997.0	1.0
6998.0	1.0
7000.0	4.0
7005.0	4.0
7006.0	1.0
7007.0	1.0
7008.0	2.0
7009.0	1.0
7010.0	2.0
7012.0	1.0
7013.0	2.0
7014.0	2.0
7015.0	1.0
7016.0	2.0
7017.0	1.0
7019.0	1.0
7021.0	1.0
7022.0	1.0
7025.0	1.0
7027.0	1.0
7029.0	1.0
7030.0	1.0
7031.0	1.0
7034.0	1.0
7035.0	1.0
7036.0	1.0
7038.0	1.0
7039.0	1.0
7040.0	3.0
7041.0	2.0
7044.0	3.0
7045.0	2.0
7047.0	2.0
7048.0	1.0
7049.0	2.0
7050.0	2.0
7051.0	3.0
7052.0	2.0
7053.0	3.0
7054.0	2.0
7055.0	2.0
7056.0	3.0
7057.0	1.0
7058.0	2.0
7059.0	2.0
7062.0	1.0
7065.0	4.0
7067.0	1.0
7068.0	1.0
7069.0	1.0
7070.0	2.0
7071.0	1.0
7073.0	2.0
7074.0	1.0
7076.0	1.0
7078.0	1.0
7080.0	1.0
7081.0	1.0
7082.0	4.0
7084.0	1.0
7085.0	1.0
7086.0	3.0
7087.0	1.0
7088.0	1.0
7089.0	1.0
7090.0	2.0
7091.0	1.0
7092.0	2.0
7094.0	2.0
7095.0	1.0
7096.0	5.0
7097.0	2.0
7102.0	1.0
7103.0	1.0
7105.0	1.0
7106.0	1.0
7107.0	3.0
7108.0	1.0
7109.0	2.0
7110.0	3.0
7111.0	1.0
7113.0	2.0
7114.0	3.0
7116.0	1.0
7117.0	2.0
7119.0	1.0
7121.0	4.0
7122.0	1.0
7123.0	1.0
7124.0	2.0
7125.0	1.0
7126.0	3.0
7127.0	1.0
7128.0	2.0
7129.0	1.0
7130.0	3.0
7131.0	1.0
7132.0	2.0
7133.0	2.0
7134.0	2.0
7137.0	1.0
7138.0	2.0
7139.0	1.0
7140.0	1.0
7141.0	2.0
7143.0	4.0
7144.0	1.0
7145.0	2.0
7146.0	2.0
7147.0	3.0
7148.0	2.0
7152.0	1.0
7153.0	1.0
7155.0	2.0
7156.0	1.0
7157.0	1.0
7158.0	1.0
7159.0	2.0
7160.0	1.0
7163.0	2.0
7164.0	1.0
7166.0	1.0
7167.0	2.0
7171.0	1.0
7172.0	2.0
7174.0	1.0
7175.0	1.0
7176.0	1.0
7177.0	1.0
7178.0	2.0
7180.0	2.0
7181.0	1.0
7183.0	1.0
7186.0	1.0
7187.0	1.0
7188.0	1.0
7189.0	2.0
7190.0	2.0
7192.0	1.0
7193.0	1.0
7196.0	1.0
7199.0	2.0
7200.0	2.0
7202.0	2.0
7203.0	1.0
7204.0	1.0
7206.0	1.0
7207.0	2.0
7208.0	1.0
7209.0	1.0
7210.0	4.0
7211.0	5.0
7212.0	1.0
7214.0	1.0
7215.0	1.0
7216.0	1.0
7217.0	2.0
7218.0	2.0
7219.0	2.0
7226.0	1.0
7227.0	1.0
7228.0	1.0
7229.0	1.0
7231.0	1.0
7232.0	2.0
7234.0	2.0
7236.0	1.0
7237.0	1.0
7238.0	1.0
7239.0	2.0
7240.0	2.0
7242.0	1.0
7243.0	1.0
7248.0	1.0
7249.0	1.0
7250.0	2.0
7251.0	2.0
7254.0	2.0
7256.0	2.0
7259.0	2.0
7261.0	1.0
7262.0	1.0
7263.0	1.0
7264.0	2.0
7266.0	1.0
7267.0	1.0
7268.0	2.0
7270.0	3.0
7276.0	1.0
7277.0	3.0
7279.0	1.0
7281.0	2.0
7286.0	1.0
7292.0	2.0
7296.0	2.0
7297.0	1.0
7298.0	2.0
7300.0	1.0
7301.0	1.0
7302.0	1.0
7303.0	2.0
7306.0	1.0
7307.0	2.0
7311.0	4.0
7313.0	2.0
7314.0	3.0
7317.0	1.0
7318.0	1.0
7322.0	1.0
7326.0	1.0
7329.0	1.0
7330.0	1.0
7331.0	2.0
7333.0	2.0
7338.0	1.0
7340.0	2.0
7342.0	1.0
7346.0	1.0
7349.0	1.0
7352.0	1.0
7355.0	2.0
7356.0	1.0
7359.0	1.0
7360.0	1.0
7363.0	1.0
7364.0	2.0
7367.0	1.0
7368.0	1.0
7370.0	2.0
7372.0	1.0
7373.0	1.0
7377.0	1.0
7381.0	1.0
7382.0	2.0
7383.0	1.0
7384.0	2.0
7389.0	1.0
7392.0	2.0
7394.0	3.0
7396.0	2.0
7397.0	1.0
7398.0	2.0
7401.0	1.0
7402.0	1.0
7403.0	1.0
7404.0	1.0
7405.0	2.0
7407.0	1.0
7408.0	1.0
7411.0	1.0
7412.0	2.0
7418.0	2.0
7419.0	1.0
7420.0	3.0
7421.0	2.0
7422.0	1.0
7423.0	2.0
7424.0	2.0
7425.0	2.0
7426.0	1.0
7427.0	1.0
7428.0	1.0
7432.0	2.0
7433.0	4.0
7434.0	1.0
7436.0	2.0
7438.0	1.0
7440.0	2.0
7444.0	2.0
7445.0	2.0
7447.0	2.0
7448.0	3.0
7450.0	1.0
7451.0	1.0
7452.0	3.0
7453.0	3.0
7455.0	1.0
7458.0	3.0
7459.0	1.0
7462.0	2.0
7465.0	1.0
7466.0	1.0
7468.0	1.0
7471.0	2.0
7474.0	1.0
7475.0	2.0
7476.0	1.0
7477.0	1.0
7478.0	1.0
7479.0	3.0
7481.0	1.0
7482.0	1.0
7483.0	1.0
7487.0	2.0
7489.0	2.0
7490.0	1.0
7493.0	2.0
7496.0	1.0
7498.0	1.0
7501.0	1.0
7502.0	1.0
7504.0	1.0
7505.0	1.0
7506.0	2.0
7513.0	1.0
7517.0	1.0
7519.0	1.0
7521.0	1.0
7523.0	1.0
7526.0	2.0
7527.0	2.0
7529.0	2.0
7530.0	1.0
7531.0	1.0
7532.0	1.0
7533.0	1.0
7534.0	2.0
7538.0	1.0
7540.0	1.0
7541.0	2.0
7543.0	1.0
7544.0	1.0
7545.0	1.0
7546.0	2.0
7547.0	2.0
7548.0	1.0
7551.0	2.0
7553.0	1.0
7554.0	1.0
7559.0	1.0
7560.0	1.0
7561.0	2.0
7562.0	2.0
7563.0	1.0
7565.0	1.0
7569.0	1.0
7571.0	1.0
7574.0	1.0
7575.0	1.0
7576.0	2.0
7577.0	2.0
7578.0	3.0
7583.0	3.0
7586.0	2.0
7587.0	1.0
7588.0	2.0
7594.0	2.0
7597.0	1.0
7599.0	1.0
7601.0	1.0
7602.0	1.0
7603.0	1.0
7604.0	1.0
7609.0	1.0
7613.0	3.0
7616.0	2.0
7617.0	1.0
7619.0	1.0
7620.0	1.0
7621.0	1.0
7622.0	2.0
7626.0	2.0
7629.0	1.0
7630.0	1.0
7631.0	1.0
7632.0	1.0
7634.0	1.0
7640.0	1.0
7641.0	1.0
7642.0	1.0
7644.0	1.0
7646.0	1.0
7649.0	1.0
7650.0	2.0
7653.0	1.0
7661.0	1.0
7662.0	2.0
7663.0	1.0
7667.0	1.0
7668.0	1.0
7670.0	1.0
7671.0	2.0
7672.0	1.0
7673.0	2.0
7686.0	2.0
7687.0	1.0
7689.0	2.0
7691.0	1.0
7692.0	1.0
7693.0	2.0
7695.0	3.0
7696.0	1.0
7699.0	1.0
7700.0	1.0
7703.0	1.0
7704.0	1.0
7705.0	2.0
7706.0	2.0
7709.0	3.0
7711.0	1.0
7712.0	2.0
7716.0	2.0
7718.0	1.0
7719.0	1.0
7723.0	1.0
7724.0	3.0
7725.0	1.0
7727.0	1.0
7728.0	2.0
7730.0	1.0
7731.0	1.0
7735.0	2.0
7737.0	1.0
7740.0	1.0
7743.0	1.0
7744.0	1.0
7745.0	1.0
7747.0	1.0
7751.0	2.0
7756.0	1.0
7758.0	1.0
7760.0	1.0
7762.0	2.0
7764.0	1.0
7765.0	1.0
7767.0	2.0
7769.0	2.0
7770.0	1.0
7771.0	1.0
7772.0	1.0
7773.0	1.0
7777.0	1.0
7779.0	1.0
7780.0	1.0
7782.0	1.0
7784.0	1.0
7787.0	1.0
7790.0	2.0
7791.0	1.0
7792.0	1.0
7793.0	1.0
7798.0	1.0
7799.0	1.0
7800.0	2.0
7801.0	2.0
7804.0	1.0
7805.0	4.0
7806.0	1.0
7808.0	1.0
7814.0	2.0
7816.0	1.0
7817.0	1.0
7821.0	1.0
7822.0	1.0
7826.0	4.0
7828.0	1.0
7830.0	1.0
7831.0	1.0
7832.0	1.0
7834.0	1.0
7836.0	1.0
7840.0	1.0
7842.0	1.0
7844.0	1.0
7845.0	1.0
7846.0	1.0
7847.0	1.0
7852.0	2.0
7853.0	1.0
7854.0	1.0
7858.0	1.0
7859.0	1.0
7861.0	2.0
7867.0	1.0
7868.0	2.0
7869.0	3.0
7872.0	1.0
7873.0	1.0
7875.0	1.0
7878.0	1.0
7884.0	1.0
7888.0	1.0
7890.0	3.0
7893.0	2.0
7894.0	2.0
7895.0	1.0
7897.0	1.0
7901.0	1.0
7902.0	1.0
7903.0	1.0
7904.0	1.0
7906.0	1.0
7908.0	1.0
7909.0	2.0
7910.0	1.0
7911.0	1.0
7918.0	1.0
7919.0	2.0
7921.0	1.0
7925.0	1.0
7930.0	1.0
7931.0	3.0
7933.0	1.0
7936.0	1.0
7940.0	1.0
7948.0	1.0
7949.0	1.0
7951.0	1.0
7954.0	1.0
7959.0	1.0
7965.0	2.0
7966.0	1.0
7967.0	1.0
7971.0	2.0
7981.0	3.0
7984.0	1.0
7992.0	1.0
7994.0	1.0
7995.0	2.0
7999.0	1.0
8002.0	1.0
8004.0	1.0
8005.0	1.0
8006.0	1.0
8007.0	1.0
8009.0	1.0
8012.0	2.0
8029.0	1.0
8030.0	1.0
8033.0	1.0
8034.0	1.0
8036.0	1.0
8040.0	1.0
8041.0	1.0
8042.0	1.0
8043.0	1.0
8044.0	2.0
8045.0	2.0
8046.0	1.0
8047.0	1.0
8049.0	1.0
8053.0	1.0
8054.0	2.0
8055.0	1.0
8058.0	1.0
8061.0	2.0
8062.0	1.0
8065.0	1.0
8066.0	2.0
8068.0	3.0
8069.0	1.0
8072.0	1.0
8076.0	1.0
8077.0	2.0
8078.0	2.0
8081.0	2.0
8088.0	1.0
8091.0	1.0
8093.0	1.0
8096.0	2.0
8097.0	1.0
8098.0	3.0
8099.0	1.0
8100.0	2.0
8102.0	1.0
8103.0	1.0
8104.0	1.0
8108.0	1.0
8109.0	1.0
8110.0	2.0
8111.0	1.0
8112.0	1.0
8114.0	1.0
8116.0	1.0
8118.0	1.0
8120.0	1.0
8121.0	2.0
8125.0	2.0
8126.0	1.0
8127.0	3.0
8131.0	2.0
8132.0	1.0
8133.0	3.0
8134.0	1.0
8135.0	2.0
8138.0	2.0
8139.0	1.0
8140.0	1.0
8141.0	1.0
8143.0	1.0
8144.0	1.0
8147.0	1.0
8148.0	1.0
8149.0	1.0
8150.0	1.0
8152.0	1.0
8153.0	2.0
8154.0	1.0
8157.0	1.0
8158.0	2.0
8159.0	1.0
8161.0	1.0
8162.0	1.0
8163.0	1.0
8164.0	3.0
8165.0	2.0
8168.0	2.0
8169.0	1.0
8171.0	1.0
8173.0	1.0
8174.0	2.0
8176.0	2.0
8177.0	1.0
8178.0	2.0
8181.0	1.0
8183.0	2.0
8184.0	1.0
8186.0	2.0
8187.0	1.0
8188.0	1.0
8192.0	1.0
8194.0	1.0
8195.0	1.0
8196.0	1.0
8198.0	1.0
8200.0	1.0
8203.0	1.0
8205.0	1.0
8208.0	1.0
8210.0	1.0
8212.0	1.0
8216.0	2.0
8217.0	1.0
8220.0	1.0
8221.0	1.0
8222.0	1.0
8224.0	1.0
8230.0	1.0
8231.0	1.0
8238.0	1.0
8243.0	1.0
8245.0	1.0
8246.0	1.0
8247.0	1.0
8250.0	2.0
8251.0	1.0
8263.0	1.0
8264.0	2.0
8265.0	1.0
8268.0	1.0
8270.0	3.0
8271.0	1.0
8272.0	1.0
8274.0	1.0
8275.0	2.0
8276.0	2.0
8277.0	3.0
8278.0	1.0
8279.0	1.0
8283.0	1.0
8284.0	1.0
8290.0	1.0
8291.0	1.0
8292.0	1.0
8293.0	4.0
8294.0	2.0
8295.0	2.0
8296.0	1.0
8299.0	2.0
8302.0	1.0
8303.0	1.0
8305.0	3.0
8307.0	1.0
8312.0	2.0
8317.0	2.0
8318.0	1.0
8319.0	1.0
8320.0	1.0
8321.0	1.0
8322.0	1.0
8323.0	1.0
8324.0	1.0
8325.0	2.0
8333.0	2.0
8340.0	1.0
8342.0	1.0
8343.0	1.0
8344.0	1.0
8345.0	1.0
8348.0	1.0
8349.0	1.0
8351.0	1.0
8354.0	1.0
8355.0	1.0
8356.0	1.0
8361.0	1.0
8363.0	1.0
8364.0	1.0
8368.0	2.0
8369.0	1.0
8372.0	2.0
8373.0	1.0
8374.0	1.0
8375.0	2.0
8376.0	2.0
8378.0	2.0
8379.0	1.0
8382.0	1.0
8384.0	2.0
8385.0	1.0
8387.0	2.0
8390.0	2.0
8398.0	2.0
8401.0	2.0
8404.0	1.0
8406.0	1.0
8407.0	1.0
8408.0	3.0
8421.0	1.0
8422.0	1.0
8423.0	1.0
8424.0	1.0
8426.0	1.0
8427.0	1.0
8432.0	1.0
8433.0	2.0
8436.0	3.0
8437.0	1.0
8439.0	1.0
8442.0	2.0
8443.0	1.0
8444.0	3.0
8446.0	1.0
8447.0	1.0
8448.0	1.0
8451.0	1.0
8452.0	1.0
8453.0	1.0
8458.0	2.0
8461.0	1.0
8462.0	1.0
8466.0	1.0
8467.0	1.0
8468.0	1.0
8469.0	1.0
8471.0	1.0
8472.0	1.0
8473.0	1.0
8475.0	1.0
8477.0	1.0
8480.0	1.0
8486.0	1.0
8489.0	1.0
8491.0	1.0
8497.0	1.0
8499.0	1.0
8500.0	1.0
8502.0	1.0
8503.0	1.0
8506.0	1.0
8508.0	1.0
8512.0	1.0
8515.0	1.0
8516.0	2.0
8518.0	1.0
8522.0	1.0
8523.0	2.0
8530.0	1.0
8532.0	1.0
8535.0	1.0
8543.0	1.0
8545.0	1.0
8547.0	1.0
8549.0	1.0
8555.0	2.0
8557.0	1.0
8559.0	2.0
8561.0	2.0
8563.0	3.0
8564.0	1.0
8566.0	1.0
8570.0	1.0
8571.0	1.0
8573.0	1.0
8574.0	1.0
8577.0	2.0
8578.0	1.0
8580.0	1.0
8581.0	1.0
8592.0	1.0
8593.0	1.0
8597.0	2.0
8598.0	1.0
8599.0	1.0
8600.0	3.0
8601.0	1.0
8602.0	4.0
8620.0	1.0
8622.0	1.0
8623.0	1.0
8627.0	1.0
8630.0	2.0
8631.0	1.0
8635.0	1.0
8636.0	1.0
8638.0	1.0
8641.0	1.0
8643.0	1.0
8646.0	1.0
8647.0	1.0
8649.0	1.0
8650.0	1.0
8655.0	1.0
8663.0	2.0
8664.0	1.0
8666.0	1.0
8667.0	1.0
8671.0	1.0
8672.0	2.0
8676.0	1.0
8677.0	2.0
8681.0	2.0
8682.0	1.0
8683.0	1.0
8684.0	1.0
8685.0	1.0
8687.0	1.0
8689.0	1.0
8692.0	1.0
8693.0	1.0
8697.0	1.0
8700.0	1.0
8701.0	1.0
8702.0	2.0
8704.0	2.0
8706.0	1.0
8707.0	2.0
8712.0	2.0
8713.0	2.0
8715.0	1.0
8718.0	2.0
8721.0	1.0
8722.0	1.0
8723.0	2.0
8724.0	1.0
8726.0	1.0
8727.0	2.0
8729.0	3.0
8730.0	1.0
8736.0	2.0
8737.0	2.0
8738.0	1.0
8739.0	1.0
8740.0	1.0
8741.0	3.0
8742.0	2.0
8743.0	1.0
8744.0	1.0
8746.0	3.0
8747.0	1.0
8748.0	1.0
8750.0	1.0
8755.0	1.0
8756.0	1.0
8759.0	1.0
8761.0	1.0
8765.0	1.0
8766.0	1.0
8769.0	2.0
8772.0	2.0
8774.0	1.0
8777.0	1.0
8779.0	1.0
8780.0	2.0
8787.0	1.0
8789.0	1.0
8790.0	1.0
8795.0	1.0
8796.0	1.0
8797.0	2.0
8798.0	1.0
8800.0	1.0
8803.0	1.0
8806.0	2.0
8807.0	1.0
8810.0	1.0
8811.0	1.0
8813.0	1.0
8815.0	1.0
8818.0	1.0
8822.0	1.0
8832.0	1.0
8833.0	2.0
8835.0	1.0
8836.0	1.0
8837.0	1.0
8840.0	1.0
8848.0	1.0
8850.0	1.0
8854.0	1.0
8855.0	1.0
8859.0	2.0
8860.0	2.0
8866.0	2.0
8868.0	1.0
8873.0	1.0
8875.0	4.0
8876.0	1.0
8877.0	1.0
8879.0	2.0
8882.0	1.0
8883.0	1.0
8887.0	1.0
8889.0	2.0
8890.0	1.0
8891.0	1.0
8893.0	1.0
8894.0	1.0
8896.0	1.0
8899.0	1.0
8900.0	1.0
8905.0	1.0
8908.0	2.0
8913.0	1.0
8914.0	1.0
8919.0	1.0
8920.0	1.0
8921.0	1.0
8923.0	2.0
8924.0	1.0
8926.0	2.0
8927.0	1.0
8931.0	1.0
8933.0	1.0
8934.0	1.0
8939.0	1.0
8942.0	1.0
8943.0	2.0
8945.0	1.0
8946.0	1.0
8950.0	1.0
8955.0	1.0
8956.0	1.0
8957.0	1.0
8962.0	2.0
8964.0	2.0
8966.0	2.0
8967.0	1.0
8972.0	1.0
8976.0	1.0
8979.0	1.0
8981.0	1.0
8982.0	2.0
8984.0	1.0
8985.0	1.0
8988.0	1.0
8989.0	1.0
8991.0	1.0
8992.0	2.0
8993.0	1.0
8994.0	1.0
8998.0	1.0
8999.0	2.0
9000.0	1.0
9001.0	1.0
9002.0	1.0
9003.0	1.0
9004.0	1.0
9005.0	1.0
9007.0	1.0
9009.0	1.0
9010.0	1.0
9012.0	1.0
9015.0	2.0
9016.0	1.0
9018.0	1.0
9019.0	2.0
9020.0	1.0
9022.0	1.0
9023.0	1.0
9025.0	1.0
9027.0	1.0
9029.0	1.0
9031.0	1.0
9034.0	1.0
9039.0	1.0
9040.0	1.0
9043.0	3.0
9045.0	1.0
9046.0	1.0
9047.0	1.0
9048.0	1.0
9049.0	2.0
9050.0	1.0
9051.0	1.0
9052.0	1.0
9053.0	1.0
9055.0	1.0
9062.0	1.0
9063.0	2.0
9065.0	1.0
9070.0	1.0
9071.0	1.0
9073.0	1.0
9077.0	1.0
9078.0	1.0
9079.0	2.0
9085.0	1.0
9088.0	2.0
9091.0	1.0
9098.0	1.0
9100.0	1.0
9103.0	4.0
9105.0	2.0
9107.0	1.0
9110.0	2.0
9111.0	1.0
9112.0	1.0
9114.0	1.0
9116.0	1.0
9118.0	2.0
9119.0	1.0
9121.0	2.0
9123.0	1.0
9124.0	1.0
9127.0	2.0
9129.0	1.0
9131.0	1.0
9133.0	1.0
9136.0	1.0
9143.0	2.0
9144.0	2.0
9145.0	2.0
9146.0	2.0
9147.0	1.0
9148.0	3.0
9149.0	2.0
9152.0	2.0
9153.0	1.0
9159.0	1.0
9160.0	1.0
9162.0	1.0
9163.0	2.0
9164.0	1.0
9166.0	1.0
9167.0	1.0
9169.0	1.0
9171.0	2.0
9172.0	1.0
9173.0	1.0
9174.0	1.0
9175.0	1.0
9177.0	1.0
9179.0	1.0
9181.0	3.0
9183.0	1.0
9184.0	1.0
9186.0	1.0
9187.0	1.0
9190.0	1.0
9191.0	1.0
9192.0	1.0
9193.0	1.0
9194.0	1.0
9196.0	2.0
9197.0	1.0
9199.0	1.0
9200.0	1.0
9201.0	3.0
9202.0	1.0
9203.0	1.0
9204.0	1.0
9205.0	2.0
9208.0	2.0
9210.0	2.0
9212.0	1.0
9214.0	1.0
9216.0	2.0
9218.0	2.0
9220.0	2.0
9221.0	1.0
9224.0	1.0
9225.0	1.0
9228.0	2.0
9229.0	1.0
9231.0	1.0
9233.0	3.0
9235.0	1.0
9237.0	2.0
9238.0	2.0
9241.0	1.0
9242.0	1.0
9244.0	2.0
9245.0	2.0
9246.0	1.0
9247.0	1.0
9249.0	2.0
9250.0	1.0
9251.0	3.0
9253.0	2.0
9254.0	1.0
9257.0	1.0
9259.0	1.0
9261.0	1.0
9263.0	2.0
9264.0	1.0
9265.0	1.0
9266.0	2.0
9267.0	2.0
9271.0	1.0
9273.0	1.0
9275.0	3.0
9278.0	1.0
9279.0	1.0
9285.0	3.0
9286.0	2.0
9287.0	3.0
9288.0	1.0
9289.0	1.0
9292.0	1.0
9294.0	3.0
9295.0	2.0
9296.0	3.0
9297.0	1.0
9298.0	1.0
9299.0	2.0
9301.0	2.0
9303.0	1.0
9306.0	1.0
9310.0	2.0
9311.0	1.0
9312.0	2.0
9314.0	1.0
9317.0	2.0
9318.0	1.0
9322.0	2.0
9323.0	3.0
9324.0	1.0
9326.0	1.0
9327.0	1.0
9329.0	1.0
9331.0	2.0
9332.0	1.0
9334.0	2.0
9335.0	2.0
9340.0	1.0
9342.0	1.0
9343.0	1.0
9344.0	1.0
9346.0	2.0
9347.0	1.0
9351.0	2.0
9352.0	1.0
9355.0	3.0
9357.0	1.0
9358.0	3.0
9360.0	1.0
9361.0	2.0
9362.0	1.0
9364.0	3.0
9365.0	1.0
9367.0	1.0
9368.0	2.0
9369.0	3.0
9372.0	1.0
9373.0	1.0
9376.0	1.0
9378.0	1.0
9379.0	2.0
9380.0	3.0
9382.0	1.0
9384.0	1.0
9391.0	1.0
9394.0	1.0
9395.0	1.0
9396.0	1.0
9397.0	1.0
9398.0	1.0
9403.0	2.0
9405.0	1.0
9406.0	1.0
9408.0	1.0
9409.0	3.0
9412.0	1.0
9415.0	2.0
9419.0	1.0
9422.0	1.0
9427.0	2.0
9429.0	1.0
9430.0	2.0
9432.0	1.0
9438.0	2.0
9439.0	1.0
9448.0	2.0
9454.0	1.0
9456.0	1.0
9464.0	1.0
9471.0	1.0
9472.0	2.0
9474.0	1.0
9476.0	1.0
9477.0	1.0
9479.0	2.0
9480.0	1.0
9483.0	1.0
9484.0	1.0
9486.0	1.0
9489.0	1.0
9491.0	2.0
9495.0	1.0
9499.0	1.0
9512.0	2.0
9515.0	1.0
9516.0	1.0
9524.0	1.0
9532.0	1.0
9533.0	1.0
9534.0	1.0
9542.0	1.0
9543.0	1.0
9544.0	1.0
9549.0	1.0
9558.0	2.0
9567.0	2.0
9569.0	2.0
9571.0	1.0
9579.0	1.0
9587.0	2.0
9588.0	1.0
9589.0	1.0
9592.0	1.0
9595.0	1.0
9603.0	1.0
9608.0	1.0
9609.0	1.0
9610.0	2.0
9617.0	1.0
9620.0	1.0
9622.0	1.0
9625.0	1.0
9626.0	1.0
9628.0	1.0
9630.0	2.0
9631.0	1.0
9636.0	1.0
9638.0	1.0
9641.0	2.0
9645.0	1.0
9646.0	1.0
9647.0	1.0
9649.0	1.0
9650.0	1.0
9651.0	1.0
9652.0	1.0
9653.0	2.0
9654.0	1.0
9655.0	1.0
9656.0	1.0
9657.0	1.0
9658.0	1.0
9659.0	1.0
9662.0	1.0
9669.0	2.0
9670.0	1.0
9671.0	1.0
9673.0	1.0
9674.0	1.0
9681.0	1.0
9685.0	2.0
9687.0	1.0
9690.0	2.0
9693.0	1.0
9695.0	1.0
9697.0	1.0
9698.0	2.0
9700.0	1.0
9701.0	1.0
9702.0	1.0
9703.0	1.0
9704.0	2.0
9705.0	1.0
9708.0	1.0
9715.0	1.0
9718.0	1.0
9722.0	1.0
9725.0	1.0
9727.0	1.0
9729.0	1.0
9731.0	2.0
9734.0	1.0
9735.0	1.0
9740.0	2.0
9745.0	1.0
9746.0	1.0
9748.0	1.0
9750.0	1.0
9753.0	2.0
9756.0	1.0
9760.0	1.0
9763.0	2.0
9765.0	1.0
9774.0	2.0
9776.0	1.0
9778.0	1.0
9781.0	1.0
9787.0	1.0
9788.0	2.0
9793.0	1.0
9796.0	1.0
9797.0	2.0
9798.0	1.0
9799.0	1.0
9800.0	2.0
9801.0	1.0
9804.0	1.0
9805.0	2.0
9811.0	1.0
9816.0	1.0
9817.0	1.0
9820.0	1.0
9825.0	1.0
9830.0	1.0
9839.0	2.0
9841.0	1.0
9843.0	1.0
9844.0	1.0
9848.0	1.0
9850.0	1.0
9854.0	1.0
9863.0	1.0
9865.0	2.0
9869.0	1.0
9875.0	1.0
9880.0	1.0
9883.0	2.0
9884.0	2.0
9887.0	1.0
9900.0	2.0
9902.0	1.0
9903.0	1.0
9907.0	2.0
9911.0	2.0
9918.0	1.0
9923.0	1.0
9928.0	1.0
9931.0	1.0
9932.0	2.0
9935.0	2.0
9936.0	1.0
9938.0	1.0
9939.0	1.0
9943.0	1.0
9946.0	1.0
9950.0	1.0
9952.0	1.0
9954.0	1.0
9961.0	1.0
9962.0	1.0
9964.0	2.0
9965.0	2.0
9966.0	3.0
9969.0	1.0
9977.0	1.0
9979.0	1.0
9982.0	1.0
9983.0	1.0
9986.0	2.0
9987.0	2.0
9988.0	2.0
9991.0	1.0
9992.0	1.0
9993.0	1.0
9995.0	2.0
9996.0	1.0
9999.0	1.0
10000.0	1.0
10001.0	1.0
10002.0	1.0
10003.0	1.0
10006.0	1.0
10008.0	1.0
10013.0	1.0
10014.0	1.0
10016.0	3.0
10019.0	1.0
10021.0	1.0
10025.0	1.0
10031.0	1.0
10032.0	3.0
10033.0	1.0
10034.0	2.0
10036.0	1.0
10037.0	2.0
10038.0	1.0
10040.0	1.0
10041.0	1.0
10042.0	1.0
10045.0	2.0
10048.0	1.0
10051.0	1.0
10053.0	1.0
10054.0	1.0
10055.0	3.0
10056.0	2.0
10057.0	1.0
10059.0	1.0
10060.0	2.0
10062.0	1.0
10063.0	1.0
10064.0	1.0
10065.0	1.0
10067.0	2.0
10070.0	2.0
10072.0	1.0
10074.0	2.0
10075.0	1.0
10079.0	1.0
10081.0	1.0
10083.0	1.0
10090.0	1.0
10091.0	1.0
10092.0	1.0
10093.0	1.0
10094.0	2.0
10095.0	2.0
10098.0	1.0
10103.0	1.0
10104.0	3.0
10109.0	1.0
10110.0	1.0
10111.0	1.0
10112.0	2.0
10113.0	1.0
10114.0	1.0
10115.0	2.0
10119.0	2.0
10121.0	2.0
10122.0	2.0
10123.0	1.0
10125.0	1.0
10127.0	1.0
10129.0	1.0
10130.0	1.0
10134.0	1.0
10136.0	1.0
10137.0	1.0
10138.0	1.0
10139.0	1.0
10142.0	1.0
10143.0	1.0
10148.0	1.0
10153.0	2.0
10155.0	1.0
10156.0	1.0
10157.0	2.0
10158.0	1.0
10165.0	1.0
10168.0	2.0
10169.0	1.0
10177.0	2.0
10178.0	3.0
10179.0	2.0
10180.0	1.0
10181.0	1.0
10182.0	1.0
10183.0	3.0
10184.0	2.0
10185.0	1.0
10187.0	2.0
10189.0	1.0
10191.0	1.0
10193.0	1.0
10195.0	2.0
10196.0	1.0
10197.0	1.0
10198.0	2.0
10202.0	1.0
10205.0	1.0
10206.0	1.0
10207.0	1.0
10211.0	3.0
10213.0	2.0
10214.0	2.0
10215.0	1.0
10216.0	1.0
10218.0	2.0
10221.0	1.0
10222.0	1.0
10223.0	1.0
10224.0	2.0
10225.0	1.0
10227.0	3.0
10229.0	2.0
10230.0	1.0
10231.0	2.0
10236.0	4.0
10238.0	1.0
10239.0	2.0
10240.0	1.0
10241.0	1.0
10242.0	1.0
10244.0	1.0
10245.0	1.0
10246.0	2.0
10248.0	3.0
10249.0	1.0
10252.0	1.0
10253.0	1.0
10254.0	1.0
10259.0	1.0
10262.0	2.0
10265.0	1.0
10267.0	2.0
10268.0	1.0
10269.0	2.0
10271.0	1.0
10272.0	3.0
10274.0	2.0
10277.0	1.0
10281.0	1.0
10282.0	3.0
10286.0	1.0
10289.0	1.0
10290.0	1.0
10291.0	1.0
10292.0	2.0
10293.0	2.0
10296.0	2.0
10298.0	1.0
10300.0	2.0
10301.0	1.0
10302.0	1.0
10303.0	2.0
10304.0	1.0
10305.0	2.0
10306.0	2.0
10307.0	1.0
10308.0	2.0
10309.0	4.0
10310.0	1.0
10311.0	1.0
10312.0	1.0
10313.0	1.0
10315.0	2.0
10316.0	1.0
10317.0	1.0
10323.0	2.0
10325.0	1.0
10326.0	1.0
10327.0	1.0
10328.0	2.0
10329.0	1.0
10333.0	3.0
10334.0	4.0
10338.0	1.0
10340.0	1.0
10343.0	2.0
10345.0	1.0
10346.0	1.0
10350.0	1.0
10353.0	3.0
10355.0	1.0
10357.0	2.0
10358.0	2.0
10359.0	4.0
10360.0	1.0
10361.0	1.0
10362.0	1.0
10363.0	1.0
10365.0	1.0
10366.0	1.0
10368.0	2.0
10370.0	2.0
10371.0	1.0
10373.0	3.0
10374.0	2.0
10377.0	2.0
10379.0	1.0
10380.0	2.0
10381.0	1.0
10383.0	1.0
10386.0	1.0
10388.0	1.0
10390.0	3.0
10392.0	1.0
10396.0	1.0
10398.0	4.0
10399.0	1.0
10400.0	1.0
10401.0	3.0
10404.0	1.0
10406.0	2.0
10409.0	2.0
10410.0	2.0
10413.0	1.0
10417.0	2.0
10418.0	1.0
10420.0	1.0
10421.0	1.0
10423.0	1.0
10426.0	1.0
10427.0	1.0
10432.0	1.0
10433.0	1.0
10434.0	3.0
10437.0	1.0
10443.0	3.0
10445.0	1.0
10447.0	1.0
10449.0	1.0
10451.0	1.0
10453.0	1.0
10454.0	1.0
10456.0	1.0
10457.0	1.0
10458.0	1.0
10459.0	2.0
10461.0	1.0
10462.0	2.0
10463.0	1.0
10464.0	1.0
10467.0	1.0
10468.0	1.0
10470.0	1.0
10473.0	1.0
10474.0	1.0
10479.0	2.0
10481.0	1.0
10482.0	2.0
10483.0	1.0
10484.0	1.0
10486.0	1.0
10488.0	1.0
10491.0	2.0
10492.0	1.0
10496.0	2.0
10497.0	3.0
10499.0	2.0
10505.0	2.0
10508.0	1.0
10509.0	1.0
10512.0	1.0
10514.0	1.0
10515.0	2.0
10516.0	1.0
10518.0	2.0
10520.0	1.0
10525.0	2.0
10527.0	1.0
10530.0	1.0
10535.0	1.0
10538.0	1.0
10539.0	2.0
10541.0	1.0
10544.0	1.0
10546.0	1.0
10552.0	1.0
10553.0	1.0
10554.0	1.0
10555.0	2.0
10558.0	1.0
10559.0	2.0
10562.0	1.0
10564.0	1.0
10566.0	1.0
10569.0	1.0
10571.0	1.0
10572.0	1.0
10575.0	1.0
10579.0	1.0
10580.0	1.0
10582.0	1.0
10583.0	1.0
10584.0	1.0
10588.0	1.0
10589.0	2.0
10590.0	1.0
10591.0	1.0
10599.0	1.0
10600.0	1.0
10603.0	1.0
10605.0	1.0
10607.0	1.0
10608.0	1.0
10609.0	3.0
10610.0	1.0
10611.0	1.0
10613.0	1.0
10616.0	1.0
10617.0	3.0
10620.0	1.0
10622.0	1.0
10623.0	1.0
10624.0	1.0
10628.0	2.0
10630.0	3.0
10632.0	1.0
10635.0	1.0
10636.0	1.0
10637.0	1.0
10638.0	1.0
10641.0	1.0
10643.0	3.0
10645.0	1.0
10647.0	2.0
10648.0	1.0
10649.0	2.0
10653.0	1.0
10659.0	1.0
10664.0	2.0
10665.0	1.0
10666.0	1.0
10668.0	1.0
10669.0	1.0
10670.0	1.0
10672.0	1.0
10673.0	2.0
10674.0	1.0
10675.0	1.0
10678.0	1.0
10679.0	1.0
10682.0	2.0
10683.0	2.0
10684.0	1.0
10685.0	1.0
10686.0	1.0
10687.0	1.0
10688.0	2.0
10689.0	2.0
10693.0	1.0
10696.0	1.0
10704.0	1.0
10706.0	2.0
10707.0	1.0
10712.0	1.0
10714.0	1.0
10716.0	3.0
10717.0	1.0
10718.0	1.0
10722.0	1.0
10724.0	2.0
10725.0	3.0
10728.0	1.0
10733.0	1.0
10734.0	1.0
10736.0	1.0
10738.0	1.0
10740.0	2.0
10743.0	2.0
10746.0	1.0
10748.0	1.0
10752.0	1.0
10753.0	2.0
10757.0	1.0
10760.0	1.0
10764.0	1.0
10768.0	1.0
10769.0	1.0
10772.0	1.0
10773.0	1.0
10774.0	1.0
10778.0	3.0
10779.0	1.0
10782.0	2.0
10783.0	1.0
10784.0	1.0
10785.0	1.0
10788.0	2.0
10791.0	2.0
10792.0	1.0
10795.0	1.0
10796.0	2.0
10799.0	1.0
10800.0	1.0
10804.0	1.0
10807.0	1.0
10808.0	2.0
10810.0	2.0
10812.0	1.0
10814.0	2.0
10816.0	3.0
10817.0	2.0
10818.0	1.0
10820.0	1.0
10821.0	1.0
10824.0	2.0
10825.0	1.0
10828.0	2.0
10831.0	1.0
10835.0	1.0
10839.0	1.0
10841.0	2.0
10842.0	1.0
10843.0	1.0
10844.0	2.0
10845.0	1.0
10847.0	1.0
10848.0	1.0
10849.0	1.0
10852.0	4.0
10856.0	1.0
10860.0	1.0
10864.0	2.0
10867.0	1.0
10868.0	1.0
10869.0	1.0
10871.0	1.0
10873.0	1.0
10875.0	1.0
10876.0	2.0
10879.0	1.0
10880.0	2.0
10881.0	1.0
10882.0	1.0
10884.0	2.0
10888.0	1.0
10892.0	2.0
10893.0	1.0
10894.0	1.0
10897.0	2.0
10898.0	1.0
10900.0	2.0
10904.0	1.0
10905.0	1.0
10908.0	1.0
10911.0	1.0
10913.0	1.0
10914.0	1.0
10916.0	1.0
10920.0	1.0
10921.0	1.0
10926.0	1.0
10931.0	2.0
10933.0	1.0
10939.0	1.0
10941.0	1.0
10942.0	1.0
10943.0	2.0
10945.0	3.0
10948.0	1.0
10951.0	1.0
10953.0	1.0
10956.0	1.0
10957.0	1.0
10963.0	1.0
10968.0	1.0
10973.0	1.0
10974.0	1.0
10976.0	1.0
10977.0	2.0
10978.0	2.0
10979.0	1.0
10980.0	1.0
10982.0	1.0
10985.0	1.0
10988.0	1.0
10989.0	1.0
10990.0	1.0
10991.0	1.0
10994.0	1.0
10996.0	1.0
11000.0	3.0
11002.0	2.0
11003.0	1.0
11004.0	1.0
11009.0	1.0
11010.0	2.0
11011.0	2.0
11013.0	1.0
11017.0	1.0
11018.0	1.0
11019.0	1.0
11021.0	2.0
11022.0	1.0
11023.0	1.0
11026.0	2.0
11027.0	1.0
11029.0	1.0
11032.0	2.0
11035.0	1.0
11037.0	2.0
11039.0	1.0
11040.0	3.0
11043.0	1.0
11044.0	2.0
11045.0	1.0
11046.0	1.0
11051.0	1.0
11053.0	1.0
11054.0	1.0
11056.0	2.0
11057.0	1.0
11058.0	2.0
11059.0	1.0
11066.0	1.0
11069.0	1.0
11071.0	1.0
11072.0	1.0
11075.0	1.0
11076.0	1.0
11077.0	1.0
11079.0	1.0
11081.0	1.0
11085.0	1.0
11089.0	1.0
11090.0	1.0
11091.0	3.0
11092.0	1.0
11096.0	1.0
11101.0	1.0
11103.0	2.0
11104.0	1.0
11105.0	1.0
11106.0	1.0
11108.0	2.0
11109.0	1.0
11111.0	1.0
11116.0	1.0
11117.0	1.0
11119.0	1.0
11121.0	1.0
11122.0	3.0
11123.0	2.0
11124.0	1.0
11126.0	1.0
11127.0	1.0
11129.0	1.0
11132.0	1.0
11133.0	1.0
11134.0	3.0
11137.0	1.0
11138.0	2.0
11141.0	1.0
11143.0	1.0
11145.0	1.0
11146.0	2.0
11147.0	1.0
11149.0	1.0
11151.0	1.0
11152.0	1.0
11153.0	1.0
11154.0	2.0
11157.0	1.0
11158.0	1.0
11159.0	2.0
11160.0	2.0
11162.0	1.0
11163.0	1.0
11164.0	1.0
11168.0	1.0
11174.0	1.0
11179.0	1.0
11181.0	1.0
11182.0	2.0
11183.0	1.0
11187.0	1.0
11189.0	1.0
11192.0	1.0
11194.0	1.0
11199.0	1.0
11202.0	1.0
11205.0	1.0
11206.0	1.0
11208.0	1.0
11210.0	3.0
11211.0	1.0
11213.0	1.0
11215.0	1.0
11218.0	1.0
11219.0	1.0
11220.0	1.0
11221.0	1.0
11228.0	1.0
11229.0	1.0
11231.0	1.0
11241.0	2.0
11242.0	1.0
11251.0	2.0
11253.0	1.0
11254.0	1.0
11256.0	1.0
11258.0	1.0
11265.0	1.0
11266.0	1.0
11268.0	3.0
11269.0	1.0
11276.0	1.0
11279.0	2.0
11280.0	1.0
11283.0	2.0
11285.0	1.0
11286.0	1.0
11287.0	1.0
11288.0	2.0
11289.0	1.0
11291.0	1.0
11292.0	1.0
11298.0	1.0
11300.0	1.0
11303.0	1.0
11309.0	1.0
11311.0	1.0
11314.0	1.0
11316.0	1.0
11319.0	1.0
11321.0	3.0
11325.0	1.0
11326.0	1.0
11333.0	2.0
11337.0	1.0
11340.0	1.0
11342.0	1.0
11346.0	1.0
11348.0	1.0
11350.0	1.0
11354.0	2.0
11355.0	1.0
11361.0	2.0
11363.0	1.0
11364.0	1.0
11365.0	1.0
11366.0	1.0
11367.0	1.0
11370.0	1.0
11374.0	1.0
11376.0	2.0
11381.0	1.0
11382.0	1.0
11389.0	1.0
11392.0	2.0
11394.0	1.0
11395.0	1.0
11397.0	1.0
11399.0	1.0
11400.0	1.0
11404.0	3.0
11406.0	1.0
11414.0	1.0
11421.0	1.0
11423.0	1.0
11433.0	1.0
11434.0	1.0
11436.0	1.0
11439.0	1.0
11441.0	1.0
11443.0	1.0
11448.0	1.0
11454.0	1.0
11457.0	1.0
11458.0	2.0
11463.0	1.0
11467.0	1.0
11468.0	1.0
11473.0	3.0
11475.0	1.0
11479.0	1.0
11484.0	1.0
11488.0	1.0
11491.0	1.0
11498.0	3.0
11499.0	1.0
11502.0	1.0
11506.0	3.0
11512.0	1.0
11513.0	1.0
11515.0	1.0
11516.0	2.0
11519.0	2.0
11522.0	1.0
11529.0	1.0
11530.0	1.0
11535.0	1.0
11536.0	1.0
11537.0	1.0
11539.0	1.0
11542.0	1.0
11547.0	1.0
11552.0	1.0
11558.0	1.0
11559.0	2.0
11561.0	1.0
11562.0	2.0
11566.0	2.0
11568.0	1.0
11569.0	1.0
11570.0	2.0
11571.0	1.0
11572.0	1.0
11573.0	1.0
11574.0	1.0
11575.0	2.0
11576.0	1.0
11578.0	1.0
11579.0	1.0
11580.0	1.0
11581.0	1.0
11582.0	2.0
11587.0	1.0
11588.0	2.0
11589.0	1.0
11592.0	1.0
11593.0	1.0
11598.0	1.0
11601.0	2.0
11603.0	1.0
11605.0	2.0
11607.0	1.0
11608.0	1.0
11609.0	3.0
11610.0	2.0
11611.0	2.0
11614.0	1.0
11615.0	2.0
11616.0	1.0
11617.0	2.0
11624.0	1.0
11630.0	1.0
11633.0	1.0
11641.0	2.0
11646.0	1.0
11648.0	2.0
11653.0	2.0
11657.0	1.0
11660.0	1.0
11663.0	1.0
11664.0	1.0
11669.0	1.0
11677.0	1.0
11680.0	1.0
11681.0	1.0
11682.0	1.0
11683.0	1.0
11684.0	1.0
11685.0	1.0
11686.0	2.0
11689.0	2.0
11692.0	1.0
11693.0	1.0
11695.0	1.0
11699.0	1.0
11701.0	1.0
11705.0	1.0
11708.0	1.0
11713.0	1.0
11715.0	1.0
11725.0	1.0
11730.0	1.0
11732.0	1.0
11736.0	1.0
11739.0	1.0
11750.0	2.0
11756.0	2.0
11761.0	2.0
11766.0	1.0
11767.0	1.0
11772.0	1.0
11776.0	1.0
11781.0	1.0
11789.0	1.0
11792.0	1.0
11799.0	2.0
11801.0	1.0
11803.0	2.0
11804.0	1.0
11806.0	1.0
11807.0	1.0
11810.0	1.0
11811.0	2.0
11815.0	1.0
11818.0	1.0
11820.0	1.0
11821.0	1.0
11823.0	1.0
11824.0	1.0
11830.0	1.0
11832.0	1.0
11833.0	1.0
11835.0	1.0
11836.0	1.0
11839.0	1.0
11841.0	1.0
11843.0	4.0
11848.0	2.0
11851.0	1.0
11852.0	1.0
11854.0	1.0
11857.0	1.0
11859.0	3.0
11861.0	1.0
11863.0	1.0
11881.0	1.0
11882.0	1.0
11884.0	1.0
11886.0	1.0
11887.0	1.0
11888.0	1.0
11889.0	1.0
11892.0	4.0
11896.0	1.0
11898.0	1.0
11900.0	5.0
11906.0	1.0
11913.0	1.0
11914.0	1.0
11920.0	1.0
11921.0	3.0
11923.0	1.0
11932.0	1.0
11935.0	1.0
11937.0	1.0
11943.0	1.0
11947.0	1.0
11952.0	1.0
11953.0	2.0
11955.0	1.0
11956.0	1.0
11961.0	1.0
11965.0	2.0
11967.0	1.0
11973.0	1.0
11974.0	1.0
11981.0	1.0
11987.0	1.0
11989.0	1.0
11997.0	1.0
12000.0	1.0
12004.0	1.0
12012.0	1.0
12015.0	1.0
12020.0	1.0
12025.0	1.0
12028.0	1.0
12029.0	1.0
12030.0	1.0
12032.0	1.0
12033.0	1.0
12034.0	1.0
12043.0	1.0
12044.0	1.0
12053.0	1.0
12060.0	1.0
12070.0	1.0
12072.0	1.0
12076.0	1.0
12078.0	1.0
12101.0	2.0
12114.0	1.0
12115.0	2.0
12125.0	1.0
12127.0	1.0
12133.0	1.0
12151.0	1.0
12167.0	1.0
12174.0	1.0
12179.0	1.0
12194.0	1.0
12197.0	1.0
12201.0	1.0
12213.0	1.0
12215.0	1.0
12230.0	1.0
12233.0	1.0
12248.0	1.0
12254.0	1.0
12256.0	1.0
12259.0	1.0
12286.0	1.0
12304.0	1.0
12306.0	1.0
12334.0	1.0
12353.0	1.0
12384.0	1.0
12396.0	1.0
12429.0	1.0
12507.0	1.0
12521.0	1.0
12606.0	1.0
12619.0	1.0
12626.0	1.0
12691.0	1.0
12724.0	1.0
12726.0	1.0
12730.0	1.0
12736.0	1.0
12740.0	1.0
12750.0	1.0
12770.0	1.0
12794.0	1.0
12800.0	1.0
12822.0	1.0
12840.0	1.0
12842.0	1.0
12856.0	1.0
12865.0	1.0
12897.0	1.0
12927.0	1.0
12955.0	1.0
13046.0	1.0
13075.0	1.0
13155.0	1.0
13164.0	2.0
13190.0	1.0
13233.0	1.0
13238.0	1.0
13239.0	1.0
13275.0	1.0
13281.0	2.0
13302.0	1.0
13353.0	1.0
13371.0	1.0
13387.0	1.0
13389.0	1.0
13392.0	1.0
13419.0	1.0
13420.0	1.0
13421.0	1.0
13440.0	1.0
13445.0	1.0
13446.0	1.0
13452.0	1.0
13454.0	1.0
13455.0	1.0
13472.0	1.0
13480.0	1.0
13505.0	1.0
13513.0	1.0
13519.0	1.0
13523.0	1.0
13524.0	1.0
13534.0	1.0
13536.0	1.0
13539.0	1.0
13548.0	1.0
13556.0	1.0
13564.0	1.0
13580.0	1.0
13593.0	1.0
13604.0	1.0
13619.0	1.0
13626.0	1.0
13652.0	1.0
13659.0	1.0
13664.0	1.0
13665.0	1.0
13675.0	1.0
13676.0	1.0
13691.0	1.0
13698.0	1.0
13708.0	1.0
13721.0	1.0
13776.0	1.0
13782.0	1.0
13789.0	1.0
13822.0	1.0
13852.0	1.0
13875.0	1.0
13879.0	1.0
13930.0	1.0
13934.0	1.0
13949.0	1.0
13953.0	1.0
13967.0	1.0
13973.0	1.0
13991.0	1.0
13993.0	1.0
14005.0	1.0
14017.0	1.0
14027.0	1.0
14033.0	1.0
14056.0	1.0
14067.0	1.0
14070.0	1.0
14071.0	2.0
14072.0	1.0
14074.0	1.0
14075.0	1.0
14081.0	1.0
14088.0	1.0
14099.0	1.0
14101.0	1.0
14107.0	1.0
14126.0	1.0
14141.0	2.0
14168.0	1.0
14175.0	1.0
14186.0	1.0
14188.0	1.0
14194.0	1.0
14195.0	1.0
14198.0	1.0
14208.0	1.0
14294.0	1.0
14332.0	1.0
14356.0	1.0
14384.0	1.0
14405.0	1.0
14459.0	1.0
14480.0	1.0
14486.0	1.0
14491.0	1.0
14510.0	1.0
14517.0	1.0
14526.0	1.0
14534.0	1.0
14633.0	1.0
14702.0	1.0
14708.0	1.0
14720.0	1.0
14746.0	1.0
14752.0	1.0
14755.0	1.0
14781.0	1.0
14794.0	1.0
14806.0	1.0
14810.0	1.0
14818.0	1.0
14826.0	1.0
14886.0	1.0
14895.0	1.0
14901.0	1.0
14903.0	1.0
14907.0	1.0
14908.0	1.0
14919.0	1.0
14925.0	1.0
14926.0	1.0
14930.0	2.0
14959.0	2.0
14984.0	1.0
14991.0	1.0
15000.0	1.0
15012.0	1.0
15018.0	1.0
15031.0	1.0
15051.0	1.0
15054.0	1.0
15055.0	2.0
15056.0	1.0
15060.0	1.0
15063.0	1.0
15066.0	1.0
15068.0	2.0
15080.0	1.0
15082.0	1.0
15088.0	1.0
15093.0	1.0
15103.0	1.0
15107.0	1.0
15113.0	1.0
15119.0	1.0
15120.0	2.0
15123.0	1.0
15130.0	2.0
15132.0	1.0
15149.0	1.0
15151.0	1.0
15158.0	1.0
15163.0	1.0
15165.0	1.0
15166.0	1.0
15167.0	1.0
15183.0	1.0
15184.0	1.0
15187.0	2.0
15188.0	1.0
15193.0	1.0
15197.0	2.0
15209.0	1.0
15212.0	1.0
15215.0	1.0
15220.0	1.0
15225.0	1.0
15228.0	1.0
15232.0	1.0
15239.0	1.0
15248.0	1.0
15274.0	3.0
15276.0	2.0
15284.0	1.0
15296.0	1.0
15304.0	1.0
15308.0	1.0
15314.0	1.0
15319.0	1.0
15321.0	1.0
15330.0	1.0
15331.0	1.0
15332.0	1.0
15353.0	1.0
15362.0	1.0
15397.0	1.0
15399.0	1.0
15409.0	1.0
15430.0	1.0
15455.0	1.0
15456.0	1.0
15466.0	1.0
15470.0	1.0
15474.0	1.0
15499.0	1.0
15504.0	1.0
15506.0	1.0
15508.0	1.0
15509.0	1.0
15510.0	1.0
15512.0	1.0
15520.0	1.0
15524.0	1.0
15530.0	1.0
15545.0	1.0
15548.0	1.0
15552.0	1.0
15634.0	1.0
15650.0	1.0
15672.0	1.0
15677.0	1.0
15727.0	1.0
15750.0	1.0
15772.0	1.0
15827.0	1.0
15842.0	1.0
15850.0	1.0
15863.0	1.0
15892.0	1.0
15894.0	1.0
15904.0	1.0
15906.0	1.0
15955.0	1.0
15959.0	1.0
15964.0	1.0
15966.0	1.0
15992.0	1.0
15996.0	1.0
16015.0	1.0
16020.0	1.0
16032.0	1.0
16037.0	1.0
16070.0	1.0
16084.0	2.0
16096.0	1.0
16135.0	1.0
16144.0	1.0
16165.0	1.0
16177.0	1.0
16192.0	1.0
16201.0	1.0
16211.0	1.0
16212.0	1.0
16226.0	1.0
16238.0	1.0
16241.0	1.0
16243.0	1.0
16272.0	1.0
16275.0	1.0
16276.0	1.0
16289.0	1.0
16297.0	1.0
16341.0	1.0
16365.0	1.0
16390.0	1.0
16420.0	1.0
16426.0	1.0
16437.0	1.0
16448.0	1.0
16452.0	1.0
16457.0	1.0
16463.0	1.0
16468.0	1.0
16484.0	1.0
16495.0	1.0
16506.0	1.0
16508.0	1.0
16514.0	1.0
16522.0	1.0
16533.0	1.0
16539.0	1.0
16574.0	1.0
16596.0	1.0
16608.0	1.0
16628.0	1.0
16633.0	1.0
16657.0	1.0
16687.0	1.0
16706.0	1.0
16710.0	1.0
16712.0	2.0
16750.0	1.0
16756.0	1.0
16757.0	1.0
16761.0	1.0
16764.0	1.0
16776.0	1.0
16811.0	1.0
16822.0	1.0
16854.0	1.0
16857.0	1.0
16869.0	1.0
16872.0	2.0
16877.0	1.0
16909.0	1.0
16912.0	1.0
16925.0	1.0
16991.0	1.0
16992.0	1.0
17004.0	2.0
17032.0	1.0
17045.0	1.0
17051.0	1.0
17052.0	2.0
17058.0	1.0
17065.0	1.0
17066.0	1.0
17067.0	1.0
17113.0	1.0
17115.0	1.0
17140.0	1.0
17141.0	1.0
17144.0	1.0
17151.0	1.0
17156.0	1.0
17162.0	1.0
17173.0	1.0
17212.0	1.0
17232.0	1.0
17276.0	1.0
17288.0	1.0
17322.0	1.0
17601.0	1.0
17673.0	1.0
17703.0	1.0
18262.0	1.0
