# Position (bp)	A	C	G	T	N
0.0	23.053374989629795	24.761285365732576	39.61048675162517	12.574586349577713	2.6654343475199964E-4
1.0	21.306105396691716	21.510261954016936	14.965301330377748	42.21649400921171	0.0018373097018890522
2.0	29.464388464347586	22.797542309983683	15.729344153595939	32.008528073380695	1.9699869209285008E-4
3.0	18.50318689827081	26.916892357651335	11.856323322345531	42.72353208296716	6.533876516267719E-5
4.0	38.49045983597122	11.774700079406527	11.037750941855043	38.69686152373384	2.2761903337350267E-4
5.0	42.20873266263922	12.366524253691482	26.43502815348489	18.989714930184405	0.0
6.0	32.935078062524155	16.488312942452882	22.442496234426415	28.134112760596548	0.0
7.0	38.91263774102473	17.446426290701353	20.85597594999509	22.784960018278824	0.0
8.0	15.482138255520983	37.65327851265904	23.269369667153878	23.5952135646661	0.0
9.0	29.575532356464173	20.915964783582005	13.207540866085624	36.3009619938682	0.0
10.0	24.65583886914106	16.78424267599607	31.712585710558173	26.847332744304698	0.0
11.0	25.715258044153288	20.547164771528738	19.254297370073097	34.483279814244874	0.0
12.0	22.928976743323688	22.486670314057992	25.550934688545567	29.033418254072757	0.0
13.0	21.61670109393755	29.297688368234986	19.5265137971702	29.559096740657264	0.0
14.0	31.513618837710638	22.203492960555582	22.170599889525402	24.112288312208378	0.0
15.0	31.30067336932911	20.700257556010673	21.09420964438652	26.904859430273692	0.0
16.0	30.232964811203466	20.248727721218323	20.19552558275188	29.322781884826334	0.0
17.0	30.101113727565103	20.379753260356313	20.342377787587342	29.176478369137392	2.768553538442135E-4
18.0	29.452808940242086	20.38125214965619	20.97661694726922	29.18912288514412	1.9907768838338808E-4
19.0	29.061674674466946	21.173466626067313	20.8933829409839	28.871460510853492	1.5247628345768029E-5
20.0	28.84448188434784	21.288557462416595	20.90432446571347	28.9626361875221	0.0
21.0	28.681033943288085	21.36165250989996	21.21441145448043	28.742403277545687	4.988147858376506E-4
22.0	28.846860354389626	21.438174763845353	20.79399554713995	28.9202168063936	7.525282314728678E-4
23.0	28.927239812494754	21.360611909700157	21.029840188943904	28.682143242497993	1.6484636318950737E-4
24.0	28.675466497743336	21.363309763156657	20.92152750264316	29.03914410189718	5.52134559668958E-4
25.0	28.828904049348086	21.57013264081201	20.803273232941514	28.79696209753141	7.279793669847986E-4
26.0	29.023113756956125	21.22494407365638	20.984185324187912	28.76743145556398	3.2538963560058425E-4
27.0	28.679494586666053	21.44023894879492	21.114328741290166	28.76571686699801	2.2085625085029655E-4
28.0	28.820562593886688	21.42014056272873	20.98497681056482	28.774320032819762	0.0
29.0	28.515461540930698	20.90523769365226	20.832854278952638	28.166923945618333	1.5795225408460734
30.0	28.638884680289355	21.298150958454272	21.203715311314426	28.85766568037753	0.0015833695644121275
31.0	28.774867210711143	21.569337032037357	20.847936430658052	28.807092740823283	7.665857701720899E-4
32.0	29.109140985518284	21.35652120805839	20.81419331624914	28.718776102887745	0.0013683872864433584
33.0	28.65777046397015	21.265349923091698	21.248638522947477	28.82745213976927	7.88950221400949E-4
34.0	28.750555876260265	21.572513049253246	20.929975090743717	28.74661313683634	3.428469064280795E-4
35.0	28.765053577497834	21.12920557287355	21.257673769596913	28.847853677711566	2.1340232013847821E-4
36.0	28.764403039960772	21.32233758982636	21.152725010521962	28.760095059000918	4.3930068998550303E-4
37.0	28.733197296065168	21.426900393244935	21.047519908263084	28.791831777630033	5.506247967806239E-4
38.0	28.982018912356615	21.266413263971145	21.113640136286012	28.637266514550024	6.611728362063872E-4
39.0	28.804514216760456	21.200434229679686	21.059284350909614	28.935262545222912	5.046574273237231E-4
40.0	28.76736438739781	21.010362234715938	21.218059507664293	29.003110360600402	0.0011035096215562643
41.0	28.958626258126486	21.21615413528601	21.065596592095556	28.759623014491947	0.0
42.0	28.598775650227648	21.395492842971702	21.148066608713222	28.857054277508183	6.106205792457837E-4
43.0	28.557369400920024	21.555945971673093	21.167449958603225	28.71866740014965	5.672686540070751E-4
44.0	28.962001252645315	21.33746099279039	21.12692552830454	28.573198356661784	4.1386959796707254E-4
45.0	28.57247015905495	21.274478365546987	21.3664839623707	28.78656751302736	0.0
46.0	28.57932584448451	21.329323478242024	21.07662249817868	29.01472817909479	0.0
47.0	28.965480451141705	21.262914994764586	21.093042675991704	28.678384058620242	1.7781948176563803E-4
48.0	28.620154755373513	21.13586941250194	21.18614867657502	29.057827155549532	0.0
49.0	28.8373153512204	21.35542788236024	21.05066828900384	28.755989895944772	5.985814707473235E-4
50.0	28.95343181647052	21.16781002889101	21.11980984437928	28.758826206906846	1.221033523475387E-4
51.0	28.57012375568421	21.373274303855673	21.199287272912283	28.857314667547833	0.0
52.0	28.93892754370924	21.35426727753027	20.993758937282	28.71304624147849	0.0
53.0	28.77273884286613	21.197537531632697	21.226291469306013	28.803432156195157	0.0
54.0	28.716434686831256	21.14006625845096	21.26191547451447	28.881583580203312	0.0
55.0	28.6725567820706	21.445133318858165	21.22308386286391	28.659226036207325	0.0
56.0	28.905105639835188	21.139879091321813	21.17698045245458	28.777606517847197	4.282985412151686E-4
57.0	28.626012271151545	21.410021596275612	21.303102198727146	28.660783784372267	8.014947342463872E-5
58.0	28.61270250559636	21.38645754032113	21.207347331679202	28.793172639895687	3.1998250762291664E-4
59.0	28.97687414699586	21.14670373581709	21.292913053633374	28.582990024468035	5.190390856394529E-4
60.0	28.52194036800541	21.338667669234862	21.39516840953671	28.744090704080527	1.3284914249199752E-4
61.0	28.717918587096175	21.23873124393963	21.18949892722092	28.85385124174327	0.0
62.0	28.952862816100573	21.26029434121778	21.002707371349537	28.78388385689442	2.5161443768940603E-4
63.0	28.547906242577838	21.37376597037853	21.205115916661242	28.872643223608307	5.68646774080075E-4
64.0	28.853317597699036	21.27140878742551	21.020331562986428	28.854532636605374	4.0941528365743613E-4
65.0	28.929399148962666	21.107556877521148	21.25042097419067	28.711409380037097	0.0012136192884207133
66.0	28.669018169723063	21.270375673830028	21.334487209188627	28.72611894725828	0.0
67.0	28.93135479963396	21.440555113004205	20.952369039546532	28.675589379645416	1.3166816987827279E-4
68.0	28.896933442819716	21.41914666395845	21.356291095215532	28.327628798006305	0.0
69.0	28.712944823478487	21.347754227144982	21.327194765277067	28.611764402764067	3.4178133540014644E-4
70.0	28.8633845212944	21.309727534051017	21.18423147389698	28.642341220030822	3.152507267842797E-4
71.0	29.085269709815947	21.141187545047913	21.324018070367302	28.449524674768835	0.0
72.0	28.680435102990305	21.27597559524036	21.431067682643636	28.612521619125697	0.0
73.0	28.757729980109133	21.419768650934316	20.987697888671494	28.834724766923177	7.87133618817951E-5
74.0	28.973645535628556	21.16606528880566	21.16109388682833	28.69919528873745	0.0
75.0	28.686319341249195	21.231995275823763	21.163026710038075	28.917727374263862	9.312986251015411E-4
76.0	28.836028354021533	21.287106569981102	20.982532089518664	28.893795193468414	5.377930102911284E-4
77.0	28.478340919880736	21.44614342818365	21.24734829408614	28.828167357849477	0.0
78.0	28.194604360824542	21.522664062395428	21.161471028313574	29.12093247747924	3.2807098721284275E-4
79.0	27.995501781616905	22.011285455436735	20.88686214084423	29.106114315976473	2.363061256586705E-4
80.0	28.321657195457185	21.55210233529763	20.955182334793246	29.170887379473253	1.7075497868977867E-4
81.0	28.256749726404184	21.482364866800964	20.860435508280954	29.40033160101988	1.1829749401217517E-4
82.0	28.433373552247343	21.80485544406824	20.47527681139995	29.286086434843845	4.07757440619665E-4
83.0	28.777642644299167	21.716355208719786	20.395740688713815	29.1098533370231	4.081212441325989E-4
84.0	28.205708993947674	21.994076278391198	20.41613893944353	29.38344330615242	6.324820651804392E-4
85.0	28.251320112924343	21.955127042526282	20.329983054489308	29.46275199472812	8.177953319451037E-4
86.0	28.447123226021404	22.082741231310738	20.4083486814365	29.06135107942493	4.3578180642651394E-4
87.0	27.90416708758728	22.25835234307771	20.648654966924894	29.188574372308203	2.512301019147965E-4
88.0	27.97406484371669	22.575682825029585	20.360683938586728	29.089131443967155	4.3694869983928233E-4
89.0	28.033171198215257	22.66173432197698	20.382533856165054	28.921884342378128	6.762812645823148E-4
90.0	27.884249877076062	22.52609427542347	20.66512809192559	28.923558177224578	9.69578350298298E-4
91.0	27.89041547936575	22.60946509751114	20.625191692408613	28.874462013799857	4.657169146387467E-4
92.0	28.125716907547606	22.956237797158803	20.602334974131008	28.311937912823776	0.003772408338808658
93.0	27.82333290237239	22.807735499677847	20.785629340106187	28.582514240409964	7.880174336168771E-4
94.0	27.759908015779278	23.20238268251446	20.70787810270768	28.3293895848104	4.4161418818063785E-4
95.0	27.970115442826284	22.858170376088598	20.87724640706948	28.29377050165126	6.972723643741558E-4
96.0	27.920320635100214	22.940783574935182	20.970351411135994	28.168530942445386	1.3436383226610381E-5
97.0	27.961445545623683	22.91545001853502	21.041857902320654	28.081058018984223	1.8851453642323022E-4
98.0	28.13699892904212	22.667258718994017	21.001396226746145	28.193279891163147	0.0010662340545709386
99.0	27.684644024503758	22.763815832196897	21.27298579994372	28.27836493711713	1.894062385003355E-4
100.0	27.76203343539501	22.889250645560235	21.262105186916102	28.086434405139197	1.763269894499493E-4
101.0	27.625562640966244	22.845236061681877	21.444835344896056	28.084189149638288	1.7680281752970015E-4
102.0	27.4955438117861	22.797737534162064	21.745530277192568	27.961065645028725	1.2273183054116148E-4
103.0	27.4141699567773	22.92230744237794	21.760676860266294	27.90179279577903	0.0010529447994372626
104.0	27.52527368367788	22.85133749180125	21.895462166850947	27.727652394611336	2.7426305858985726E-4
105.0	27.075848218300813	22.808497213976352	22.18470515786367	27.930481840857663	4.675690014953957E-4
106.0	27.137275410432483	22.836100488363662	22.163554039616056	27.861952966432398	0.0011170951554065544
107.0	27.228258358882062	22.731229738862133	22.486526230938036	27.552076950760817	0.0019087205569480608
108.0	26.951081438077278	22.687107356908765	22.66083114677067	27.69963433892787	0.0013457193154145489
109.0	26.84183650817885	22.852638744281805	22.698112322601848	27.606062423775384	0.0013500011621144024
110.0	26.937957001439393	22.742257192632234	22.733683397390102	27.586074480866472	2.7927671798469453E-5
111.0	26.74295750471312	22.786333059715027	22.913454874418164	27.55659597150521	6.585896484840808E-4
112.0	26.956249315387087	22.63845281067787	22.946720206735876	27.45832456255432	2.5310464484989E-4
113.0	27.044019121875497	22.45824057577308	23.3945068708215	27.103092310677557	1.4112085236994834E-4
114.0	26.799355404465004	22.443689605464982	23.567609938397418	27.189203407228767	1.416444438337995E-4
115.0	26.49495095573709	22.74810834147076	23.518295026634874	27.238574575876157	7.110028111629148E-5
116.0	26.80703988942253	22.42873472045419	23.685982263910894	27.077143634334703	0.0010994918776822424
117.0	26.505432269581082	22.421799334004824	23.99245826776734	27.080281452858795	2.8675787956885953E-5
118.0	26.566050198721147	22.34631756166287	24.00378121583423	27.083663863387887	1.8716039386609164E-4
119.0	26.62684141777693	22.256116734628375	24.331097018383275	26.785843627586697	1.01201624719798E-4
120.0	26.216419091480613	22.275189583402906	24.674270813520785	26.833568785054602	5.517265410956418E-4
121.0	26.100521714986357	22.31823389210813	24.866756769053623	26.714487623851895	0.0
122.0	26.21915400970407	22.13402234320977	25.07331081882816	26.569982424154176	0.0035304041038237647
123.0	26.058321492980774	22.178399223577006	25.24908152956507	26.511489986041752	0.0027077678353971475
124.0	26.00102829526798	22.08166521154115	25.456073195227972	26.461174166550126	5.913141276475721E-5
125.0	25.883773025912326	22.06525880699291	25.753280358180692	26.296752324382084	9.35484531985998E-4
126.0	25.636726288498114	21.995043139482213	25.952656418749566	26.414873146938234	7.010063318769802E-4
127.0	25.56120429170805	22.053861891671385	26.151912540968148	26.230654668066062	0.002366607586355339
128.0	25.552919875751822	21.861592562679547	26.346612335793797	26.23809299598972	7.822297851139567E-4
129.0	25.47669729982067	21.907876945668576	26.674170102384124	25.937916875025497	0.0033387771011256662
130.0	25.49441872913434	21.726840896911714	26.799188344298834	25.97776170191589	0.0017903277392166132
131.0	25.428461968438036	21.54670259838502	27.146165329386612	25.87615565561874	0.002514448171584724
132.0	25.22294346752108	21.598161628025682	27.531163107912676	25.64626247033224	0.0014693262083256614
133.0	25.078034938438293	21.621669401188207	27.65426014269729	25.64494406618562	0.0010914514905922264
134.0	25.02344843898627	21.40872200101992	28.10513299645807	25.462109870082912	5.866934528252918E-4
135.0	24.66132153718551	21.4371252099708	28.39205279611407	25.508911228229753	5.892284998661057E-4
136.0	24.701862899445786	21.273757301404142	28.523103659305697	25.500980268495464	2.95871348908624E-4
137.0	24.608317905103053	21.147072175656483	28.864195032638936	25.379038739023464	0.0013761475780662718
138.0	24.47245762678596	20.9887143469322	29.18703758633907	25.350973902035236	8.165379075368176E-4
139.0	24.288632194500526	21.19446189696505	29.355572355522693	25.15896859413443	0.0023649588773067215
140.0	24.509248889661464	20.854670166049715	29.73088756474666	24.904006021015928	0.0011873585262315994
141.0	24.260499330870054	20.824424053830544	29.815756364842265	25.097905364136096	0.0014148863210380243
142.0	24.127882565442135	20.670847530036983	30.341736249273204	24.858256470775306	0.0012771844723743402
143.0	24.14232364187214	20.471180868652848	30.530026769417447	24.85425610649277	0.002212613564796228
144.0	23.71011321609093	20.44403342166959	31.03105113170197	24.812982579823487	0.001819650714019668
145.0	23.62263679838131	20.406978135675118	31.2190844035	24.74864855948764	0.002652102955930458
146.0	23.63089124117325	20.177080754905266	31.574967207267612	24.61501429626699	0.0020465003868860255
147.0	23.279861602579224	20.15950811750338	31.866825111092183	24.691521167633613	0.00228400119159605
148.0	23.28330780809919	20.16007796560387	31.972732362675117	24.581357750142924	0.0025241134788971
149.0	23.25257441572301	19.896213390532285	32.523215034296896	24.32728636019207	7.107992557435887E-4
150.0	22.86072714446389	19.93121876227048	32.464195156363346	24.742078677483544	0.0017802594187369808
