#Position (bp)	insert size
15197.0	220.053335701178
45590.0	221.477237654321
75983.0	222.08918965816414
106376.0	220.43759757553494
136769.0	219.3146288639496
167162.0	216.00393725392163
197555.0	224.69962615396352
221485.0	223.34493709539512
236681.5	220.28195135062492
258341.0	213.6291019325502
288734.0	214.42282958199357
319127.0	214.4224360478761
349520.0	216.44366736922782
379913.0	215.89718640093787
410306.0	216.8418761562738
440699.0	213.50314530267093
471092.0	209.48560736902706
501485.0	213.94215148188803
531878.0	217.11121145658623
562271.0	211.43111432706223
592664.0	211.31676671785564
623057.0	218.17631051274705
653450.0	215.66353798586573
683843.0	215.22677559625774
714236.0	221.51492762364293
744629.0	211.83611182354448
775022.0	210.9861203790204
805415.0	215.69134645423304
835808.0	216.21435862538277
866201.0	216.53911185432924
896594.0	220.7876608629826
926987.0	217.36002647253474
957380.0	219.08521057786484
987773.0	212.63375345420232
1018166.0	215.20048757836082
1038382.5	213.1943119266055
1053579.0	214.72134914070398
1078952.0	214.90910461260174
1109345.0	227.43696133018076
1139738.0	219.17143464851642
1170131.0	210.435871361383
1200524.0	209.61765825193453
1230917.0	210.3447019532436
1261310.0	224.00214112828152
1291703.0	221.39627560521416
1322096.0	219.03126323218066
1348657.5	209.41931302657161
1363854.0	207.7638036809816
1382882.0	216.0495022867904
1413275.0	220.03806408445467
1443668.0	212.61737445230872
1474061.0	218.0748476229175
1504454.0	216.12052057556593
1534847.0	214.65780830098538
1565240.0	216.98009800980097
1595633.0	214.99275608375777
1626026.0	211.61352767023456
1656419.0	216.81762663154115
1686812.0	212.68451706843553
1717205.0	219.16831955922865
1747598.0	218.8584918032787
1777991.0	214.1759987660034
1808384.0	208.92905646890637
1838777.0	213.41894409937888
1869170.0	211.8720520466251
1899563.0	218.9333517699115
1929956.0	209.59438528557598
1960349.0	213.65362503992336
1990742.0	212.2342177493138
2021135.0	211.47101083942525
2051528.0	214.84537062177571
2081921.0	213.15488882120013
2112314.0	223.67088928299975
2142707.0	213.5914063738703
2173100.0	216.81352671303833
2203493.0	213.39005424954792
2233886.0	215.95524816924328
2264279.0	214.7909315455187
2294672.0	214.83952811893988
2325065.0	212.6051175656985
2355458.0	211.72302892115684
2385851.0	208.7407538488763
2416244.0	214.35939602332186
2446637.0	211.76155600912475
2477030.0	211.06831842838292
2507423.0	210.66821968092617
2537816.0	214.4864156668046
2568209.0	210.27079377136346
2598602.0	217.7462050599201
2628995.0	214.3506272869838
2659388.0	216.00117302052786
2689781.0	213.60217714002968
2720174.0	210.9459420289855
2750567.0	213.82852611755376
2780960.0	216.88089378875873
2811353.0	217.05314552367784
2841746.0	212.5128182693149
2872139.0	215.93935119887166
2889645.5	238.0680981595092
2904842.0	227.04762517698546
2932925.0	216.8100789493101
2963318.0	212.92415779368127
2993711.0	215.68505338078293
3024104.0	216.51033437939617
3054497.0	217.06743834927025
3084890.0	213.90433975878776
3115283.0	214.15472779369628
3145676.0	216.71717958706662
3176069.0	218.3722515391381
3206462.0	213.6501184186555
3236855.0	213.37763146495712
3267248.0	220.94329016650065
3297641.0	219.82146813596876
3322340.5	211.08618691391845
3337537.0	224.62780269058297
3358427.0	214.4945858662614
3388820.0	205.20092188657503
3410819.5	215.97858417608566
3426016.0	217.6281282013757
3449606.0	218.54328990012567
3479999.0	215.21118318416947
3510392.0	217.8898139079334
3540785.0	213.18078108941418
3571178.0	211.77608845888045
3601571.0	215.15561617838927
3631964.0	219.43266914823735
3662357.0	214.91450653983352
3692750.0	216.81320823687096
3723143.0	214.13429163429163
3753536.0	221.556161991049
3783929.0	215.16784409257005
3814322.0	214.41820628900038
3844715.0	212.69755144269456
3875108.0	215.85095917363503
3905501.0	215.9305373525557
3935894.0	215.3422836812781
3966287.0	213.5394073139975
3987990.0	220.2705028233396
4003186.5	219.76653654304923
4027073.0	216.45501551189244
4057466.0	220.1669749914354
4087859.0	214.67261959840843
4118252.0	211.3248991165885
4148645.0	211.15965950378907
4179038.0	218.19365881489935
4209431.0	222.81139870162718
4239824.0	217.4997154240182
4259839.0	211.41648386085868
4275035.5	208.5555680287382
4300610.0	215.89408730889667
4331003.0	215.3252721560605
4361396.0	216.17317487266553
4391789.0	215.0932568149211
4422182.0	212.23247273536612
4452575.0	212.83477259643064
4482968.0	216.06105834464043
4513361.0	212.99662335004604
4543754.0	213.27975270479135
4574147.0	212.37815871139352
4604540.0	210.66752149645498
4634933.0	213.5296638542922
4665326.0	216.81473214285714
4695719.0	216.55480503530856
4726112.0	220.4885230140608
4756505.0	218.35036729479398
4786898.0	222.45106888361045
4817291.0	213.12492019578633
4847684.0	211.21847150958683
4878077.0	214.415298459972
4908470.0	217.54673423423424
4938863.0	212.70954415954415
4969256.0	211.69697335101893
4999649.0	212.85423775078476
5030042.0	214.9675863916421
5060435.0	215.270274049217
5090828.0	212.66887636725224
5121221.0	215.75254486304965
5151614.0	216.34109050028107
5182007.0	218.3056088207095
5212400.0	209.57862964080894
5242793.0	218.88211148509976
5273186.0	216.9700120554551
5303579.0	214.1005407875695
5333972.0	219.03207833867972
5352383.0	230.61700929315685
5367579.5	213.12378760480027
5394758.0	219.58663740920096
5425151.0	213.31026451505574
5455544.0	212.51675871262617
5485937.0	222.11964853243597
5516330.0	219.21434123591138
5546723.0	219.45066273932252
5577116.0	215.2069536423841
5607509.0	212.99767054908486
5637902.0	213.16481927710842
5668295.0	214.417946467749
5698688.0	216.3007503548976
5729081.0	214.18541666666667
5759474.0	213.31091724221494
5789867.0	211.44718841609665
5820260.0	216.19402601848682
5850653.0	216.69007755309124
5881046.0	222.46080018501388
5907241.5	219.7922426070202
5922438.0	224.91453344343518
5941832.0	220.6604300813996
5972225.0	209.83556589396005
6002618.0	214.7539417475728
6033011.0	215.7222618622904
6063404.0	213.4814947468959
6093797.0	216.71816575202305
6124190.0	213.13168831168832
6154583.0	209.72452934662238
6184976.0	215.0211655552334
6215369.0	216.98926261319534
6245762.0	214.13853141559426
6276155.0	218.9206562266965
6306548.0	214.79168998321208
6336941.0	210.65180586907448
6367334.0	213.67369396501795
6397727.0	216.37248174540335
6428120.0	211.37436839687643
6458513.0	212.39606501283149
6488906.0	217.83220554028335
6519299.0	211.90060617723466
6549692.0	216.6489168032041
6580085.0	213.81161916692764
6610478.0	214.11361235806706
6640871.0	220.9179976947143
6660029.5	208.1915061988921
6675226.0	210.36475453292334
6701657.0	216.86633358006415
6732050.0	218.17802447127463
6762443.0	217.2375033060037
6792836.0	215.2937311312378
6823229.0	217.09393617021277
6853622.0	213.06020142582324
6884015.0	210.16480346195456
6914408.0	216.13832348435105
6944801.0	213.82848288870923
6975194.0	213.10532655246251
7005587.0	218.59866001050972
7035980.0	216.36420604085725
7066373.0	211.55342667649225
7096766.0	211.26623141095394
7127159.0	217.18211284513805
7157552.0	213.03103983445422
7187945.0	223.32072742302128
7218338.0	211.3836598666936
7248731.0	213.1068656716418
7279124.0	212.58453616949438
7309517.0	218.04746564985865
7327760.5	208.62817696893632
7342957.0	221.75169498285075
7370303.0	214.98419636852722
7400696.0	219.21034576148776
7431089.0	224.06775793650795
7461482.0	211.8417761100688
7491875.0	211.93844645386207
7522268.0	215.51356652500817
7552661.0	215.00504939626785
7583054.0	218.37879662778613
7613447.0	215.61642523644198
7643840.0	215.05521878099856
7674233.0	215.4005062070628
7704626.0	212.69452736318408
7735019.0	215.06510351708656
7765412.0	213.8612716763006
7795805.0	225.3089489181923
7826198.0	216.14798362511976
7856591.0	215.7010042112083
7886984.0	215.27374086889657
7917377.0	214.47027627035027
7947770.0	213.32415856394914
7978163.0	217.50474595198213
8008556.0	211.20933709918592
8038949.0	213.04129749211594
8069342.0	216.17820017820017
8099735.0	212.31868821591087
8130128.0	218.93158914728681
8160521.0	215.0507873457228
8190914.0	213.0459271107049
8221307.0	218.14662204559716
8251700.0	216.17965760322255
8282093.0	213.90473759444558
8312486.0	211.53905579399142
8342879.0	214.11664939225477
8373272.0	208.49301415797316
8398726.5	222.04829050109925
8413923.0	219.88288288288288
8434058.0	219.80074681684624
8464451.0	215.57240078714332
8494844.0	216.30321486392722
8525237.0	214.68284844384303
8555630.0	215.43027134228794
8586023.0	212.95009188509528
8616416.0	217.2520192394954
8646809.0	217.85625070966276
8677202.0	212.9402105790925
8707595.0	214.70338760504202
8737988.0	213.78628158844765
8768381.0	215.4452876376989
8798774.0	214.6108823856682
8829167.0	212.34310850439883
8859560.0	214.75940291490363
8889953.0	213.58183241973376
8920346.0	213.5037772181899
8950739.0	210.4922782762171
8981132.0	210.02337587838807
9011525.0	215.38795376191442
9041918.0	212.45900672407691
9072311.0	219.25707270203907
9102704.0	211.30040458530007
9133097.0	212.03316768750722
9163490.0	215.37217118530137
9193883.0	216.33466051969825
9224276.0	213.1842927264614
9254669.0	210.97150823385903
9285062.0	217.004485505791
9315455.0	219.81788035548482
9332033.5	206.15505754088431
9347230.0	217.47414459982147
9376241.0	215.29576308644315
9406634.0	216.7825281459313
9437027.0	215.54831858407078
9467420.0	215.1338480292564
9497813.0	209.38392560611092
9528206.0	217.2990511506162
9558599.0	212.6447606142728
9588992.0	216.97985411601252
9619385.0	212.93729673474698
9649778.0	216.12645729241018
9680171.0	214.1009499683344
9710564.0	211.5975165562914
9740957.0	212.92074592074593
9771350.0	214.70767877340705
9801743.0	212.8928298035213
9832136.0	219.439617332583
9862529.0	214.76554782783992
9892922.0	213.42738028169015
9923315.0	218.55586115326253
9953708.0	209.22594501718214
9984101.0	219.46355407336827
1.0014494E7	214.04255153636717
1.0044887E7	219.20751568548926
1.007528E7	213.4914875980361
1.01041125E7	215.56176401318888
1.0119309E7	215.30569655950367
1.0136066E7	220.38537111364045
1.0166459E7	216.89186571981924
1.0196852E7	214.00947538710423
1.0227245E7	213.64798000832985
1.0257638E7	212.52736216437793
1.0288031E7	214.48018528049408
1.0318424E7	217.20919131411458
1.0348817E7	216.153566147196
1.037921E7	215.26678247921578
1.0409603E7	213.37220782426263
1.0439996E7	209.67912059982208
1.0470389E7	214.18842930521762
1.0500782E7	214.0059915241853
1.0531175E7	212.1026056234359
1.0561568E7	215.2632058287796
1.0591961E7	217.59875830205024
1.0622354E7	212.64043071401102
1.0652747E7	212.08723153868786
1.068314E7	217.11844540407157
1.0713533E7	213.48504585936462
1.0743926E7	215.47562713797035
1.0774319E7	213.13220142214482
1.0804712E7	214.36452004860269
1.0835105E7	212.7248902974159
1.0865498E7	208.8776753864447
1.0895891E7	214.7217901313273
1.0926284E7	209.713713212273
1.0956677E7	211.5054487571936
1.098707E7	213.618287552586
1.1017463E7	212.6350819255684
1.1047856E7	218.21030189322872
1.1078249E7	213.0428278870982
1.1108642E7	212.6239981939271
1.1139035E7	214.8222456140351
1.1169428E7	218.5527061387577
1.1196832E7	219.60792250016587
1.12120285E7	229.98367763325683
1.1230214E7	215.5642198919606
1.1260607E7	215.285930408472
1.1291E7	212.18790300608484
1.1321393E7	220.14470712242132
1.1351786E7	216.6828123533277
1.1382179E7	212.49128112085475
1.1412572E7	213.74684177611007
1.1442965E7	210.33708909280986
1.1473358E7	212.14900233221042
1.1503751E7	215.72338231502965
1.1534144E7	211.62971849008318
1.1564537E7	215.90632816408205
1.159493E7	218.02126024590163
1.1625323E7	212.6072112872322
1.1655716E7	212.69296339628949
1.1686109E7	218.53833180006134
1.1716502E7	213.6098873381537
1.1746895E7	210.45209152663568
1.1777288E7	213.57944218113445
1.1807681E7	212.13034717916926
1.1838074E7	215.6628753412193
1.1868467E7	214.0347518774849
1.189886E7	219.9341216216216
1.1929253E7	213.64075099289926
1.1959646E7	211.71769601401664
1.1990039E7	210.4755670771225
1.2020432E7	212.5717085005132
1.2050825E7	214.45326948480846
1.2081218E7	212.30449251247921
1.2111611E7	217.89716974087074
1.21419565E7	215.28212754184534
