# Position (bp)	A	C	G	T	N
0.0	24.981286093494088	23.84686754085624	35.8035957453753	15.367983087658132	2.6753261623890876E-4
1.0	22.45365355328296	20.766310341958476	13.378445230527369	43.4000091976487	0.0015816765824940035
2.0	30.70619215336191	21.646203730930967	14.356251557631373	33.29098334175058	3.69216325163543E-4
3.0	20.30679969361243	24.385636743828805	11.375229226308381	43.93220308729053	1.3124895985199318E-4
4.0	39.45491055921628	10.67221790822966	10.717212081072626	39.15548956352124	1.698879601970805E-4
5.0	43.38687060412764	11.526609322811979	24.375411159862857	20.711108913197524	0.0
6.0	34.12872678240858	15.001057105335782	21.612418129427805	29.25779798282784	0.0
7.0	39.20988098725691	16.081264927915413	20.557170260513143	24.151683824314535	0.0
8.0	17.62876481716547	33.92281763102831	23.465515888785575	24.98290166302065	0.0
9.0	29.662781423863017	20.35165130826663	14.01043538421624	35.975131883654115	0.0
10.0	26.33072220952896	16.05400775806281	29.79112711454439	27.82411738952291	2.55283409258874E-5
11.0	26.64219857759204	19.508400976214187	19.076792939029342	34.77259479074367	1.2716420764999526E-5
12.0	23.75254609255798	21.767452255340412	24.900427303918406	29.57954900920147	2.5338981730214087E-5
13.0	22.43320785697993	28.14607835798617	19.42411062149484	29.996603163539053	0.0
14.0	31.45718343216698	21.85070870467218	21.385960826057474	25.306147037103365	0.0
15.0	31.443412895082584	20.18033138937412	20.504025281075553	27.872230434467742	0.0
16.0	30.406510215089398	19.807862673527698	19.556147571832426	30.22947953955048	0.0
17.0	30.566610238039928	19.66018210046816	19.797506129959622	29.975465237694188	2.3629383810340118E-4
18.0	30.07747304501555	19.70072402839018	20.464711886659337	29.756929963009306	1.6107692563127905E-4
19.0	29.702562036098083	20.409363309474198	20.341684648054912	29.546377660757813	1.2345614998045689E-5
20.0	29.527404515444687	20.44860202583273	20.352406769636595	29.671586689085984	0.0
21.0	29.303125497569198	20.49491733257436	20.627099902885522	29.574379232823834	4.7803414708228186E-4
22.0	29.485912823922117	20.603695811142885	20.328255978886244	29.581402540944975	7.3284510378247E-4
23.0	29.668172311455233	20.5158788889062	20.376726834036983	29.439051570362523	1.7039523905965195E-4
24.0	29.348388535119923	20.567006920469787	20.41776329116166	29.66636819558096	4.7305766767043845E-4
25.0	29.47666912873754	20.71011345469155	20.311154027129678	29.501398618218623	6.647712226097636E-4
26.0	29.69911771741086	20.51688217274644	20.40982167182036	29.373925510750492	2.529272718469544E-4
27.0	29.482891863161793	20.528023921350663	20.600143711493953	29.388928502031515	1.2001962080760964E-5
28.0	29.564797874470226	20.55528699938026	20.462780625589453	29.41711058165281	2.3918907250370923E-5
29.0	29.212619286519693	20.14984118569588	20.26599474150709	28.79353210854458	1.5780126777327579
30.0	29.39670750395581	20.53264500729636	20.644507490320414	29.424714696031696	0.0014253023957195318
31.0	29.536199532977996	20.719705934551328	20.280554179868233	29.462770783313797	7.695692886444843E-4
32.0	29.631094416475147	20.621490830676947	20.390851814727306	29.35521748484978	0.0013454532708146046
33.0	29.34668963619463	20.54328039541847	20.6246102186164	29.484913864858374	5.058849121236731E-4
34.0	29.39893696871892	20.75644808691899	20.40759696759303	29.436947608414176	7.036835488168734E-5
35.0	29.549748307778284	20.446527898348027	20.570330891530034	29.43332275238057	7.014996308358193E-5
36.0	29.398104160424726	20.526934282146907	20.61645680150809	29.458306568287878	1.9818763239225296E-4
37.0	29.471668068811603	20.645572640176127	20.510322623550362	29.37180884137253	6.278260893829027E-4
38.0	29.588202553369126	20.518257400943888	20.58938531290947	29.303528565962033	6.26166815477916E-4
39.0	29.43997042913036	20.479920595368196	20.6164869395133	29.463147847293197	4.741886949482828E-4
40.0	29.4676916630286	20.51309888495188	20.503696060089474	29.51439428271329	0.0011191092167527651
41.0	29.644856947734983	20.508899579724485	20.505884294530297	29.34035917801024	0.0
42.0	29.342267592623955	20.638885268977887	20.5651615555118	29.453065573459924	6.20009426439613E-4
43.0	29.338064818567723	20.76030794673688	20.494643054759045	29.4063999233822	5.842565541556565E-4
44.0	29.62537040343653	20.59550561540869	20.486748010435427	29.292124481618092	2.514891012625439E-4
45.0	29.38005861269003	20.540438615293162	20.614676945199953	29.464825826816853	0.0
46.0	29.35730740350652	20.62487676911735	20.478559306327952	29.539256521048173	0.0
47.0	29.64911084752387	20.54713666998423	20.469798810221732	29.333760526447346	1.9314582282392828E-4
48.0	29.400645802200653	20.458517975001783	20.636461120959044	29.50437510183852	0.0
49.0	29.46326137848417	20.712505227275425	20.477712142501044	29.3458535185859	6.677331534603573E-4
50.0	29.584606573136966	20.507947840566466	20.549858846893784	29.357451178196335	1.3556120644955035E-4
51.0	29.321885068778787	20.50723782144681	20.69703111241015	29.47384599736425	0.0
52.0	29.500277667922674	20.6696722122574	20.42447111662582	29.40557900319411	0.0
53.0	29.513355797178008	20.569220186888998	20.52679139420451	29.390632621728486	0.0
54.0	29.397755938127258	20.479696225010397	20.59497199243256	29.527575844429787	0.0
55.0	29.373131170457427	20.689659036735687	20.56161318497975	29.375596607827138	0.0
56.0	29.546106921194365	20.506339001536617	20.54408574161377	29.403065465022937	4.028706323088147E-4
57.0	29.369386203495267	20.619823595013507	20.688398091492193	29.322269176579663	1.2293341937182588E-4
58.0	29.387651686296216	20.70276852604227	20.481489583984427	29.42807904206588	1.1161611200900072E-5
59.0	29.576647699745184	20.512523808982344	20.624849364919154	29.285455178246032	5.239481072876277E-4
60.0	29.319302530637405	20.583944255362123	20.68557994641412	29.411017384624614	1.558829617361888E-4
61.0	29.342507614649044	20.58715711835388	20.573888621591145	29.496446645405932	0.0
62.0	29.560000404420585	20.500246041039134	20.449560142618253	29.489915650532172	2.777613898557763E-4
63.0	29.26365727174241	20.660131067185254	20.56413944980198	29.511528317971127	5.438932992345534E-4
64.0	29.466000504180112	20.60543979955236	20.42057006068461	29.507401832105806	5.878034771126517E-4
65.0	29.609052585851515	20.43551883258789	20.576802028431736	29.377529444619295	0.001097108509572549
66.0	29.337558296451284	20.53413801649543	20.67891985703873	29.449383830014558	0.0
67.0	29.477817098749746	20.74639581531204	20.373936098157426	29.40171817989448	1.3280788630936624E-4
68.0	29.55664463413604	20.622287181526918	20.68203804189728	29.139030142439772	0.0
69.0	29.34880156608837	20.637689285609266	20.657488700183357	29.355567195189064	4.5325292994854364E-4
70.0	29.41740111046466	20.605235836989667	20.544469142309985	29.432496092267247	3.978179684430897E-4
71.0	29.633692471357886	20.510548229552274	20.64396286881796	29.21179643027188	0.0
72.0	29.30834508242328	20.570191820689633	20.7370682885896	29.384394808297483	0.0
73.0	29.409910328206205	20.72797450574291	20.361694969265624	29.50042019678526	0.0
74.0	29.628878044471925	20.487877315785987	20.47027844635326	29.41296619338883	0.0
75.0	29.4097111239552	20.472566740032537	20.53885548138003	29.578082760455743	7.838941764943258E-4
76.0	29.44955510024459	20.697846856091044	20.342309053688492	29.509549275267272	7.39714708597671E-4
77.0	29.329100871214543	20.688560151322775	20.527441276133924	29.454897701328758	0.0
78.0	29.079735996180617	20.74914612237902	20.53658644868302	29.634166987948696	3.644448086438357E-4
79.0	28.987484778926998	21.01387949759716	20.367278705786532	29.631357017689307	0.0
80.0	29.229720998635422	20.677452401850278	20.450029719319016	29.642796880195288	0.0
81.0	29.055650245892117	20.717813302835907	20.367554245329686	29.858982205942286	0.0
82.0	29.230852777327076	20.93548612224037	20.140483622096866	29.693177478335684	0.0
83.0	29.465531801683927	20.879034534764344	20.047296738729507	29.607981991427536	1.5493339468695763E-4
84.0	29.11289605494488	20.911038905744313	20.115587644533	29.85993480256232	5.425922154848509E-4
85.0	29.16263027006014	21.029122116705217	19.996225678286393	29.811600842097054	4.210928511953164E-4
86.0	29.33020458417424	20.964804122691504	20.045853276170337	29.65872768193313	4.103350307895445E-4
87.0	29.00370623151033	21.108970265680778	20.22936879073583	29.65773272222488	2.2198984818225278E-4
88.0	29.03331960144643	21.384914122379108	19.964508182915843	29.61703589444134	2.2219881728013536E-4
89.0	29.09236031648041	21.31276000851	20.029820592668433	29.56444741209548	6.116702456790224E-4
90.0	28.94555160550446	21.323384266614088	20.24589281465653	29.484558969329477	6.123438954490712E-4
91.0	28.846008508600562	21.468633146356357	20.2142465889019	29.471011434644222	1.0032149695724901E-4
92.0	29.12723257707902	21.418755572688504	20.19593095664249	29.255435802237788	0.0026450913521919046
93.0	28.949618719158316	21.3962596281263	20.186406202052137	29.466944373607173	7.7107705607697E-4
94.0	28.84446119412972	21.700206941665368	20.12895417585991	29.325896532748008	4.811555969921285E-4
95.0	29.11566699237134	21.434060491425598	20.292372235618945	29.157272776169172	6.275044149417766E-4
96.0	28.960277550174006	21.496471038140257	20.3678518296089	29.17533225474955	6.732732728689049E-5
97.0	29.004378433294075	21.53555341778525	20.32861850090356	29.131303550396936	1.4609762018215003E-4
98.0	29.19280728928708	21.321653220827493	20.312418921719225	29.17189366559206	0.0012269025741429044
99.0	28.802193387613293	21.44010008565595	20.496881174103244	29.260453278609138	3.72074018375721E-4
100.0	28.880709966137225	21.565119762169928	20.418100205797106	29.135934524441513	1.3554145422426238E-4
101.0	28.802830982159033	21.460896057497735	20.56386315501343	29.172353227328035	5.657800177134408E-5
102.0	28.64219930124553	21.401572050183894	20.76905845000214	29.187113514611653	5.668395678505829E-5
103.0	28.624485909670955	21.645545693977358	20.656861076850415	29.071982755780883	0.0011245637203930203
104.0	28.786385848344587	21.463750764159297	20.786635341873858	28.963171135601897	5.691002036354349E-5
105.0	28.483021641335434	21.454688621456206	20.972999568767744	29.08909627930164	1.938891389805332E-4
106.0	28.4955934066135	21.5977706907366	20.89096252909842	29.01470190234634	9.714712051363168E-4
107.0	28.60555549383319	21.41417339176367	21.1443486678793	28.8339867822766	0.0019356642472390727
108.0	28.412857740445524	21.376413639262722	21.223392311786064	28.985568470213764	0.0017678382919284177
109.0	28.30131776902653	21.558264031320387	21.199609933464313	28.93943900607825	0.0013692601105188518
110.0	28.41497978697194	21.455580244475676	21.258167567432896	28.871180125255258	9.227586423267543E-5
111.0	28.217166825770356	21.490699834236153	21.36989203149513	28.921628481780775	6.128267175798479E-4
112.0	28.352114669612977	21.479918060675026	21.355532208574555	28.812098883158793	3.361779786499162E-4
113.0	28.535765336378294	21.266303543047258	21.547119555325057	28.650637217559648	1.743476897420096E-4
114.0	28.326677369821184	21.354727987389314	21.70541461126279	28.613180031526714	0.0
115.0	28.085419142722756	21.623555627454042	21.587612877767064	28.703412352056134	0.0
116.0	28.306485094540513	21.37809065060349	21.740056177818964	28.575004610745776	3.634662912567949E-4
117.0	28.08442299233416	21.337687264926505	21.93554722874959	28.64233075296437	1.176102537323614E-5
118.0	28.108491967364017	21.366353940950454	21.873303257109242	28.651673860089634	1.769744866501066E-4
119.0	28.21638806021379	21.260874942817967	22.10394377016166	28.41872221160282	7.101520376333236E-5
120.0	27.9040910196296	21.315662356463786	22.266340424965993	28.513431228008844	4.7497093177897506E-4
121.0	27.92464285705776	21.399744418781477	22.345973952447025	28.32963877171374	0.0
122.0	27.990147118918195	21.246999433541834	22.3997860418873	28.360903435022415	0.0021639706302558482
123.0	27.83943365376632	21.250833236152445	22.559139970716156	28.348745502684352	0.0018476366807231026
124.0	27.842618006755142	21.26786133119624	22.63619257511885	28.253328086929763	0.0
125.0	27.80231049058324	21.238336053365224	22.823691548262612	28.134659038252945	0.0010028695359770988
126.0	27.528882249662917	21.211114452280025	23.031811700342416	28.22753683638727	6.547613273709635E-4
127.0	27.547403225005816	21.322058693276	22.970635355540004	28.157457254121777	0.0024454720564059686
128.0	27.575805970316907	21.128617287966232	23.17756523242508	28.11701031909641	0.001001190195368836
129.0	27.48948271563113	21.25477160324031	23.268576553638916	27.983689402706467	0.003479724783175776
130.0	27.462489271230666	21.22487500522605	23.33670259728442	27.97406404552687	0.001869080731991038
131.0	27.515177154840053	21.03534161803428	23.535894501866476	27.912500703445946	0.0010860218132417653
132.0	27.282257883717698	21.02207875710023	23.822522232283937	27.87197682494113	0.0011643019570057968
133.0	27.176133360899087	21.15482277834709	23.754167341617396	27.914118170809132	7.58348327288717E-4
134.0	27.242832646152827	21.04869959792391	24.033349031046782	27.674569679255036	5.490456214485171E-4
135.0	27.036203260490282	21.01156559494141	24.257815249571717	27.69401510333286	4.007916637337902E-4
136.0	26.97264796800492	21.04307852952672	24.253838060673534	27.729970294700856	4.6514709396838734E-4
137.0	26.996247135384007	20.896826380233247	24.470123326434617	27.63536469864404	0.0014384593040935776
138.0	26.78129662918559	20.807555754923268	24.766459888800433	27.643725223446484	9.625036442161002E-4
139.0	26.697021288062654	21.046808620980254	24.73242792313326	27.52140335106682	0.002338816757011938
140.0	26.90803521851319	20.784220260648027	25.021651771132742	27.284867899954275	0.0012248497517637837
141.0	26.62545511641849	20.758841351625804	25.098489824820604	27.51536948428485	0.0018442228502540993
142.0	26.559637615446697	20.8235362781792	25.312462316958438	27.302936815389927	0.00142697402573027
143.0	26.659333721532892	20.594218923902563	25.430800847431378	27.313581615860016	0.0020648912731500123
144.0	26.33762072292141	20.57555724101725	25.766445279228805	27.31843332218234	0.0019434346501960148
145.0	26.327328531989707	20.623885904091757	25.796724909233376	27.25021358382736	0.0018470708578005185
146.0	26.32187413272386	20.445638723369523	26.03112888743776	27.20009142110848	0.0012668353603787444
147.0	26.060040505388915	20.53170010905297	26.32017563875194	27.08643142907649	0.0016523177296839666
148.0	26.029783299945585	20.533667399576956	26.297785318357604	27.136814589151605	0.0019493929682497888
149.0	26.0482748062859	20.410726076529137	26.62082330833507	26.9195384931387	6.373157111998544E-4
150.0	25.786224964160294	20.37702554304821	26.642956620960323	27.19202878455857	0.0017640872726048073
