#Insert size (bp)	insert size
140.0	1.0
141.0	1.0
142.0	1.0
143.0	2.0
144.0	1.0
145.0	2.0
146.0	7.0
147.0	5.0
148.0	3.0
149.0	7.0
150.0	29.0
151.0	9425.0
152.0	18318.0
153.0	18368.0
154.0	18203.0
155.0	18462.0
156.0	18349.0
157.0	18406.0
158.0	18497.0
159.0	18299.0
160.0	17852.0
161.0	18095.0
162.0	18134.0
163.0	18085.0
164.0	18167.0
165.0	17704.0
166.0	18053.0
167.0	18017.0
168.0	17976.0
169.0	17942.0
170.0	17815.0
171.0	17963.0
172.0	17656.0
173.0	17534.0
174.0	17467.0
175.0	17669.0
176.0	17563.0
177.0	17422.0
178.0	17179.0
179.0	17504.0
180.0	17057.0
181.0	17201.0
182.0	16778.0
183.0	16704.0
184.0	16904.0
185.0	16680.0
186.0	16947.0
187.0	16371.0
188.0	16783.0
189.0	16526.0
190.0	16589.0
191.0	16077.0
192.0	16081.0
193.0	16036.0
194.0	15899.0
195.0	16005.0
196.0	15850.0
197.0	15896.0
198.0	15841.0
199.0	15578.0
200.0	15333.0
201.0	15366.0
202.0	15460.0
203.0	15146.0
204.0	14558.0
205.0	14180.0
206.0	14335.0
207.0	14509.0
208.0	14397.0
209.0	14405.0
210.0	13988.0
211.0	14083.0
212.0	14046.0
213.0	13585.0
214.0	13391.0
215.0	13362.0
216.0	13173.0
217.0	12836.0
218.0	13132.0
219.0	12921.0
220.0	12822.0
221.0	12599.0
222.0	12719.0
223.0	12135.0
224.0	12080.0
225.0	11851.0
226.0	11622.0
227.0	11633.0
228.0	11551.0
229.0	11487.0
230.0	11357.0
231.0	11277.0
232.0	11310.0
233.0	10836.0
234.0	10551.0
235.0	10398.0
236.0	10236.0
237.0	10271.0
238.0	10193.0
239.0	10050.0
240.0	10035.0
241.0	9903.0
242.0	9714.0
243.0	9379.0
244.0	9480.0
245.0	9500.0
246.0	9125.0
247.0	9028.0
248.0	8920.0
249.0	8813.0
250.0	8703.0
251.0	8539.0
252.0	8476.0
253.0	8407.0
254.0	8248.0
255.0	8041.0
256.0	7825.0
257.0	7731.0
258.0	7509.0
259.0	7533.0
260.0	7309.0
261.0	7320.0
262.0	7384.0
263.0	7134.0
264.0	6958.0
265.0	6802.0
266.0	6512.0
267.0	6242.0
268.0	6188.0
269.0	6234.0
270.0	6077.0
271.0	6146.0
272.0	5831.0
273.0	5639.0
274.0	5696.0
275.0	5738.0
276.0	5713.0
277.0	5521.0
278.0	5504.0
279.0	5478.0
280.0	5500.0
281.0	5498.0
282.0	5221.0
283.0	5247.0
284.0	5346.0
285.0	5426.0
286.0	5269.0
287.0	5224.0
288.0	5272.0
289.0	5206.0
290.0	5280.0
291.0	5163.0
292.0	5117.0
293.0	5094.0
294.0	5066.0
295.0	4984.0
296.0	4990.0
297.0	4995.0
298.0	4949.0
299.0	4790.0
300.0	4818.0
301.0	4840.0
302.0	4913.0
303.0	4892.0
304.0	4809.0
305.0	4752.0
306.0	4733.0
307.0	4814.0
308.0	4802.0
309.0	4608.0
310.0	4672.0
311.0	4629.0
312.0	4486.0
313.0	4620.0
314.0	4571.0
315.0	4606.0
316.0	4279.0
317.0	4511.0
318.0	4335.0
319.0	4436.0
320.0	4400.0
321.0	4285.0
322.0	4310.0
323.0	4209.0
324.0	4205.0
325.0	4091.0
326.0	4210.0
327.0	4343.0
328.0	4172.0
329.0	4135.0
330.0	4202.0
331.0	4079.0
332.0	3972.0
333.0	3928.0
334.0	4075.0
335.0	3941.0
336.0	4001.0
337.0	3983.0
338.0	3910.0
339.0	3741.0
340.0	3944.0
341.0	3803.0
342.0	3914.0
343.0	3758.0
344.0	3745.0
345.0	3758.0
346.0	3715.0
347.0	3662.0
348.0	3750.0
349.0	3780.0
350.0	3688.0
351.0	3663.0
352.0	3583.0
353.0	3585.0
354.0	3695.0
355.0	3676.0
356.0	3477.0
357.0	3469.0
358.0	3452.0
359.0	3538.0
360.0	3496.0
361.0	3360.0
362.0	3385.0
363.0	3358.0
364.0	3248.0
365.0	3246.0
366.0	3421.0
367.0	3267.0
368.0	3433.0
369.0	3303.0
370.0	3286.0
371.0	3237.0
372.0	3274.0
373.0	3150.0
374.0	3067.0
375.0	2971.0
376.0	3107.0
377.0	3044.0
378.0	3036.0
379.0	3114.0
380.0	3125.0
381.0	3010.0
382.0	3033.0
383.0	2959.0
384.0	3027.0
385.0	2961.0
386.0	2919.0
387.0	2911.0
388.0	2903.0
389.0	2910.0
390.0	2834.0
391.0	2887.0
392.0	2926.0
393.0	2717.0
394.0	2795.0
395.0	2824.0
396.0	2790.0
397.0	2852.0
398.0	2674.0
399.0	2713.0
400.0	2623.0
401.0	2788.0
402.0	2636.0
403.0	2698.0
404.0	2669.0
405.0	2773.0
406.0	2640.0
407.0	2527.0
408.0	2542.0
409.0	2551.0
410.0	2570.0
411.0	2620.0
412.0	2467.0
413.0	2561.0
414.0	2433.0
415.0	2465.0
416.0	2478.0
417.0	2523.0
418.0	2392.0
419.0	2388.0
420.0	2329.0
421.0	2302.0
422.0	2309.0
423.0	2373.0
424.0	2330.0
425.0	2335.0
426.0	2268.0
427.0	2251.0
428.0	2220.0
429.0	2250.0
430.0	2233.0
431.0	2254.0
432.0	2150.0
433.0	2170.0
434.0	2204.0
435.0	2256.0
436.0	2228.0
437.0	2200.0
438.0	2120.0
439.0	2190.0
440.0	2118.0
441.0	2126.0
442.0	2098.0
443.0	2072.0
444.0	2129.0
445.0	2111.0
446.0	1937.0
447.0	1994.0
448.0	1950.0
449.0	1998.0
450.0	2033.0
451.0	1999.0
452.0	1956.0
453.0	1872.0
454.0	1930.0
455.0	1941.0
456.0	1882.0
457.0	1971.0
458.0	1993.0
459.0	1841.0
460.0	1938.0
461.0	1843.0
462.0	1787.0
463.0	1853.0
464.0	1809.0
465.0	1824.0
466.0	1756.0
467.0	1846.0
468.0	1695.0
469.0	1785.0
470.0	1680.0
471.0	1671.0
472.0	1703.0
473.0	1699.0
474.0	1799.0
475.0	1716.0
476.0	1666.0
477.0	1684.0
478.0	1659.0
479.0	1711.0
480.0	1634.0
481.0	1643.0
482.0	1620.0
483.0	1576.0
484.0	1675.0
485.0	1652.0
486.0	1596.0
487.0	1588.0
488.0	1504.0
489.0	1566.0
490.0	1524.0
491.0	1554.0
492.0	1533.0
493.0	1555.0
494.0	1516.0
495.0	1482.0
496.0	1582.0
497.0	1547.0
498.0	1440.0
499.0	1491.0
500.0	1465.0
501.0	1428.0
502.0	1437.0
503.0	1445.0
504.0	1392.0
505.0	1415.0
506.0	1434.0
507.0	1312.0
508.0	1434.0
509.0	1433.0
510.0	1376.0
511.0	1374.0
512.0	1312.0
513.0	1317.0
514.0	1400.0
515.0	1303.0
516.0	1305.0
517.0	1357.0
518.0	1258.0
519.0	1269.0
520.0	1270.0
521.0	1267.0
522.0	1297.0
523.0	1241.0
524.0	1243.0
525.0	1254.0
526.0	1338.0
527.0	1269.0
528.0	1233.0
529.0	1269.0
530.0	1200.0
531.0	1245.0
532.0	1182.0
533.0	1270.0
534.0	1179.0
535.0	1169.0
536.0	1114.0
537.0	1114.0
538.0	1139.0
539.0	1179.0
540.0	1151.0
541.0	1179.0
542.0	1176.0
543.0	1086.0
544.0	1143.0
545.0	1086.0
546.0	1128.0
547.0	1073.0
548.0	1094.0
549.0	1077.0
550.0	1082.0
551.0	1125.0
552.0	1052.0
553.0	1058.0
554.0	1025.0
555.0	1096.0
556.0	1033.0
557.0	1063.0
558.0	1019.0
559.0	1011.0
560.0	1028.0
561.0	1022.0
562.0	1016.0
563.0	934.0
564.0	965.0
565.0	1001.0
566.0	957.0
567.0	944.0
568.0	955.0
569.0	938.0
570.0	932.0
571.0	966.0
572.0	937.0
573.0	936.0
574.0	919.0
575.0	914.0
576.0	901.0
577.0	881.0
578.0	832.0
579.0	843.0
580.0	875.0
581.0	971.0
582.0	808.0
583.0	854.0
584.0	910.0
585.0	846.0
586.0	844.0
587.0	786.0
588.0	827.0
589.0	786.0
590.0	789.0
591.0	813.0
592.0	792.0
593.0	841.0
594.0	791.0
595.0	782.0
596.0	804.0
597.0	762.0
598.0	805.0
599.0	811.0
600.0	734.0
601.0	815.0
602.0	773.0
603.0	787.0
604.0	726.0
605.0	726.0
606.0	760.0
607.0	741.0
608.0	764.0
609.0	749.0
610.0	701.0
611.0	667.0
612.0	729.0
613.0	698.0
614.0	664.0
615.0	694.0
616.0	696.0
617.0	684.0
618.0	653.0
619.0	716.0
620.0	677.0
621.0	686.0
622.0	657.0
623.0	712.0
624.0	664.0
625.0	639.0
626.0	635.0
627.0	660.0
628.0	616.0
629.0	627.0
630.0	623.0
631.0	648.0
632.0	600.0
633.0	619.0
634.0	580.0
635.0	622.0
636.0	636.0
637.0	641.0
638.0	579.0
639.0	566.0
640.0	570.0
641.0	592.0
642.0	577.0
643.0	586.0
644.0	551.0
645.0	584.0
646.0	525.0
647.0	568.0
648.0	538.0
649.0	500.0
650.0	531.0
651.0	494.0
652.0	505.0
653.0	519.0
654.0	472.0
655.0	537.0
656.0	513.0
657.0	488.0
658.0	463.0
659.0	502.0
660.0	476.0
