# Position (bp)	A	C	G	T	N
0.0	28.015627241391794	21.465710400607893	33.91154462572395	16.606774004461126	3.437278152339251E-4
1.0	23.312254171395235	18.452971820009022	12.182866857176714	46.04999293563222	0.0019142157868110533
2.0	33.526333546939355	19.04060703360106	13.107446849462098	34.325159695034	4.5287496348695605E-4
3.0	21.79091884600609	21.442298272945646	10.17060174912952	46.59615856017559	2.2571743157037483E-5
4.0	40.5683701310846	9.461687298749696	9.583402447041644	40.38638257762885	1.5754549520037648E-4
5.0	45.390972720786884	10.459463718785738	21.70533133802706	22.44423222240032	0.0
6.0	35.22284979145977	13.757809339896607	19.480940664022903	31.53840020462072	0.0
7.0	40.66640552219992	15.16786054974858	18.919559087436397	25.246174840615097	0.0
8.0	18.939581259343406	31.61040463845409	22.297978981586873	27.152035120615636	0.0
9.0	30.339104247557803	18.920472091278576	13.278368148967544	37.46205551219608	0.0
10.0	27.967972030362898	15.022179852954268	27.28367233804578	29.726175778637053	0.0
11.0	27.81443103925344	17.91384124186434	17.739004409246682	36.53272330963554	0.0
12.0	25.802386057001677	20.097001268501934	23.016125316849145	31.084487357647244	0.0
13.0	24.156116514450027	25.73474550133979	18.133848571102064	31.975289413108115	0.0
14.0	33.168013727537705	20.109922456760746	19.866973748549956	26.855090067151593	0.0
15.0	33.023344922013685	18.537040422113872	19.02920048651366	29.410414169358777	0.0
16.0	32.1614005223061	18.11601018827971	18.05578120412802	31.666786159918807	2.1925367365011544E-5
17.0	32.13917487424959	18.037011363268366	18.267550136056386	31.55580412431589	4.595021097711154E-4
18.0	31.92100709533322	17.958626424547774	18.857881078267035	31.262114169964804	3.712318871594821E-4
19.0	31.218701395155847	18.673761834329518	18.85394503802088	31.253569939653445	2.1792840311001267E-5
20.0	31.021933608689668	18.706780738512034	18.980665392032616	31.290620260765685	0.0
21.0	30.780816598427595	18.841341611304497	18.988918594330865	31.38814179111443	7.814048226135082E-4
22.0	30.922380206037275	18.952721474907147	18.8645095322839	31.25930563423455	0.0010831525371223453
23.0	31.229191345891692	18.80061290600861	18.915981413908522	31.054171092621495	4.324156967762761E-5
24.0	30.90174995975641	18.979353418159203	18.880222550308808	31.237897251740183	7.768200353970995E-4
25.0	30.997313811934102	19.03090914533649	18.88773766885049	31.08315639696316	8.829769157530188E-4
26.0	31.200945804336726	18.90705860225166	19.002799795792246	30.888851868769645	3.4392884971921433E-4
27.0	30.962106281262887	18.92772134348936	19.082112855131587	31.02805952011617	0.0
28.0	31.17465580571752	18.97433283816782	18.958079531562145	30.892910410446316	2.141410619983344E-5
29.0	30.714821296813245	18.60220105487162	18.789377071718103	30.350515252376624	1.54308532422041
30.0	30.914595507991272	19.006313220211695	19.146019086876652	30.931365332548182	0.0017068523722047625
31.0	30.994195265270307	19.169745096431434	18.867698690500404	30.967338649991856	0.0010222978059998232
32.0	31.02951725592465	19.144034871157263	18.947308443141957	30.877948823489643	0.0011906062864862359
33.0	30.850607528295466	18.927279761840335	19.156088430804637	31.065472472604398	5.518064551592524E-4
34.0	30.82523017105201	19.148223038800264	19.022395914548575	31.004087315846206	6.355975294747761E-5
35.0	30.96834490500849	18.90917750726913	19.114519399722347	31.007873589424502	8.459857552918524E-5
36.0	31.0854225115832	18.90035648580127	19.11461114584541	30.899356475877187	2.533808929269357E-4
37.0	31.014238251439846	19.058007066422686	19.05332703707764	30.873689802595518	7.378424643095059E-4
38.0	31.11833584826312	18.969025424540426	19.074540919195083	30.837171679582298	9.261284190714257E-4
39.0	30.9825634731401	18.992647298352395	19.132849878575865	30.891371898325282	5.674516063609224E-4
40.0	30.878111524753372	18.993273224040273	19.066054115152888	31.06111307334102	0.0014480627124481137
41.0	31.00853709958245	19.004037182991855	19.004372497193838	30.983053220231856	0.0
42.0	30.91233365402465	19.024850053963622	19.13491198289572	30.92719274692098	7.115621950354306E-4
43.0	30.8143960373277	19.267198227665556	19.012237049731954	30.905332678461328	8.360068134555297E-4
44.0	31.06270442443888	19.076831235949896	18.992504524211576	30.867709340018244	2.5047538140095054E-4
45.0	30.91416145911615	19.03533865981133	19.11096861586132	30.9395312652112	0.0
46.0	30.869165935728976	19.12865842728303	18.997724637641937	31.004450999346062	0.0
47.0	31.090078160674793	19.082865952404916	19.019672834736376	30.807050347385395	3.327047985181328E-4
48.0	30.87868121487646	18.9523228554403	19.16085467305472	31.00814125662852	0.0
49.0	30.872644186013222	19.211205457664697	18.94713561608793	30.968143359550137	8.713806840213887E-4
50.0	30.94844468153852	19.024063597583382	19.1083107482577	30.91893227254461	2.487000757913481E-4
51.0	30.744871755589916	19.145011042774087	19.1813441296083	30.928773072027703	0.0
52.0	30.857328164579478	19.177623796122113	19.05891121953802	30.906136819760395	0.0
53.0	30.947513055875532	19.059067828566413	19.134463895532335	30.858955220025724	0.0
54.0	30.83809546223359	19.030451819559545	19.096864602358366	31.0345881158485	0.0
55.0	30.826128282495745	19.157411280720993	19.091322008222793	30.925138428560466	0.0
56.0	30.926272969173564	18.996595495435894	19.073778554898176	31.002796520517606	5.564599747614487E-4
57.0	30.875757481529774	19.12863908778703	19.080081193412187	30.915460458779435	6.177849157104558E-5
58.0	30.747056960729502	19.245051860579437	19.09823684112516	30.9096543375659	0.0
59.0	31.010789247187137	19.06929635290794	19.06703462864338	30.852221815111854	6.579561496899587E-4
60.0	30.79866408194672	19.13492012126405	19.207571709027928	30.858597532599212	2.465551620946094E-4
61.0	30.8382002797382	19.089668166105028	19.127058305620963	30.94507324853581	0.0
62.0	31.032238907288136	19.085499602202873	19.023629169764465	30.85842711201339	2.05208731139009E-4
63.0	30.723340805749316	19.164224287334562	19.130260003158515	30.98137502025346	7.998835041460629E-4
64.0	30.760775422473642	19.13220578030653	19.065889180554375	31.040740121952844	3.894947126092763E-4
65.0	30.981553169486727	19.113857938361946	19.098756899709638	30.804479660622086	0.00135233181960959
66.0	30.830949126846885	19.07849233083945	19.145753272365646	30.944805269948024	0.0
67.0	30.91356287802729	19.237074803749277	18.912419685835065	30.936656015434732	2.866169536384794E-4
68.0	30.978043095209344	19.11474524137451	19.21477819003395	30.69243347338219	0.0
69.0	30.793518170534384	19.114203710724002	19.21426629331246	30.87766403072377	3.4779470537799046E-4
70.0	30.825332422235398	19.226545755980514	19.053188989350094	30.894585137172935	3.4769526105676043E-4
71.0	30.968296409472877	19.116481515713158	19.12106189565567	30.794160179158293	0.0
72.0	30.870194111339295	19.169131093899022	19.183708100051827	30.776966694709856	0.0
73.0	30.74001056468745	19.203159266751815	19.077662718264644	30.979167450296092	0.0
74.0	31.073011063236216	19.041713570048664	19.061623020885097	30.82365234583002	0.0
75.0	30.828379869997136	19.065982584522303	19.12491312701852	30.979661501982747	0.0010629164792935694
76.0	30.863845247230202	19.153529199904664	18.914252402068417	31.06794389974985	4.292510468615412E-4
77.0	30.919702758930427	19.111400394170882	18.98322637514675	30.985670471751938	0.0
78.0	30.70713030692226	19.119967549925317	19.06235394706336	31.110037074701	5.11121388058487E-4
79.0	30.61557823623049	19.426880723346088	19.033575600564756	30.923924545122738	4.089473592735459E-5
80.0	30.810745916021375	19.224667347457597	18.991326358123708	30.973260378397317	0.0
81.0	30.66188775280577	19.271829366589337	19.016763022335695	31.049519858269196	0.0
82.0	30.656254348698052	19.478770167726726	18.877954045005442	30.98702143856978	0.0
83.0	30.88238846645651	19.329212143942463	18.818328510766534	30.969988990053377	8.188878111415419E-5
84.0	30.589900297387413	19.315578840434856	18.962359601189547	31.131546824180955	6.144368072224999E-4
85.0	30.628853535381477	19.386995507149894	18.859090230125638	31.124650926631126	4.098007118648166E-4
86.0	30.812889164224792	19.26314481798379	18.89904679749131	31.02436572406942	5.53496230690669E-4
87.0	30.594377877405577	19.39431093321312	18.910954994592576	31.10019211588565	1.640789030833092E-4
88.0	30.566934669510243	19.579837261171136	18.78959789723687	31.06346600913936	1.6416294239091425E-4
89.0	30.63475288632769	19.5968042142879	18.854856457183548	30.91292939700293	6.570451979338392E-4
90.0	30.599838467334013	19.486382829131024	19.042794650725163	30.870306034751096	6.780180587028035E-4
91.0	30.511728819358275	19.63136674512129	18.968433030062716	30.888430283088447	4.112236927353017E-5
92.0	30.72428937830311	19.643683494152782	18.974486651762703	30.65500961418764	0.0025308615937637926
93.0	30.523086338931048	19.60816455301282	18.965779627415095	30.902310497579577	6.589830614582018E-4
94.0	30.433435811488284	19.828070001160324	18.903520152445616	30.834520622140023	4.534127657539811E-4
95.0	30.680427486408217	19.666903673230447	18.942393791046843	30.7095737244086	7.01324905883229E-4
96.0	30.50860754282817	19.672788058547848	19.039591166747492	30.77899258706896	2.0644807531556104E-5
97.0	30.531605039085814	19.81677028387423	18.970565384634458	30.68074934994735	3.0994245814950304E-4
98.0	30.505887226586925	19.652691789608923	19.04561388124288	30.79485573187396	9.51370687317753E-4
99.0	30.523655604328763	19.656778584653146	19.09846876783665	30.721034935147827	6.210803361203969E-5
100.0	30.437317397546256	19.83794508263263	19.060457849908115	30.664155318380338	1.2435153266372796E-4
101.0	30.515812221877347	19.740172653893843	19.05838314159711	30.685590487271714	4.1495359988846046E-5
102.0	30.38671887331994	19.67085466378882	19.233175317651398	30.70923037556556	2.0769674281660045E-5
103.0	30.291432283457365	19.903677962253038	19.168484756739133	30.635510854891873	8.941426585897165E-4
104.0	30.471793842575494	19.761486096265816	19.14481926998473	30.62190079117396	0.0
105.0	30.237058367501024	19.802933936299567	19.280813929370485	30.678839391449923	3.5437537899925644E-4
106.0	30.262000302649223	19.828324836543327	19.26831940972965	30.640103109459876	0.0012523416179210085
107.0	30.33155605045276	19.783954797159023	19.407473449433542	30.474821268541923	0.0021944344127442722
108.0	30.189317742903565	19.713095575930932	19.50201702859334	30.59429305219663	0.001276600375529789
109.0	30.18130920012792	19.827681234803755	19.39031438859384	30.59903959521667	0.0016555812578142386
110.0	30.18644205450787	19.79732524559435	19.51073991940942	30.50542982237628	6.295811207929028E-5
111.0	30.137614486089337	19.758943470457442	19.509039094451285	30.593562298506583	8.406504953533044E-4
112.0	30.113258697514457	19.820566735493266	19.52555950554296	30.54023619942455	3.788620247649477E-4
113.0	30.25143903196879	19.68247490310539	19.64476263192444	30.421196952494345	1.2648050703505662E-4
114.0	30.163228455651215	19.766778486646633	19.69619423569692	30.373798822005227	0.0
115.0	29.9459948964162	20.044403632316946	19.592225092324277	30.417376378942578	0.0
116.0	30.13462948925621	19.832130492388693	19.69783573371885	30.33515005887445	2.5422576179808795E-4
117.0	29.93242394351132	19.8121019757115	19.85142690274922	30.404047178027955	0.0
118.0	29.954894622306245	19.820365112044854	19.806567322582538	30.4180666426853	1.0630038106560604E-4
119.0	30.006629753302043	19.746953412193253	19.829841301212074	30.41649034532858	8.518796404812353E-5
120.0	29.925872351955384	19.795015558378857	19.963602887447372	30.31516784594591	3.4135627247484365E-4
121.0	29.865547817035598	19.922690796314722	19.997520633777306	30.214240752872378	0.0
122.0	29.963546413227444	19.751767005392665	20.01694629262911	30.26517072201399	0.002569566736787288
123.0	29.86331969991607	19.701761130858493	20.164206015065986	30.26876082363461	0.001952330524837935
124.0	29.782166844927144	19.80973990019706	20.147696828797724	30.260396426078074	0.0
125.0	29.875095645005366	19.7585944830518	20.26963438788166	30.095684846234704	9.906378264716948E-4
126.0	29.72104398020582	19.724008705157456	20.38647584828031	30.16754364122599	9.278251304241627E-4
127.0	29.747634792301447	19.888693310573032	20.309028151603318	30.05243862523289	0.002205120289311782
128.0	29.728046560432126	19.69703139987159	20.42319512907315	30.150947090969428	7.798196537080858E-4
129.0	29.487033396646467	19.858922626229607	20.47073976088603	30.179939959963182	0.003364256274717788
130.0	29.62897961456088	19.815931680854877	20.495765284729796	30.057888070594824	0.0014353492596207546
131.0	29.59795971425016	19.7189050048063	20.664518087530663	30.01778908461071	8.281088021645893E-4
132.0	29.511285378653763	19.73832499785453	20.758694166795323	29.99038524739263	0.0013102093037525922
133.0	29.358744051200702	19.848914173185275	20.786127673540836	30.005513921557903	7.00180515289098E-4
134.0	29.428918840938127	19.712707637772557	20.884669993957555	29.973133485402983	5.700419287763304E-4
135.0	29.352452202095762	19.726500022848786	21.014314764885984	29.90660119024603	1.3181992343898848E-4
136.0	29.335852173633548	19.818739484957188	20.970820522281432	29.874213559556367	3.742595714683876E-4
137.0	29.44528689311157	19.618352370418183	21.07559492636577	29.85953044749687	0.0012353626076033921
138.0	29.19193944392411	19.6267214759604	21.222346576677566	29.958395660999688	5.96842438238413E-4
139.0	29.18253028902418	19.83864904516998	21.175524045031533	29.801546610418235	0.0017500103560739427
140.0	29.276708518940968	19.671982300657064	21.402867396561806	29.647753594457544	6.88189382614205E-4
141.0	29.195053409790667	19.660466966373722	21.393126136804526	29.750107673853226	0.0012458131778558487
142.0	29.06491911696838	19.718279400164892	21.523572435337496	29.69224807964389	9.809678853409064E-4
143.0	29.10314199927696	19.624592062040087	21.63853088262961	29.63241678467802	0.0013182713753234793
144.0	28.90796247410084	19.617610621767923	21.709586339039134	29.763340138254257	0.0015004268378437209
145.0	28.938984052190868	19.658983369816426	21.76215569270883	29.63776691166304	0.002109973620840434
146.0	29.012972355611836	19.540029709470897	21.848791303342157	29.5968791105339	0.001327521041208503
147.0	28.84494253454425	19.60911668519615	21.971783450526285	29.572262269163573	0.0018950605697454481
148.0	28.77294554833455	19.689726751848145	21.945712362626484	29.589375505517566	0.0022398316732560705
149.0	28.855984463840358	19.512609466345303	22.108171058072955	29.522551843370444	6.831683709440293E-4
150.0	28.640381887638423	19.353033747959564	22.19403536473389	29.811220583307623	0.0013284163605010513
