#Position (bp)	insert size
15197.0	278.6700566613395
45590.0	299.12190414924413
75983.0	302.83405809706034
106376.0	304.3627890921643
136769.0	291.57497138496757
167162.0	299.22289602129865
197555.0	293.9324887748557
221485.0	292.007786429366
236681.5	297.47287472035794
258341.0	294.97775573816944
288734.0	295.75907335907334
319127.0	295.39079333986285
349520.0	294.74935533780297
379913.0	293.6090254814238
410306.0	295.15683345780434
440699.0	295.4668892598776
471092.0	287.3223450865846
501485.0	290.7075546719682
531878.0	292.0812059859155
562271.0	288.58822143698467
592664.0	293.2834402470896
623057.0	296.4484746576988
653450.0	293.8729843163243
683843.0	299.4356874031437
714236.0	297.1004005340454
744629.0	295.61108829568786
775022.0	288.84401613626176
805415.0	292.6344854986095
835808.0	292.4150110375276
866201.0	292.7026228297008
896594.0	300.3234798877456
926987.0	298.9717494894486
957380.0	288.90953015661444
987773.0	293.7327627199239
1018166.0	294.1049464259504
1038382.5	290.49913494809687
1053579.0	280.84827847143396
1078952.0	292.78143867517684
1109345.0	306.2847739476875
1139738.0	292.20588235294116
1170131.0	278.32365227770043
1200524.0	287.6068270614847
1230917.0	287.8657355679702
1261310.0	300.14247928055016
1291703.0	301.23346240722816
1322096.0	295.0988079850639
1348657.5	274.040029379361
1363854.0	283.9961352657005
1382882.0	294.1034735453613
1413275.0	297.4216946917244
1443668.0	291.3247949104303
1474061.0	297.4372940156114
1504454.0	295.19344985576106
1534847.0	290.88177063877475
1565240.0	297.93914691943127
1595633.0	295.42019674764106
1626026.0	291.3775174681463
1656419.0	294.86256742179074
1686812.0	284.0457317073171
1717205.0	295.99791763072653
1747598.0	294.6320665083135
1777991.0	291.47964004499437
1808384.0	277.7096419942895
1838777.0	291.1377366997295
1869170.0	284.38099315068496
1899563.0	303.3194201886133
1929956.0	286.40822249093105
1960349.0	289.78352402746
1990742.0	289.7202130019969
2021135.0	288.948353909465
2051528.0	296.2873322147651
2081921.0	288.86053412462905
2112314.0	299.9137032842582
2142707.0	292.73016252390056
2173100.0	290.8490479467768
2203493.0	289.68187392690703
2233886.0	290.38696197241956
2264279.0	291.36138861138863
2294672.0	296.3509762408845
2325065.0	285.4599651871192
2355458.0	287.7255694342395
2385851.0	288.4868363317244
2416244.0	296.6841984382177
2446637.0	290.2016541945648
2477030.0	289.2744492485073
2507423.0	295.64437158469946
2537816.0	288.27834420880913
2568209.0	288.3432253026162
2598602.0	292.6732012063766
2628995.0	296.04576128215945
2659388.0	299.2402460119162
2689781.0	289.4858951175407
2720174.0	285.75027624309394
2750567.0	296.2386889918062
2780960.0	299.43952641165754
2811353.0	294.9633027522936
2841746.0	289.64505234718
2872139.0	283.9098918702443
2889645.5	324.57108863771566
2904842.0	301.94466019417473
2932925.0	292.4834054834055
2963318.0	297.15474060822896
2993711.0	292.74571067364997
3024104.0	295.55845697329374
3054497.0	293.8357467935457
3084890.0	293.5309786898185
3115283.0	288.4761336515513
3145676.0	295.9684693673917
3176069.0	292.4142072053735
3206462.0	289.09076923076924
3236855.0	290.1663868368032
3267248.0	302.82153589315527
3297641.0	303.2446896551724
3322340.5	285.62343185200933
3337537.0	0.0
3358427.0	221.28571428571428
3388820.0	222.625
3410819.5	199.4
3426016.0	285.85045577728505
3449606.0	294.4208346118441
3479999.0	293.58843537414964
3510392.0	296.5993446015868
3540785.0	284.5948482428115
3571178.0	287.1891267842149
3601571.0	296.1553500105108
3631964.0	296.47256830601094
3662357.0	292.2119974199097
3692750.0	292.2305048335123
3723143.0	288.2420827666602
3753536.0	303.0692784417884
3783929.0	289.67219035479076
3814322.0	291.8682052260156
3844715.0	286.55765238724285
3875108.0	293.27054420707935
3905501.0	292.7033572740939
3935894.0	298.0688814385858
3966287.0	294.06817496229263
3987990.0	295.33285052143685
4003186.5	291.26702804619373
4027073.0	299.5739102969046
4057466.0	300.4108488196886
4087859.0	293.82550109482906
4118252.0	291.2708726860597
4148645.0	289.3707495429616
4179038.0	294.3451282911286
4209431.0	303.4699947817012
4239824.0	293.7063876307981
4259839.0	278.9442195231669
4275035.5	278.2388888888889
4300610.0	295.6933689363596
4331003.0	295.4488705738706
4361396.0	293.72172567892744
4391789.0	295.41754385964913
4422182.0	287.50269127258747
4452575.0	293.61683514774495
4482968.0	298.50464262578276
4513361.0	297.21076324943726
4543754.0	294.38117599020006
4574147.0	290.4076986754967
4604540.0	284.9619876831599
4634933.0	292.8946657663741
4665326.0	294.14810072556554
4695719.0	288.9504249291785
4726112.0	299.11223175965665
4756505.0	298.9924294562973
4786898.0	299.1447638603696
4817291.0	290.35989672977627
4847684.0	283.8234219606251
4878077.0	296.89449053392894
4908470.0	292.42676150255613
4938863.0	292.46290170132323
4969256.0	294.860853432282
4999649.0	285.8173241852487
5030042.0	287.3621307072516
5060435.0	291.8233995584989
5090828.0	286.73944661227387
5121221.0	291.65475270479135
5151614.0	288.0815249266862
5182007.0	285.31218033718505
5212400.0	289.08058941240677
5242793.0	296.45324427480915
5273186.0	294.67348943834946
5303579.0	291.7609501347709
5333972.0	292.3826906093612
5352383.0	310.9126582278481
5367579.5	289.7518809563618
5394758.0	302.6981429021089
5425151.0	292.51024272680326
5455544.0	283.9718937446444
5485937.0	293.71931227509
5516330.0	294.6041707269538
5546723.0	300.10014821088294
5577116.0	276.0051388888889
5607509.0	292.6809775429326
5637902.0	294.9805561835858
5668295.0	293.2639604368432
5698688.0	298.2528460155782
5729081.0	283.36208920187795
5759474.0	286.65661439485325
5789867.0	294.07149161518095
5820260.0	288.89769033361847
5850653.0	296.7996701154596
5881046.0	299.37042313719905
5907241.5	291.7382225192115
5922438.0	303.5068191816982
5941832.0	302.2239590351705
5972225.0	287.6594370096908
6002618.0	292.8956793165763
6033011.0	300.1351112681031
6063404.0	290.91566030385667
6093797.0	305.0373904576436
6124190.0	285.1385518590998
6154583.0	292.10251532445574
6184976.0	290.3741794310722
6215369.0	306.5193886861314
6245762.0	300.1168594035301
6276155.0	295.82568402471315
6306548.0	293.26288780032655
6336941.0	285.5304659498208
6367334.0	292.92921236291124
6397727.0	294.20539754363284
6428120.0	295.0206038351693
6458513.0	288.75297009422366
6488906.0	302.7353804028946
6519299.0	290.15666860803725
6549692.0	293.6001597444089
6580085.0	293.34915846300413
6610478.0	299.5986861749776
6640871.0	296.8341211860765
6660029.5	284.64359861591697
6675226.0	280.62142060245446
6701657.0	295.4760911663936
6732050.0	300.4482203253342
6762443.0	296.6658064516129
6792836.0	291.6016823354775
6823229.0	292.66376338232624
6853622.0	289.7855387136419
6884015.0	288.1676608436302
6914408.0	298.3541941150637
6944801.0	293.3261754068716
6975194.0	290.63461538461536
7005587.0	296.32770129328327
7035980.0	294.093047679059
7066373.0	286.1484204251937
7096766.0	292.5823090430202
7127159.0	294.1983537442281
7157552.0	288.89123407491917
7187945.0	297.8628582419696
7218338.0	299.85533420219696
7248731.0	289.82948717948716
7279124.0	295.45700919503145
7309517.0	289.656561461794
7327760.5	275.3630421865716
7342957.0	301.3368294875637
7370303.0	296.5657981530343
7400696.0	299.3726729291204
7431089.0	300.79338505512453
7461482.0	285.3346169436563
7491875.0	288.77467729688686
7522268.0	293.8550185873606
7552661.0	283.51081030268847
7583054.0	292.6592481765476
7613447.0	293.68201078582433
7643840.0	300.4502082544491
7674233.0	298.2189866045428
7704626.0	291.30990348300463
7735019.0	297.2674709765536
7765412.0	289.95542231491135
7795805.0	305.14952785696875
7826198.0	292.1578369905956
7856591.0	297.4702046323364
7886984.0	299.8940628637951
7917377.0	289.40110203306097
7947770.0	294.82507462686567
7978163.0	299.4561403508772
8008556.0	282.19350282485874
8038949.0	293.0326923076923
8069342.0	288.8892582588822
8099735.0	295.54476670870116
8130128.0	291.1725663716814
8160521.0	290.9059811962392
8190914.0	289.7531380753138
8221307.0	310.55313351498637
8251700.0	297.6181886508831
8282093.0	297.8432500449398
8312486.0	288.88961583626906
8342879.0	292.3331530557058
8373272.0	283.8252909231963
8398726.5	301.44701986754967
8413923.0	291.3343774471417
8434058.0	301.54453229897064
8464451.0	288.79747054747054
8494844.0	298.297565374211
8525237.0	296.8934702120498
8555630.0	298.37715634646815
8586023.0	287.11163547599676
8616416.0	295.90953150242325
8646809.0	294.7602085143354
8677202.0	290.47658227848103
8707595.0	291.05130492973456
8737988.0	298.4465383039738
8768381.0	287.1588246591127
8798774.0	295.7581711694691
8829167.0	289.2215554488718
8859560.0	295.0603217158177
8889953.0	290.95312855517636
8920346.0	286.79596100278553
8950739.0	287.3003484320557
8981132.0	293.1573503521127
9011525.0	298.4674568517363
9041918.0	294.1105758703744
9072311.0	294.5598265326237
9102704.0	294.3806174286831
9133097.0	292.7250784929356
9163490.0	291.3453823237339
9193883.0	289.8145952954251
9224276.0	293.83197139938716
9254669.0	286.90199004975125
9285062.0	298.72681524083396
9315455.0	298.90680218921034
9332033.5	267.61869618696187
9347230.0	296.69041433064405
9376241.0	293.77682993946064
9406634.0	298.7620756692089
9437027.0	297.15615878575596
9467420.0	299.64162864162864
9497813.0	290.77830457045326
9528206.0	302.78121837684677
9558599.0	293.8588090853284
9588992.0	301.46945677446627
9619385.0	294.22084048027443
9649778.0	294.5017316017316
9680171.0	295.3908458131196
9710564.0	296.1973053208495
9740957.0	289.7444152431012
9771350.0	305.43224149004493
9801743.0	291.3008111762055
9832136.0	298.5482541747994
9862529.0	293.06301792252845
9892922.0	288.9693117850009
9923315.0	298.29718640093785
9953708.0	288.39964719717756
9984101.0	300.65888104291145
1.0014494E7	294.8811083123426
1.0044887E7	296.708398376522
1.007528E7	290.9817607353152
1.01041125E7	287.67897202896495
1.0119309E7	268.64279155188245
1.0136066E7	288.99204876755897
1.0166459E7	291.68390375130775
1.0196852E7	292.7787824963669
1.0227245E7	292.0627406931964
1.0257638E7	289.9859265050821
1.0288031E7	295.4627172491123
1.0318424E7	297.7007590132827
1.0348817E7	292.461716937355
1.037921E7	298.44041124632815
1.0409603E7	291.3342110593478
1.0439996E7	288.8954913775192
1.0470389E7	287.35504668741663
1.0500782E7	295.16565927915826
1.0531175E7	287.85714285714283
1.0561568E7	291.59854180906814
1.0591961E7	293.22539325842695
1.0622354E7	290.5213619605292
1.0652747E7	291.11290322580646
1.068314E7	297.96646531972505
1.0713533E7	290.8213511916486
1.0743926E7	293.7912661930631
1.0774319E7	291.63419761737913
1.0804712E7	294.87823960880195
1.0835105E7	287.7616217363617
1.0865498E7	290.7672432669148
1.0895891E7	290.11258426966293
1.0926284E7	286.39034648507914
1.0956677E7	292.124394184168
1.098707E7	296.92057829515585
1.1017463E7	289.4044180118946
1.1047856E7	301.31927921623515
1.1078249E7	294.49267461669507
1.1108642E7	286.30382006426277
1.1139035E7	291.0468268638324
1.1169428E7	296.9977248596997
1.1196832E7	296.1853253748726
1.12120285E7	318.536783042394
1.1230214E7	288.979133458919
1.1260607E7	290.8778735632184
1.1291E7	296.3493835388204
1.1321393E7	300.4525081882434
1.1351786E7	294.4224769780117
1.1382179E7	292.5364213672021
1.1412572E7	288.0187697454005
1.1442965E7	287.53128555176335
1.1473358E7	294.02614515791674
1.1503751E7	295.60187353629976
1.1534144E7	290.41988950276243
1.1564537E7	299.7029578351164
1.159493E7	296.31402238314683
1.1625323E7	288.5547597042514
1.1655716E7	281.4074388947928
1.1686109E7	300.5777145359019
1.1716502E7	291.446059504883
1.1746895E7	293.32673041894355
1.1777288E7	282.9869816779171
1.1807681E7	289.54063926940637
1.1838074E7	291.59664607237426
1.1868467E7	292.689852520361
1.189886E7	295.5609436435125
1.1929253E7	295.33691275167786
1.1959646E7	296.0091081593928
1.1990039E7	280.0443449959316
1.2020432E7	289.8091198303287
1.2050825E7	287.7461070740027
1.2081218E7	289.33909076095813
1.2111611E7	298.743237315397
1.21419565E7	292.9451381006432
