# Position (bp)	A	C	G	T	N
0.0	27.2377147037106	22.101318758669233	34.14697039751384	16.51369710185933	2.9903824699179025E-4
1.0	22.93216849628322	19.11002975435486	12.379606590465968	45.576478033153805	0.0017171257421417457
2.0	32.73751668612195	19.996480062147622	13.336261302336021	33.92942319693688	3.1875245752452743E-4
3.0	21.50912633867315	22.292892792351406	10.47547725916603	45.72241275413751	9.085567190381474E-5
4.0	40.29717783714254	9.723739327260482	10.040125602699877	39.93882125999741	1.3597289969460486E-4
5.0	44.804574837714	10.614711020202654	22.715470726091723	21.86524341599162	0.0
6.0	34.80730472276275	14.002013183688785	20.236199101970147	30.95448299157832	0.0
7.0	40.307126907709105	15.405575133747579	19.468043717098457	24.819254241444867	0.0
8.0	18.34265117211683	32.24309781176503	22.817891780745775	26.596359235372365	0.0
9.0	30.32001182749119	19.339745583115086	13.479722503329853	36.86052008606387	0.0
10.0	27.417745708454678	15.399265091722198	28.150365670598752	29.03262352922437	0.0
11.0	27.389200655108553	18.516762907110294	18.204688044985733	35.8893259913266	2.2401468819507556E-5
12.0	25.23623728389699	20.672923678664954	23.579215458468653	30.511623578969406	0.0
13.0	23.56381118217299	26.482847839769924	18.556219319291998	31.39712165876508	0.0
14.0	32.66148844937856	20.63820319949147	20.389492642507847	26.31081570862212	0.0
15.0	32.33214528555574	19.10877931153214	19.575750462305226	28.98332494060689	0.0
16.0	31.49727669414621	18.70506701015911	18.54808023116353	31.249576064531155	0.0
17.0	31.596097353850638	18.53807998052852	18.785448621317897	31.080196384806914	1.776594960333076E-4
18.0	31.303418353260515	18.576929857728466	19.382525361278326	30.736993370419363	1.3305731332890547E-4
19.0	30.75158932684559	19.23331851799687	19.31335233859754	30.70169552556908	4.4290990924554506E-5
20.0	30.48658152264057	19.328268922430475	19.454326311715597	30.730823243213358	0.0
21.0	30.25194308228253	19.438818003462664	19.55256156011104	30.75625771772118	4.1963642258624576E-4
22.0	30.40838581859136	19.52714080077571	19.338705600383264	30.725039890560684	7.278896889793531E-4
23.0	30.637573077805076	19.415681556890156	19.447314920043148	30.49940841645719	2.202880442408885E-5
24.0	30.350747736462004	19.54842323463397	19.415407238833453	30.684981776852577	4.4001321799706864E-4
25.0	30.478436666565596	19.61375883888154	19.356705641020234	30.550549547613613	5.49305919012972E-4
26.0	30.66667076283265	19.450432039449588	19.47663287256586	30.406088775181274	1.7554997062829553E-4
27.0	30.466045179588846	19.50040258301823	19.548331219973377	30.48522101741955	0.0
28.0	30.640971287604817	19.500081311258402	19.473729021859487	30.385196491993742	2.1887283553917026E-5
29.0	30.217121476891222	19.161925614187265	19.302637924076997	29.7916618392675	1.5266531455770167
30.0	30.406923405093345	19.52203125907444	19.628599262822767	30.44093958002469	0.0015064929847643342
31.0	30.459903091295644	19.726519353281926	19.33330614649967	30.47950814220226	7.632667205024127E-4
32.0	30.582916251981395	19.671601938733968	19.428813650513383	30.31518694545715	0.0014812133141036993
33.0	30.34364004707571	19.52403839772881	19.57473464431361	30.557260540195706	3.2637068616825804E-4
34.0	30.359661165543763	19.67501379500546	19.504192616743563	30.461023757835555	1.0866487166787322E-4
35.0	30.5073597028158	19.46374594154787	19.611625994586703	30.417268361049626	0.0
36.0	30.495266104990787	19.476206265495836	19.602547557434217	30.42587164323266	1.0842884649706515E-4
37.0	30.460638428318827	19.64218013482967	19.531735753259714	30.364904077169818	5.416064219789952E-4
38.0	30.588405894339516	19.5165749892054	19.579751816144395	30.314661287582258	6.060127284316282E-4
39.0	30.439949506547155	19.53153008222268	19.628356770235328	30.39979605419354	3.675868012985761E-4
40.0	30.421957362494833	19.51687546458644	19.54253910627016	30.517828778144946	7.992885036174286E-4
41.0	30.572474723766298	19.4738744805274	19.523838814841675	30.429811980864628	0.0
42.0	30.37714569136548	19.56027344086949	19.60530061243854	30.456503924782197	7.763305442939705E-4
43.0	30.34200741571988	19.74469893246041	19.483739543093744	30.42888614232597	6.679663999972419E-4
44.0	30.51409811386403	19.566620633942524	19.554541888271817	30.36454558725311	1.9377666851400427E-4
45.0	30.36651444984106	19.550320300776143	19.642575530204013	30.440589719178785	0.0
46.0	30.346603087652614	19.717248244088378	19.485534556039756	30.450614112219256	0.0
47.0	30.57750783385903	19.56864256506303	19.508403594229947	30.34531710748102	1.288993669752088E-4
48.0	30.33498417038407	19.520566693165648	19.65704037383956	30.48740876261072	0.0
49.0	30.340455721577044	19.762573233152647	19.465789774593457	30.430537674915918	6.435957609350674E-4
50.0	30.53221955096253	19.54639609335774	19.554199773350263	30.367120266285575	6.431604389441364E-5
51.0	30.326670293170483	19.592761761195366	19.615172097888177	30.465395847745974	0.0
52.0	30.43546128113676	19.67364439066661	19.455839878139102	30.435054450057525	0.0
53.0	30.456286408733092	19.57865912716195	19.597447970098777	30.36760649400619	0.0
54.0	30.296817520746	19.557960475660877	19.609034134656515	30.536187868936608	0.0
55.0	30.332129824988936	19.75919144760891	19.545574060654257	30.363104666747898	0.0
56.0	30.437699589038345	19.546638827650366	19.56984275599424	30.445476964652684	3.4186266436650074E-4
57.0	30.326333132941162	19.68531666412172	19.625220369098887	30.363001696748626	1.281370896009277E-4
58.0	30.28918709728099	19.71134655277009	19.6009663762045	30.39849997374442	0.0
59.0	30.48281559857245	19.5861891498248	19.585378333362495	30.345190172733776	4.267455064765032E-4
60.0	30.29803683357833	19.656810594665984	19.71646659050947	30.328579338422045	1.0664282417498978E-4
61.0	30.354045244515852	19.613504445820347	19.619154466885334	30.413295842778464	0.0
62.0	30.531248541383782	19.585430099700616	19.510322686935723	30.37267897527402	3.1969670586645584E-4
63.0	30.24769941052155	19.658372236666636	19.61083811959209	30.482621496968875	4.6873625084718756E-4
64.0	30.31717665702492	19.65340819534555	19.497535602765577	30.53170914574663	1.703991173325722E-4
65.0	30.45823405386677	19.583536257759132	19.57342109180333	30.384254924328975	5.536722417912234E-4
66.0	30.35115488645932	19.573236481617297	19.6313347377116	30.444273894211783	0.0
67.0	30.378307275287263	19.784447757794798	19.420901564759856	30.416258262534413	8.513962366157852E-5
68.0	30.456312450269085	19.635163700492804	19.760253107071467	30.148270742166645	0.0
69.0	30.305371464463406	19.656190868708293	19.700490465905375	30.33767059440825	2.766065146791886E-4
70.0	30.34684675676561	19.714934404320257	19.569076401426074	30.36869567289343	4.467645946292088E-4
71.0	30.508701002681406	19.61705164654816	19.620263800829417	30.253983549941022	0.0
72.0	30.381365846602826	19.639011669212085	19.680043222455257	30.299579261729836	0.0
73.0	30.264553528036163	19.7674455701614	19.471828776643317	30.496172125159116	0.0
74.0	30.481690019826186	19.59164263008995	19.602468128583954	30.32419922149991	0.0
75.0	30.366821081753503	19.580805682214304	19.62451207817213	30.42713803500723	7.231228528302498E-4
76.0	30.375138298510397	19.67777776359877	19.44599350119295	30.50049491831402	5.95518383865195E-4
77.0	30.47756689414024	19.627024158565778	19.53967175318426	30.35573719410972	0.0
78.0	30.224943115986807	19.64463365249074	19.606154385455902	30.524077406927073	1.9143913947681384E-4
79.0	30.138668597665784	19.94574170447545	19.553876236798125	30.361670915545453	4.2545515192152564E-5
80.0	30.368085629649045	19.703141926650083	19.57751506884054	30.35125737486033	0.0
81.0	30.177398207847023	19.712363574620486	19.6205728642489	30.48966535328359	0.0
82.0	30.213489437255912	19.916125425390213	19.44163351543897	30.428751621914902	0.0
83.0	30.472715972389246	19.742069784618266	19.38567569926163	30.39941083443128	1.2770929957834644E-4
84.0	30.21461202865411	19.736348817301636	19.54181016322896	30.50652645463841	7.02536176887539E-4
85.0	30.268242312889882	19.7955569638529	19.36772276190391	30.5679455908865	5.323704668122381E-4
86.0	30.417896466164883	19.672340304983884	19.439341357834966	30.46988937502223	5.324959940326369E-4
87.0	30.126080167444997	19.806540862761874	19.546420754554976	30.520745159207184	2.1305603096641575E-4
88.0	30.178696831325492	20.028047591391775	19.366243785998584	30.426777350930568	2.3444035357867872E-4
89.0	30.241000485250186	19.990047680734374	19.43625270874499	30.331974234835506	7.248904349427891E-4
90.0	30.146721173888828	19.8771987860647	19.634309348747898	30.341045520867528	7.251704310477028E-4
91.0	30.150822282932925	20.029944259382066	19.526029784659084	30.29313966221066	6.401081526734757E-5
92.0	30.37141617237935	19.97589595557103	19.525663485595953	30.124249390194574	0.0027749962590915816
93.0	30.041447909067454	19.981573961282255	19.561456861542457	30.41513685839884	3.844097089933079E-4
94.0	29.981227586772736	20.261172854910996	19.409833445577522	30.347509717383947	2.5639535479989197E-4
95.0	30.293410141233707	20.029003903598788	19.433769752870408	30.24336729164293	4.489106541675689E-4
96.0	30.08048668436438	20.118505692157253	19.45948246582866	30.341525157649702	0.0
97.0	30.118445851078242	20.198902745746413	19.460566234896813	30.221999569007675	8.559927086541077E-5
98.0	30.13136986914402	20.067859336836218	19.474893094565193	30.324935565534084	9.421339204826124E-4
99.0	30.074734662168563	20.05617204783944	19.61959495621374	30.249305508837164	1.928249410919805E-4
100.0	30.000626000099473	20.2127928694301	19.527794404416646	30.25878672605378	0.0
101.0	30.09951508172216	20.15126772963682	19.53610972144873	30.21304310890024	6.435829205106444E-5
102.0	29.96053434911301	20.048632226675036	19.678384140922255	30.31227754416486	1.7173912483459377E-4
103.0	29.93618053338707	20.299178991391205	19.520275591481514	30.243441147014632	9.237367255810196E-4
104.0	30.114035057546385	20.152499638830225	19.546035387758753	30.187429915864637	0.0
105.0	29.910953054037016	20.152750257631595	19.60523739756589	30.330930206040733	1.2908472475909563E-4
106.0	29.84406246285971	20.207783226455426	19.5843215879594	30.362906906844838	9.258158806274534E-4
107.0	30.061457694989524	20.133805481504083	19.63855842251831	30.164433055888107	0.0017453450999759532
108.0	29.85570747029928	20.110834673768114	19.765710905578977	30.266431494851286	0.0013154555023455004
109.0	29.860082627825573	20.267838990129295	19.630734512246764	30.24015681243587	0.0011870573624966707
110.0	29.9268247054864	20.143468855459243	19.707471639550864	30.222213197302832	2.1602200659385572E-5
111.0	29.83377845891987	20.1695297121329	19.707099291835174	30.28909523035249	4.973067595664523E-4
112.0	29.78748499929122	20.180863369919372	19.72211491327453	30.30934193824848	1.9477926639635635E-4
113.0	29.965106749689507	20.074179839643126	19.857914043498823	30.102691050131508	1.083170370351114E-4
114.0	29.918451378537313	20.102539704155845	19.904902588799004	30.074106328507845	0.0
115.0	29.657682917272414	20.45822744306673	19.726208853124565	30.157880786536296	0.0
116.0	29.900213308586785	20.21815502742151	19.8235287086409	30.057972557844874	1.303975059303699E-4
117.0	29.78017903859443	20.11579807593562	19.95279045034664	30.151232435123315	0.0
118.0	29.718156340981338	20.2342278683504	19.846657985751857	30.200957804916406	0.0
119.0	29.80080228626507	20.15007703387419	19.928254367706177	30.120822697788423	4.361436613606156E-5
120.0	29.651227780911977	20.203628761110636	20.018444222818786	30.126611904558132	8.733060046774269E-5
121.0	29.62090783202124	20.293808725950846	20.045248423682633	30.040035018345286	0.0
122.0	29.767725465717792	20.162873193617266	20.009669351089805	30.057433931937222	0.0022980576379119104
123.0	29.639253199908133	20.148924364532693	20.12177269914289	30.088800628323288	0.0012491080929932486
124.0	29.60647620410145	20.147186057896224	20.104068999581116	30.14226873842121	0.0
125.0	29.661930234647937	20.190237983133752	20.19010615721515	29.957110437383015	6.151876201401002E-4
126.0	29.54520805187817	20.175256232822573	20.252562218228594	30.026247515989734	7.259810809330309E-4
127.0	29.482260222177043	20.345977818421563	20.13741837865081	30.032625410460966	0.0017181702896196301
128.0	29.53768114695359	20.186778519389502	20.241897614351167	30.03304719487037	5.955244353601235E-4
129.0	29.434905019483747	20.25163674976965	20.297971940927713	30.012791869742017	0.002694420076874897
130.0	29.568675339851087	20.261805472779514	20.253424053170487	29.91505574970914	0.0010393844897738942
131.0	29.50210847502216	20.158783902734896	20.386892931808887	29.95161679277509	5.978976589649329E-4
132.0	29.410439412401917	20.187003345126836	20.47805266384968	29.92326276819502	0.001241810426550794
133.0	29.266410003768446	20.328931780032036	20.42630734749176	29.97746260811519	8.882605925630826E-4
134.0	29.417062556748323	20.2155563398119	20.50756210654219	29.859218573799453	6.004230981431582E-4
135.0	29.33954587181094	20.19382336133608	20.603508828191778	29.8631219386612	0.0
136.0	29.301194275311136	20.32819432236936	20.501618379203208	29.8685469735874	4.460495288936388E-4
137.0	29.398012283640423	20.148029034059185	20.598548297040757	29.854517029592408	8.933556672250139E-4
138.0	29.22628528050505	20.108302659657628	20.77220498641352	29.892871577183485	3.3549624031729895E-4
139.0	29.214400015769254	20.34569606915534	20.63628487155227	29.802655864728482	9.631787946556568E-4
140.0	29.36744491335604	20.09975232405104	20.834009108893746	29.698524465094202	2.691886049771627E-4
141.0	29.227154943297645	20.157609132765597	20.795760544831456	29.818060010720853	0.0014153683844446072
142.0	29.11625137736599	20.23954523802077	20.865061222891736	29.778219604961194	9.225567603046777E-4
143.0	29.213752590758823	20.139402883619372	20.975319838699065	29.67082600468252	6.986822402186741E-4
144.0	28.990984254954867	20.165211902517257	21.014659615891695	29.82830893375089	8.352928852912599E-4
145.0	29.015969506079447	20.23460689098378	20.99503263894307	29.752672232191617	0.001718731802078987
146.0	29.171393106341892	20.129705511940532	21.00161327630568	29.69606472498068	0.0012233804312144158
147.0	28.953299628367564	20.20593022754257	21.18974594144235	29.649571271927332	0.0014529307201768943
148.0	28.90790064895547	20.254736351175342	21.096820061312357	29.738609153627838	0.00193378492899028
149.0	29.048106026808696	20.10901470383004	21.25544215586014	29.586910914510966	5.261989901555032E-4
150.0	28.822980793169968	19.995089613405906	21.31643418576204	29.86489770142872	5.977062333633642E-4
