#Position (bp)	Coverage	Std
15197.0	146.1980061198302	68.55157903305255
45590.0	127.41252920080282	35.69949467864496
75983.0	111.97088145296614	39.92592300093665
106376.0	107.8237094067713	32.411238821351084
136769.0	103.86786431086105	38.38748862233079
167162.0	133.51548053828185	41.261023768047615
197555.0	132.72207416181357	51.980584959956516
221485.0	132.89540275948931	50.202769129619746
236681.5	161.08896797153025	55.14535460591772
258341.0	136.1363142828941	49.67965884157955
288734.0	123.9486394893561	43.71453364065245
319127.0	106.79396571578982	35.805896417684394
349520.0	95.72204125950054	31.953276478868414
379913.0	83.13332017240812	30.738722837756995
410306.0	77.52084361530616	25.34984577886176
440699.0	80.61257526404106	33.66617899221767
471092.0	75.1869838449643	28.921709916789275
501485.0	76.30549797650775	31.969953279247395
531878.0	66.48287434606652	22.244014994444594
562271.0	65.57707366827889	23.558942853454248
592664.0	64.20863356693975	20.738323082798026
623057.0	65.98302240647517	24.49236732100036
653450.0	68.25894120356661	23.818869240557834
683843.0	67.93172770045734	22.513143742431314
714236.0	54.4162471621755	29.900700992618308
744629.0	74.55305497976508	24.675670697618806
775022.0	71.4307899845359	25.43254280524498
805415.0	80.37321093672885	29.13529243079827
835808.0	83.02915144934688	29.14673332131836
866201.0	92.69529167900504	31.568918537736142
896594.0	99.12134373046425	27.734199093568503
926987.0	115.43190866317902	35.76961886201804
957380.0	128.87914980423125	42.83641032522312
987773.0	144.8369361366104	40.41045210370876
1018166.0	145.6529793044451	47.168622889508526
1038382.5	156.68177290836653	58.20174248839342
1053579.0	162.4978627229401	140.41989991676746
1078952.0	117.25245944789918	38.34644452255605
1109345.0	113.42763136248479	32.89375290276706
1139738.0	92.14921198960288	42.785604308434195
1170131.0	96.7766920014477	34.37915739703886
1200524.0	86.55173888724377	40.83989611234518
1230917.0	103.9336031323002	38.804290665338485
1261310.0	112.54910670220116	39.37761652826191
1291703.0	125.12312045536801	36.84725273637648
1322096.0	148.31902082716414	51.65045166667726
1348657.5	155.4807303123625	57.76627361113031
1363854.0	167.1856975075036	52.79911280934803
1382882.0	148.53900569210015	51.76513616848096
1413275.0	126.76849932550259	40.17076699346945
1443668.0	124.77014444115422	40.64404434926937
1474061.0	108.51551344059487	32.726961250560464
1504454.0	101.45102490705096	30.67166276203541
1534847.0	87.45257131576349	31.389299539098122
1565240.0	79.57332280459316	28.119041920742138
1595633.0	78.16332708189385	28.684663556291028
1626026.0	75.10291843516599	23.22719418976945
1656419.0	69.93728819135985	23.943692927789993
1686812.0	64.71628335471983	26.40264496421098
1717205.0	61.151778370019414	22.213479838594935
1747598.0	59.7585299246537	23.20195397474053
1777991.0	57.71249958872109	20.31698186041814
1808384.0	60.72895074523739	24.620145835395483
1838777.0	61.11749415983944	21.44879639923761
1869170.0	68.08478926068503	33.96916865012508
1899563.0	77.37735662817096	36.93087703459533
1929956.0	63.032211364458924	24.827187403392596
1960349.0	63.1883986444247	23.426967113606622
1990742.0	62.150528082124175	21.323133234202903
2021135.0	72.05149211989603	32.13361239425004
2051528.0	64.77823841016023	22.856503118529673
2081921.0	60.068305201855694	20.05720686924732
2112314.0	61.42108380219129	22.965334893801504
2142707.0	57.4962655874708	22.079727395501035
2173100.0	61.75395650314217	24.001745130072955
2203493.0	58.163096765702626	19.886980371257387
2233886.0	73.12394301319382	35.78402478898979
2264279.0	58.80117132234396	20.93042168479648
2294672.0	60.41914256572237	20.959452623945044
2325065.0	60.3031290099694	22.014574635845147
2355458.0	79.56555785871747	42.268277053711685
2385851.0	64.05787516862435	21.90406078305753
2416244.0	60.23005297272398	23.567223209468043
2446637.0	75.18987924851118	40.403755135866575
2477030.0	66.32708189385714	22.86555588445877
2507423.0	62.227420787681375	22.324445730536418
2537816.0	64.23291547395782	20.803053110575288
2568209.0	80.07811009113941	36.60163650288832
2598602.0	63.243115190997926	22.997359080126653
2628995.0	68.85717105912546	22.583634870092222
2659388.0	75.55848386141545	25.96432143467118
2689781.0	81.2350212219919	25.89098692648163
2720174.0	80.07978810910407	22.639993567189975
2750567.0	91.58503602803277	32.326984429184485
2780960.0	101.05195275227848	27.89182503636937
2811353.0	113.61369394268416	38.33855714944147
2841746.0	123.65278189056691	40.90557035634315
2872139.0	144.15914848813873	53.58533673588709
2889645.5	178.98679653679653	47.77496854051942
2904842.0	148.86501377410468	58.02164652513008
2932925.0	130.50235251538183	41.30756995718949
2963318.0	115.2033362945415	37.73768007727267
2993711.0	102.71223637021683	32.50745063404043
3024104.0	89.83321817523772	31.567439046833055
3054497.0	86.9543973941368	29.761202614501784
3084890.0	91.69058664824136	32.26885870201653
3115283.0	87.63715329187642	29.22432207748134
3145676.0	90.98805646036917	31.160894547410447
3176069.0	92.16006975290362	33.48283029142968
3206462.0	104.4222024808344	32.647084592638706
3236855.0	116.30441220017767	35.56077774591899
3267248.0	125.12516039877603	35.97346547307247
3297641.0	147.75714802750633	38.82292778303087
3322340.5	159.65300431442702	52.92980436630866
3337537.0	312.66233424080093	429.08119111587877
3358427.0	422.9922021518113	542.9086046796812
3388820.0	367.48257822524926	609.7653995837496
3410819.5	456.74988975452004	717.7018587872806
3426016.0	152.85673437779235	50.113512657076825
3449606.0	140.81703023722568	44.926635670860854
3479999.0	124.63929194222354	43.858283981477065
3510392.0	114.72013292534466	40.10406461221467
3540785.0	96.70628105155792	39.06063906500698
3571178.0	91.84614878425954	36.66651681128018
3601571.0	87.32448261112756	28.360413704819365
3631964.0	79.03698219984865	24.326884076046525
3662357.0	81.20244793208963	27.053687068669145
3692750.0	73.57401375316685	25.540840194022646
3723143.0	77.51702694699438	26.970503415513583
3753536.0	71.29246866054683	22.754309388097884
3783929.0	79.34221695785213	30.37710810362601
3814322.0	89.94324351001876	34.78924849165739
3844715.0	89.92870068765835	32.85324893398484
3875108.0	115.82084690553746	41.61434915038419
3905501.0	119.98917513901227	41.0778524050864
3935894.0	135.5776001052874	47.2430722278252
3966287.0	138.63629783173758	45.59749276038791
3987990.0	157.97410282025666	56.72472867822216
4003186.5	146.04959723820483	47.66588078515036
4027073.0	135.4418780640279	38.99254691393798
4057466.0	120.66433060244135	36.46929181585463
4087859.0	114.97782384101602	43.83008855100985
4118252.0	104.0681077879775	33.10396109710279
4148645.0	103.18379232060013	36.22251339642952
4179038.0	114.10617576415622	33.1804528880259
4209431.0	112.77573783436975	37.74810575432905
4239824.0	133.60642253150397	41.21773631090865
4259839.0	151.30279132510117	47.20327768380744
4275035.5	151.07554442089034	58.36918902802706
4300610.0	143.924324680025	47.161720858365406
4331003.0	138.85990195110716	50.263166545986316
4361396.0	117.03803507386569	40.57545422954943
4391789.0	114.35978679301155	38.96083248515996
4422182.0	93.07590563616623	31.47745737463068
4452575.0	86.80291514493469	28.42463067239236
4482968.0	80.11696772283092	26.657564333398014
4513361.0	80.56957194090745	31.177708143460464
4543754.0	75.09252130424768	23.399025508810226
4574147.0	71.4012108051196	23.854807086686453
4604540.0	69.60392195571349	26.18244983006252
4634933.0	62.500674497417165	21.836785354469686
4665326.0	63.57996907182575	22.940714448976394
4695719.0	58.2912183726516	21.244644328497454
4726112.0	60.632514065738825	19.873544885912512
4756505.0	58.756522883558716	25.280652173739814
4786898.0	65.63830487283256	27.052937887775137
4817291.0	82.52992465370316	43.71616199677445
4847684.0	74.46030335932616	30.44279544152834
4878077.0	66.20896259007009	23.084470350472127
4908470.0	67.11288783601488	22.213370230501614
4938863.0	68.53423485671043	23.652286535878176
4969256.0	75.15760207942618	23.90632457778786
4999649.0	75.37561280558023	28.110969942927408
5030042.0	67.73431382226171	24.994009745272514
5060435.0	72.38633895962886	26.801945634665646
5090828.0	87.50922909880565	33.922064773026946
5121221.0	85.79923008587504	32.19561351635246
5151614.0	85.84134504655677	27.258640128450175
5182007.0	89.40236238607574	31.35594743807645
5212400.0	93.23357352021847	29.061480874997518
5242793.0	100.17467837989011	32.519162099630236
5273186.0	117.33895962886191	37.134847612216944
5303579.0	131.3499490014148	45.03648082396904
5333972.0	144.4171684269404	51.43687727972803
5352383.0	144.46881319023177	41.74567280207531
5367579.5	151.40832081455517	52.00766156980726
5394758.0	137.38318033757773	40.01004957165
5425151.0	124.22567696509064	39.67646191359038
5455544.0	117.04816898627973	43.126347108137814
5485937.0	94.54529003388939	31.005946257449455
5516330.0	95.17856085282796	30.351213001921153
5546723.0	90.34169052084361	25.709148562534764
5577116.0	132.14253282005726	158.01012463359402
5607509.0	83.13177376369559	28.620602956010966
5637902.0	78.17500740302043	27.210943793131964
5668295.0	83.01029842397921	27.08774073308017
5698688.0	86.62846708123581	27.14836201982162
5729081.0	89.85977034185503	30.71718714587498
5759474.0	95.81337808047905	36.04867941911792
5789867.0	107.9000098706939	36.222519300630985
5820260.0	111.95367354325009	39.37454865471155
5850653.0	132.49761458230515	36.820457531789685
5881046.0	139.14809331095975	47.19594729272941
5907241.5	159.10387307937086	94.90090558140594
5922438.0	161.24324002382372	63.69122955209964
5941832.0	151.2829598920804	48.585866103455096
5972225.0	140.36324153587998	51.29425775359029
6002618.0	115.72082387391833	36.588801575757735
6033011.0	98.97463231665186	33.20372839572131
6063404.0	86.18899088605929	29.025046564458133
6093797.0	77.62797354654032	25.434670867744583
6124190.0	77.9637745533511	35.70607370652893
6154583.0	72.3436975619386	23.78821589797893
6184976.0	70.32296910472806	21.085506675937435
6215369.0	67.42638107458954	23.043574315719823
6245762.0	71.8941532589741	24.359472576155355
6276155.0	67.3404731352614	23.25574618304166
6306548.0	64.6018162076794	23.12991480539889
6336941.0	69.39736123449478	22.97842957162778
6367334.0	74.45572993781462	25.13076713609469
6397727.0	96.18356200440891	43.63409328342913
6428120.0	80.80008554601389	31.04126069860183
6458513.0	80.10137202645346	27.320463492830793
6488906.0	80.33392557496792	23.18382378135376
6519299.0	90.02266969367946	24.779596338442364
6549692.0	110.3096765702629	34.70133675161372
6580085.0	119.88829664725431	38.309873815299255
6610478.0	138.1721449017866	41.45844130940781
6640871.0	145.13190537294773	44.31342568548078
6660029.5	166.8590358404846	63.558467758642124
6675226.0	148.37634073612531	59.98087171168642
6701657.0	130.9703550159576	40.75890805931397
6732050.0	123.49748297305301	37.082755477337344
6762443.0	103.99282729575889	36.296761665195255
6792836.0	103.31803375777316	28.951943795157888
6823229.0	89.98045602605863	32.03136931831069
6853622.0	85.15668081466127	27.4927980866344
6884015.0	75.47474747474747	25.528630713031223
6914408.0	72.8396670285921	24.76701690112014
6944801.0	71.28170960418518	24.412743298062267
6975194.0	73.92620011186787	28.102491724540933
7005587.0	68.58523344191097	26.164769004104233
7035980.0	72.42052446286974	25.302580443634024
7066373.0	78.18504260849538	25.48712468727681
7096766.0	77.80317836343895	27.84757053225781
7127159.0	80.19688744118712	25.496952644384162
7157552.0	94.85878327246405	34.22939428175341
7187945.0	93.20662652584477	27.559979367520054
7218338.0	104.87812983252722	32.467399096322566
7248731.0	120.83802191294048	37.61324798759899
7279124.0	123.63376435363406	39.700958726188226
7309517.0	142.6464975487777	47.72996377859296
7327760.5	167.90515260912372	73.28376361681862
7342957.0	153.27466150870407	57.633839817941784
7370303.0	125.7468167012141	45.796383289547926
7400696.0	119.20685684203599	40.936975730621974
7431089.0	91.95597670516237	30.619318376620434
7461482.0	88.01678017964663	29.913654681759812
7491875.0	90.36814398052184	32.00940508071897
7522268.0	89.05981640509327	28.48009739714958
7552661.0	85.69144210838022	35.63705705425794
7583054.0	78.72447603066496	27.104878372952392
7613447.0	76.53318198269338	24.199544176307647
7643840.0	79.41127891290758	25.457150831877318
7674233.0	75.71404599743362	26.331147321207705
7704626.0	72.23370512947061	22.69425008538026
7735019.0	67.84104892573949	23.364532070331048
7765412.0	59.48323627150989	21.63306506628551
7795805.0	1551.4225315039648	1394.2509197239171
7826198.0	92.22682854604679	128.57751556154292
7856591.0	58.29388346000724	19.446789955878653
7886984.0	66.77748165696049	21.834384988999794
7917377.0	76.50199058993847	36.554335699447854
7947770.0	64.28381535221926	20.40636747474416
7978163.0	72.07583983154015	37.793904259254575
8008556.0	59.09469285690784	25.967897262152
8038949.0	62.4434902773665	21.941374464721033
8069342.0	60.754515842463725	22.263588895718353
8099735.0	64.82877636297832	25.134151304688903
8130128.0	52.486954232882574	29.463217237875625
8160521.0	70.12868094627052	27.053089306690378
8190914.0	81.84226631132168	32.91353710185213
8221307.0	81.71194024939953	27.694799895223454
8251700.0	89.98739841410851	32.01936229441791
8282093.0	101.06172473924917	30.878635749612496
8312486.0	113.67847859704537	36.95837116216415
8342879.0	116.61366104037114	41.24947353470589
8373272.0	138.5371302602573	46.9048962505115
8398726.5	176.57330863716123	68.2383425076022
8413923.0	152.18700010124533	57.80998907186206
8434058.0	131.17691573717633	41.08577087693462
8464451.0	118.3078669430461	38.07200818698509
8494844.0	105.38301582601257	34.64646382150869
8525237.0	107.87786661402296	35.89712696779278
8555630.0	95.50123383673872	29.28545504414713
8586023.0	101.14529661435199	45.427271059111604
8616416.0	90.77113151054519	38.118020018575784
8646809.0	72.78008093969007	24.95702422705872
8677202.0	77.23982495969467	24.038397129819643
8707595.0	71.137235547659	25.85495686438581
8737988.0	72.01447701773435	23.736557808991943
8768381.0	75.21195670055604	36.4496733302456
8798774.0	78.786069160662	37.13516392092648
8829167.0	62.880729115256806	25.04792497828441
8859560.0	66.53199749942421	22.300152729653387
8889953.0	64.50097061823446	21.72599183964026
8920346.0	64.20438916855855	25.2128183795586
8950739.0	67.71506596913763	25.86495671594696
8981132.0	72.91471720461948	27.146938553471916
9011525.0	71.41496397196723	22.59345667531205
9041918.0	74.19047149014575	26.291916316995852
9072311.0	80.35103477774487	28.6071868258836
9102704.0	82.58167999210345	27.263222880237834
9133097.0	87.2323890369493	28.70202498567915
9163490.0	89.690224722798	30.940896210934184
9193883.0	98.75083078340407	31.95744392092403
9224276.0	111.45612476557102	40.54568559870746
9254669.0	123.23709406771296	43.43570362527311
9285062.0	136.5635837199355	43.033061383770466
9315455.0	135.43023064521435	38.92892994354631
9332033.5	175.71273516642546	72.43780954590615
9347230.0	158.69474103297262	51.57804535603581
9376241.0	149.6277432303491	47.62755887950637
9406634.0	139.03576481426643	42.642051463573814
9437027.0	128.45016944691213	42.37938266597194
9467420.0	106.29283058599019	32.68513324205417
9497813.0	98.7861678676011	33.61231638824158
9528206.0	82.76162274207877	25.109553007223184
9558599.0	79.66002039943407	26.71340600908205
9588992.0	75.45681571414471	22.51242980239008
9619385.0	70.95834567170073	27.635407071642682
9649778.0	67.78149573915046	23.549486004026946
9680171.0	68.12423913401112	22.15650104621359
9710564.0	64.36567630704438	21.607759530724547
9740957.0	63.62784193728819	22.674150465498876
9771350.0	67.34014411213109	21.055829949508833
9801743.0	68.9955581877406	25.683817996805583
9832136.0	66.65436120159247	23.324299194449207
9862529.0	80.67614253282005	32.25654839392266
9892922.0	82.8097917283585	33.88946693984214
9923315.0	83.2282433455072	26.2682963578639
9953708.0	91.9816405093278	33.00294861344342
9984101.0	95.85427565557859	30.439413457223203
1.0014494E7	114.40446813410983	34.16079899828501
1.0044887E7	127.08432862830257	38.747942569053244
1.007528E7	152.3085907939328	41.945010480252165
1.01041125E7	170.8659064241713	84.53053971390368
1.0119309E7	200.12207625760973	72.51581935269145
1.0136066E7	154.81758957654722	51.62432632970767
1.0166459E7	142.937419800612	47.515719769112714
1.0196852E7	131.6915408153193	42.66375586939531
1.0227245E7	120.05247918928701	42.77274654732447
1.0257638E7	98.01970848550653	32.06284237584129
1.0288031E7	92.94933043792979	29.52556559084601
1.0318424E7	84.92722008357188	28.747333894940354
1.0348817E7	75.6682130753792	25.870648650921993
1.037921E7	76.85977034185503	28.927054026363656
1.0409603E7	73.39795347612937	24.20684018555825
1.0439996E7	73.56549205409141	25.65781292184672
1.0470389E7	67.91198631263778	25.535735742056314
1.0500782E7	65.79593985457177	22.280283853593893
1.0531175E7	67.88309808179515	25.204082611322193
1.0561568E7	64.82433455071892	26.65637016199947
1.0591961E7	64.86470568880992	23.348243892778097
1.0622354E7	65.17517191458559	20.957121329650462
1.0652747E7	66.00134899483433	24.158290612070886
1.068314E7	64.71625045240681	24.455825247646313
1.0713533E7	74.94393445859244	38.32214004886966
1.0743926E7	66.39900635014642	22.756724772188154
1.0774319E7	63.290724837956105	22.122124195091143
1.0804712E7	60.56756489981246	21.55854894939838
1.0835105E7	72.68963248116343	37.77303872489679
1.0865498E7	68.92544335866812	26.1760614720674
1.0895891E7	66.20271115059388	20.55056446905315
1.0926284E7	75.2248215049518	24.76786046710377
1.0956677E7	75.46642318955023	23.219028510403557
1.098707E7	81.3890040469845	25.035513222573233
1.1017463E7	79.44921527983418	26.725458953701562
1.1047856E7	90.42437403349456	25.279970838746454
1.1078249E7	107.01895173230677	36.30979904827259
1.1108642E7	103.79508439443293	42.42327987965693
1.1139035E7	127.375382489389	40.94805245714262
1.1169428E7	132.38130490573488	46.42931022063094
1.1196832E7	159.38464058980136	68.11903334058842
1.12120285E7	148.4501505520241	57.220863033305825
1.1230214E7	142.8452933241207	46.518860433243994
1.1260607E7	139.95683216530122	44.73581370669219
1.1291E7	119.6636725561807	35.54211951658004
1.1321393E7	110.97782384101602	36.58203952442766
1.1351786E7	97.83621228572369	31.70687512690113
1.1382179E7	90.01717500740303	29.341005112113027
1.1412572E7	87.97348073569572	32.574008074536096
1.1442965E7	84.73046425163689	26.917246945671742
1.1473358E7	75.58240384299016	26.83751287885031
1.1503751E7	67.12858223933142	20.7727178592078
1.1534144E7	69.26117856085283	23.463871916117252
1.1564537E7	67.41565492054092	22.706482446197146
1.159493E7	60.9713420853486	21.601212416208558
1.1625323E7	61.541210147073336	22.18096101954854
1.1655716E7	68.26022439377488	33.88899169497662
1.1686109E7	61.45605896094496	23.04701941264418
1.1716502E7	56.78774717862666	22.855927304682492
1.1746895E7	58.62567038462804	20.033774495937482
1.1777288E7	55.89523903530418	21.490871687460277
1.1807681E7	61.083999605172245	20.839164715416448
1.1838074E7	59.994900141479945	23.921672295688296
1.1868467E7	65.55766130358964	24.01315526338192
1.189886E7	67.16809791728359	23.721981483175167
1.1929253E7	77.1586220511302	24.012548951668034
1.1959646E7	81.54956733458363	26.459495319713636
1.1990039E7	82.65241996512354	30.712488780051423
1.2020432E7	93.59523574507288	34.76822496636192
1.2050825E7	110.39199815747047	49.034021938569495
1.2081218E7	108.08840851511862	41.617657486550726
1.2111611E7	118.7990984766229	35.71753595769106
1.21419565E7	145.16410324113804	72.16155133487302
