# Position (bp)	A	C	G	T	N
0.0	27.523220598159526	21.86842560106038	34.21628210618559	16.39183775470549	2.3393988900790772E-4
1.0	22.90502992022823	18.93599241055878	12.60554306124063	45.55246321641154	9.71391560823751E-4
2.0	32.46315311753092	19.96632928007435	13.910205978387147	33.659971927478864	3.3969652870911247E-4
3.0	21.123819116703356	22.581372302143663	10.832527801018626	45.46225370341789	2.7076716460748235E-5
4.0	39.978568993886995	10.039148491962631	10.154966603956032	39.827140489542366	1.7542065197649148E-4
5.0	44.474189258367076	11.032517114890577	22.76090412096025	21.7323895057821	0.0
6.0	34.44280227429012	14.492957415762373	20.334488368582594	30.729751941364906	0.0
7.0	40.52190876157769	15.474297309564896	19.25036183633008	24.75343209252733	0.0
8.0	18.84692216651888	31.86943904523608	22.294827561355678	26.988811226889357	0.0
9.0	30.179635744840354	19.374922130156847	13.716619793901819	36.72882233110097	0.0
10.0	27.72637289968165	15.361291066906826	28.09946190056598	28.812874132845543	0.0
11.0	27.62081576169851	18.70365659933203	18.047965216935346	35.62756242203411	0.0
12.0	25.244926803924113	20.60958914421752	23.634092786258158	30.511391265600206	0.0
13.0	23.868847613376047	26.427125027447563	18.48317166439512	31.220855694781267	0.0
14.0	32.755368593754454	20.620946860010008	20.305228759973183	26.31845578626235	0.0
15.0	32.70014217544285	19.00207752538983	19.414935406429255	28.88284489273807	0.0
16.0	31.707374783047133	18.624343977798876	18.453513816157308	31.21476742299668	0.0
17.0	31.75147067702588	18.44900772741979	18.679081587610046	31.120440007944282	0.0
18.0	31.382504251570705	18.514941605865054	19.256112693909415	30.846441448654826	0.0
19.0	30.80317660333921	19.149942607532203	19.197738302026483	30.849142487102103	0.0
20.0	30.632389986770193	19.18077457805716	19.336917377132366	30.84991805804028	0.0
21.0	30.362301697781557	19.31571949749922	19.413924711660194	30.90805409305903	0.0
22.0	30.50600823596543	19.407754997417406	19.24141271151837	30.844721008925085	1.0304617370235885E-4
23.0	30.795899142631168	19.295501113402615	19.2788630291232	30.629711018959966	2.569588305700837E-5
24.0	30.502342704064144	19.38979473559959	19.292121188508023	30.81574137182824	0.0
25.0	30.683164523122393	19.4551877001722	19.212861956021598	30.648683541167443	1.0227951636619289E-4
26.0	30.86255122617576	19.310096770120264	19.319548023463597	30.507599904594635	2.0407564573998464E-4
27.0	30.635887653760918	19.303597367652515	19.443498886857796	30.616990641206815	2.5450521958392217E-5
28.0	30.75409939296559	19.307551150526606	19.372819981682575	30.565478691840468	5.078298475469406E-5
29.0	30.315670649081923	19.013830999709434	19.21250421476011	29.928242046674843	1.5297520897736938
30.0	30.516709174356677	19.366547378908688	19.607629294188683	30.508570748323223	5.434042227310283E-4
31.0	30.564922121294614	19.622803567828317	19.258120080136308	30.554154230740764	0.0
32.0	30.615727321207046	19.576102877396366	19.350890940786318	30.455744068058237	0.001534792552029153
33.0	30.46828491332973	19.407174231056707	19.54874100459819	30.575285245313168	5.146057022077212E-4
34.0	30.461095977793278	19.569890695745677	19.40651097068494	30.56241469899098	8.76567851172804E-5
35.0	30.728298886705275	19.271819810756263	19.42836302081791	30.571518281720557	0.0
36.0	30.659068232538615	19.289783984783845	19.453751157433675	30.59730934233827	8.728290559306365E-5
37.0	30.63029564984092	19.453956895499342	19.364832498523203	30.55037986132085	5.350948156903239E-4
38.0	30.751972337592655	19.34511684982413	19.409578009181057	30.493270702092566	6.210130959241669E-5
39.0	30.615982746230014	19.331955686364108	19.509680327471536	30.542046518581806	3.347213525321237E-4
40.0	30.553875749277125	19.397709944539788	19.424698213366703	30.623431484754477	2.846080619069557E-4
41.0	30.666549404855132	19.370284308837967	19.4001761891657	30.562990097141203	0.0
42.0	30.422664724503	19.454544468174877	19.61543383907019	30.506641849582927	7.151186690112695E-4
43.0	30.448224125601715	19.67739235642292	19.390773601091972	30.483092976628146	5.169402552454051E-4
44.0	30.699542183341432	19.462601728503	19.419918698287987	30.417728520692673	2.088691749151561E-4
45.0	30.531276442796234	19.424452666697164	19.48662447552885	30.55764641497775	0.0
46.0	30.58102784706584	19.510750772373108	19.28273080271699	30.625490577844065	0.0
47.0	30.801189664711405	19.384113146528666	19.33562177709987	30.479075411660062	0.0
48.0	30.556486115743564	19.290968482007823	19.502566474146516	30.6499789281021	0.0
49.0	30.578881647143703	19.51960178000398	19.2878423650749	30.613393819236922	2.803885404959683E-4
50.0	30.701299782730405	19.32656044354308	19.45391278221338	30.51822699151313	0.0
51.0	30.381676289692777	19.467191565631275	19.54926477551804	30.601867369157908	0.0
52.0	30.513046551492412	19.556988235831174	19.398391646283105	30.531573566393305	0.0
53.0	30.58281988389244	19.476220940976635	19.467284180260165	30.47367499487076	0.0
54.0	30.44619883501307	19.397062643935353	19.535434363057114	30.621304157994462	0.0
55.0	30.47151896552287	19.601075729639284	19.402542574312037	30.524862730525804	0.0
56.0	30.663488797152144	19.351154500808523	19.373409414045774	30.61194728799356	0.0
57.0	30.542679126522703	19.451539756464108	19.440677532430982	30.56503116975532	7.241482688752868E-5
58.0	30.520130884235403	19.50849808302268	19.320013498838385	30.651345477063245	1.2056840285568673E-5
59.0	30.713276399769356	19.32343181252324	19.36675894611355	30.596484660183137	4.8181410720387976E-5
60.0	30.494485293896428	19.415659818167356	19.475928120422036	30.61386659548717	6.017202701146361E-5
61.0	30.45961649385912	19.461798547630206	19.437112613910916	30.641472344599762	0.0
62.0	30.636288192917117	19.414000702398475	19.37167176243985	30.577726951543756	3.1239070080167863E-4
63.0	30.395863458694855	19.49271972764352	19.47928487694445	30.632107924472844	2.4012244323625503E-5
64.0	30.48168104521428	19.557224483762326	19.362930811991085	30.598055671442236	1.079875900661496E-4
65.0	30.660019674304408	19.444515056214694	19.402895412990127	30.492054257338175	5.155991525948067E-4
66.0	30.516602499724694	19.408989091759665	19.483427457763234	30.590980950752407	0.0
67.0	30.594762320353812	19.594906879267675	19.194693071005016	30.615637729373496	0.0
68.0	30.66293183493123	19.43820456081089	19.44968536141656	30.449178242841317	0.0
69.0	30.51492172064988	19.435225528055035	19.450829941806546	30.59866381223965	3.58997248884416E-4
70.0	30.552725455315176	19.478263095608504	19.33437956327496	30.63428497671941	3.469090819481792E-4
71.0	30.702293381041844	19.393211343368545	19.452671585012478	30.45182369057713	0.0
72.0	30.544236768617054	19.44979695531008	19.559306218940094	30.446660057132775	0.0
73.0	30.38179592441787	19.606727603545274	19.350300181471713	30.661176290565145	0.0
74.0	30.697499942619753	19.44354787807845	19.38658602829229	30.47236615100951	0.0
75.0	30.54723373052158	19.43295208409965	19.416981193200083	30.602832992178687	0.0
76.0	30.542615420624315	19.580091724936125	19.208204798644328	30.66834691180841	7.411439868238944E-4
77.0	30.61314830545857	19.43782505378861	19.336583642094336	30.612442998658484	0.0
78.0	30.3734300129737	19.47381126116308	19.32715618884764	30.825602537015577	0.0
79.0	30.265728568987267	19.740543832124953	19.25944050182079	30.734287097066993	0.0
80.0	30.496295253371507	19.502921223907947	19.280257225126174	30.72052629759437	0.0
81.0	30.312805663591092	19.51842196395805	19.307959082033378	30.860813290417475	0.0
82.0	30.31678844944297	19.762652276355084	19.17224583337224	30.748313440829705	0.0
83.0	30.57735366933274	19.655321001943026	19.10632949837698	30.660888044057288	1.0778628996715631E-4
84.0	30.28077974790201	19.69714307556098	19.24785905307425	30.773535138896897	6.829845658668518E-4
85.0	30.307260878536702	19.796636555134942	19.12879385096968	30.76696101175514	3.4770360354019817E-4
86.0	30.48266057192218	19.728603907595037	19.144180298858434	30.644003335312924	5.518863114198475E-4
87.0	30.23533941215148	19.769768754324087	19.236430554926955	30.758269197131888	1.9208146559118654E-4
88.0	30.2253715043629	19.984489865550803	19.017575349098166	30.772347028145308	2.162528428238296E-4
89.0	30.318310421044494	19.971799951593162	19.06114783839908	30.648032399155127	7.093898081365087E-4
90.0	30.224456271718115	19.902719209989783	19.233587371427134	30.63849107316805	7.460736969191127E-4
91.0	30.216764876803236	20.035506201239947	19.139191414918503	30.608513418706394	2.408833191312543E-5
92.0	30.37841352907392	20.00651493443835	19.20619309378371	30.406226174797958	0.002652267906063422
93.0	30.116245236501367	19.99890420071278	19.26699958207567	30.617319976650304	5.310040598880861E-4
94.0	30.0655450303153	20.235614668285802	19.19267600488447	30.505801875600714	3.6242091371627855E-4
95.0	30.323559787811483	20.061609125668802	19.260707424868446	30.35407528195385	4.837969741160152E-5
96.0	30.10062322166754	20.159847687065803	19.317909896853084	30.421558645129853	6.0549283726193235E-5
97.0	30.125849408944987	20.20718509700897	19.315637611705625	30.351327882340417	0.0
98.0	30.208506449354545	20.11536036883075	19.260524836992236	30.414370103712407	0.0012382411100661597
99.0	30.025366944250827	20.15263198457075	19.368892113175374	30.45280506035772	3.0389764532810857E-4
100.0	29.99341466205409	20.27042489428159	19.291924014207776	30.444236429456545	0.0
101.0	30.07145891371481	20.174329276579822	19.33142491816507	30.42271375661795	7.313492235204348E-5
102.0	29.896863045813987	20.13381242238057	19.49073840112087	30.478512890410332	7.324027424088286E-5
103.0	29.85767071415255	20.328790735913007	19.44052396248155	30.371792089829125	0.0012224976237702437
104.0	30.023820062112144	20.223875525942198	19.432811936599823	30.31946798800365	2.4487342186731903E-5
105.0	29.77154711065198	20.24945968510163	19.597341542784207	30.381651661462183	0.0
106.0	29.83161843831537	20.336824545110584	19.543968139314334	30.28644643287095	0.001142444388755399
107.0	29.963501480356523	20.187721439714558	19.657515189052337	30.190375855132174	8.860357444047766E-4
108.0	29.69087079946765	20.22618981285383	19.760863851691358	30.32087976895315	0.0011957670340095867
109.0	29.75196435751949	20.36659362177831	19.57257625501031	30.308569370743644	2.9639494824450213E-4
110.0	29.757996989159192	20.27708989665947	19.669774998540106	30.29513811564123	0.0
111.0	29.627872305561525	20.27202632879109	19.724418808446693	30.37568255720069	0.0
112.0	29.65021845513772	20.291392728493744	19.70796402593248	30.350114343730567	3.1044670548988984E-4
113.0	29.80172074433539	20.195218584198077	19.81686484721775	30.186046523201632	1.493010471477777E-4
114.0	29.640963040144293	20.237077439495835	20.004116429890917	30.117843090468956	0.0
115.0	29.432345297397667	20.538672714907687	19.85545983171459	30.17352215598006	0.0
116.0	29.676423240194705	20.356930283873044	19.945620234070624	30.020876000762225	1.5024109940426898E-4
117.0	29.42904580706828	20.31920750144028	20.139170625691825	30.112576065799608	0.0
118.0	29.49489247636412	20.35708140644055	20.041873442889514	30.106152674305815	0.0
119.0	29.573708684399254	20.24596643709581	20.10339071785425	30.076934160650694	0.0
120.0	29.343087808725155	20.316256052325755	20.255445355909984	30.085134974982076	7.580805703191747E-5
121.0	29.343831668675335	20.41408365126484	20.220937649628947	30.02114703043088	0.0
122.0	29.434993338586647	20.291898868372098	20.26410066857844	30.006531942289417	0.002475182173407963
123.0	29.279547829043022	20.290975766523207	20.40477931653239	30.022992261104147	0.001704826797230954
124.0	29.261956654668026	20.335204478710732	20.42718683819534	29.975652028425902	0.0
125.0	29.26427714644205	20.337487946219944	20.51941949608808	29.87854698136534	2.684298845802626E-4
126.0	29.133027909693215	20.308006850633284	20.69342544734005	29.864924742210707	6.1505012274094E-4
127.0	29.098390242235673	20.469375449748988	20.634836834085686	29.795406439493494	0.001991034436160885
128.0	29.151886102004344	20.271557581001787	20.756027411779264	29.82001377208424	5.151331303622944E-4
129.0	28.949070613251944	20.39340617628718	20.80930303417628	29.845057020720606	0.0031631555639906367
130.0	29.011758639728292	20.372548040049836	20.820935643663027	29.79352815361634	0.001229522942509837
131.0	29.022304509556392	20.22051506277725	20.980433115664017	29.77639699977035	3.503122319949244E-4
132.0	28.86978286435506	20.288576869680895	21.071285408785368	29.768729064669863	0.0016257925088163476
133.0	28.769645699432793	20.393638902969958	21.05054686701421	29.785112450377266	0.001056080205771361
134.0	28.861551925526776	20.28509593096698	21.172004994262974	29.680589096137993	7.580531052795915E-4
135.0	28.716218960593075	20.28885341981475	21.400809767522667	29.593842706157	2.7514591249783486E-4
136.0	28.705299047984838	20.355262945308482	21.338514114458555	29.60043788205163	4.860101964939224E-4
137.0	28.78754037410063	20.173801893707633	21.51323564620554	29.524157823192322	0.0012642627938785449
138.0	28.538375581447706	20.15927002821529	21.70480618541918	29.597072866592473	4.753383253540313E-4
139.0	28.525323348829644	20.368901164030635	21.619616197803527	29.484200020678227	0.0019592686579631893
140.0	28.640700538076995	20.210035591288722	21.814550457892402	29.333983375865724	7.300368761536241E-4
141.0	28.488624248812894	20.191880172572915	21.818890530061925	29.49918109177029	0.0014239567819801064
142.0	28.39263024735693	20.220961288211008	21.975298330295004	29.409749190004746	0.0013609441323093874
143.0	28.398619530502312	20.156082737201643	22.048542782755316	29.39525664944246	0.0014983000982724333
144.0	28.196485408943538	20.12838375195452	22.21954249338276	29.454260404453354	0.0013279412658284899
145.0	28.21550979871831	20.139776675275048	22.25483970887436	29.388394328825424	0.0014794883068641668
146.0	28.285255934728106	20.03631971056449	22.36783256246564	29.309202557917587	0.0013892343241766157
147.0	28.052390394264613	20.103282327576878	22.631333148618754	29.211181256953857	0.0018128725859031026
148.0	28.029194068230982	20.138765213840795	22.610389934757492	29.220184781381125	0.0014660017896081104
149.0	28.10769588485596	19.95529575893391	22.805983949176266	29.130600657194993	4.237498388725411E-4
150.0	27.834695579030395	19.92687752769698	22.832469974971755	29.40473307671163	0.0012238415892449352
