# Position (bp)	A	C	G	T	N
0.0	26.548107543926093	22.52579083880254	35.57395759721913	15.351857708230032	2.863118222055641E-4
1.0	23.036940438223862	19.21199757259616	12.822425079729888	44.92698420896332	0.0016527004867719402
2.0	32.06156501976796	20.098226021848678	13.815994327042318	34.02383021516286	3.844161781804865E-4
3.0	20.444933952167226	23.20563337458666	10.738218570526351	45.61116308871437	5.1014005385038406E-5
4.0	40.053576617713105	9.916475140164884	9.951579865027158	40.07813976455957	2.286125352825346E-4
5.0	44.752954275158785	10.911890483058782	23.138363824995572	21.196791416786862	0.0
6.0	34.94817950052239	14.236644762584763	20.394545762588795	30.420629974304052	0.0
7.0	40.62912698626032	15.295130781109359	19.325192135272072	24.75055009735825	0.0
8.0	18.060093503705403	33.11934188931957	22.69429955831565	26.126265048659373	0.0
9.0	30.135710258597893	19.51393774291887	13.342813094044214	37.00753890443902	0.0
10.0	27.217957259772675	15.372037867562971	28.547399091098935	28.86260578156542	0.0
11.0	27.421624807355343	18.518834150816396	17.91059603223226	36.14892023613076	2.4773465240474785E-5
12.0	24.769167680339795	20.7526519886304	23.5687334570891	30.909446873940706	0.0
13.0	23.362245413888573	26.945389850533573	18.455138789550514	31.237225946027337	0.0
14.0	32.79756089905802	20.722329131504303	20.29309817214552	26.187011797292154	0.0
15.0	32.795745699999514	19.054904126729653	19.274633051961697	28.874717121309136	0.0
16.0	31.65004447848128	18.634315757269285	18.4024966409734	31.31314312327603	0.0
17.0	31.757250348324074	18.466917649366632	18.759099579534784	31.01656247898463	1.6994378987761376E-4
18.0	31.31163754624215	18.54029803575374	19.36562074165064	30.7822984795719	1.4519678156813977E-4
19.0	30.70197825630733	19.232023581799368	19.294524034089402	30.771425883533503	4.824427038983783E-5
20.0	30.533339841162483	19.301924722529648	19.373021954546342	30.79171348176153	0.0
21.0	30.230262929266953	19.428154548446	19.53516496500532	30.806153925796366	2.636314853644981E-4
22.0	30.4303942979755	19.483246863012187	19.384489618066986	30.701248106197244	6.211147480830249E-4
23.0	30.656083302912474	19.394768945528444	19.40874706298797	30.540233998925093	1.6668964602501154E-4
24.0	30.34342587433886	19.516671837682487	19.40721405370529	30.73237963501253	3.0859926083355506E-4
25.0	30.46979548130225	19.577970904745285	19.33439428270554	30.617153066597254	6.862646496796446E-4
26.0	30.67116907653177	19.434490337536825	19.44421048459416	30.44956387917857	5.662221586795132E-4
27.0	30.51501658343002	19.42254711418211	19.58154858494571	30.480887717442158	0.0
28.0	30.61801191401386	19.428256784004212	19.50304182099337	30.450689480988558	0.0
29.0	30.190410344264016	19.11714057846755	19.301478797480712	29.820962323129187	1.5700079566585403
30.0	30.4051533431073	19.501373764730896	19.61286974136291	30.479227520806983	0.0013756299919047673
31.0	30.469320005412765	19.654489965695916	19.337652693151693	30.537839814775637	6.975209639925728E-4
32.0	30.5942453135992	19.59792691426772	19.475106415834915	30.331677950138168	0.0010434061599917269
33.0	30.434465901549117	19.49396331043222	19.543241937013082	30.527704485488126	6.243655174487038E-4
34.0	30.383031405018908	19.700767741791157	19.48111642096577	30.434784614167604	2.9981805656551956E-4
35.0	30.590001069613432	19.459442673895566	19.53367154586744	30.416746695987108	1.3801463645219577E-4
36.0	30.423976544445335	19.448816494521736	19.59654959006246	30.530404953441586	2.5241752888287576E-4
37.0	30.465149397013295	19.59101213940882	19.51355821453478	30.429776558133486	5.036909096154137E-4
38.0	30.683467528672676	19.44306668582709	19.515420907605694	30.35758795195972	4.569259348190585E-4
39.0	30.46916985133793	19.44328731491913	19.62227188188934	30.464928943126914	3.4200872669467035E-4
40.0	30.406784813536863	19.537489680883308	19.546864490315276	30.50806461155068	7.964037138808161E-4
41.0	30.5698387511063	19.538980008371198	19.549790345324407	30.3413908951981	0.0
42.0	30.33417105987633	19.58484820390507	19.57435300981992	30.50606103125369	5.66695144986686E-4
43.0	30.304781510686485	19.74648039659135	19.518036249216816	30.430136163663395	5.656798419535776E-4
44.0	30.542887946758622	19.60527959380929	19.535120529703192	30.316102047330034	6.098823988617335E-4
45.0	30.39896546553487	19.55588075795208	19.554595481916504	30.490558294596543	0.0
46.0	30.37225649844367	19.608800095628744	19.537461232426697	30.48148217350089	0.0
47.0	30.609671648875953	19.495796015086654	19.55713245727183	30.337220072412514	1.7980635305292082E-4
48.0	30.379437491879198	19.45599215825144	19.61399854448314	30.550571805386223	0.0
49.0	30.425590509100175	19.648478718233758	19.505471666699904	30.419988540613264	4.7056535290048644E-4
50.0	30.54969846323771	19.47812692089692	19.588309624136905	30.383753108398608	1.1188332985376178E-4
51.0	30.216398676607753	19.609462531669216	19.71059844483981	30.46354034688322	0.0
52.0	30.45519656392771	19.67774883439857	19.458430768976715	30.408623832697003	0.0
53.0	30.49603121093256	19.599797888527988	19.563646057076653	30.34052484346279	0.0
54.0	30.425648868013877	19.48827027230405	19.602436223021673	30.483644636660408	0.0
55.0	30.312319596661496	19.7382711700677	19.555210426456814	30.39419880681399	0.0
56.0	30.474767178873886	19.59680174430925	19.49304679701303	30.4351177288795	2.6655092433196785E-4
57.0	30.407385365866645	19.600536275124583	19.609656147526252	30.382422211482517	0.0
58.0	30.390631840878733	19.63700045998415	19.460433050138274	30.51193464899884	0.0
59.0	30.56354848083234	19.493548764325254	19.581121497976568	30.361537630140965	2.4362672487721214E-4
60.0	30.3418887578699	19.596187620276428	19.690760269839622	30.371008459981542	1.5489203250873977E-4
61.0	30.316619232038793	19.62708047437723	19.58673174640128	30.469568547182696	0.0
62.0	30.50871196213937	19.496667224099106	19.53833106494412	30.456046746564336	2.4300225307270827E-4
63.0	30.196919781336618	19.669947559286086	19.599507115566478	30.53327234822965	3.53195581170084E-4
64.0	30.336060673577304	19.707706188466638	19.52291031984664	30.432815440172423	5.073779370013082E-4
65.0	30.56241990318606	19.488121145073865	19.628357397192232	30.320153565420178	9.479891276670186E-4
66.0	30.30604955860313	19.626858469650855	19.613065506001263	30.454026465744754	0.0
67.0	30.429020314643086	19.724081674361408	19.424154173174383	30.422611701466977	1.3213635414657094E-4
68.0	30.464910789994814	19.610990137282062	19.6722964257003	30.251802647022824	0.0
69.0	30.3456748179935	19.6717303852601	19.605696232334598	30.376568503667418	3.300607443793956E-4
70.0	30.37289268996586	19.63575212050822	19.538349523105623	30.4526097209024	3.959455178967374E-4
71.0	30.59006760978315	19.5727056426668	19.654823500485914	30.182403247064133	0.0
72.0	30.33077039776438	19.61454826886418	19.680157074163894	30.374524259207547	0.0
73.0	30.269187776362344	19.780591793240575	19.475473477458504	30.474746952938574	0.0
74.0	30.556282172970505	19.570442346608377	19.542151894449137	30.33112358597198	0.0
75.0	30.34458897905236	19.559650951083345	19.56259640026544	30.53243829778535	7.253718135020709E-4
76.0	30.373990880973246	19.779249477237492	19.420607910205085	30.425492302372913	6.594292112633147E-4
77.0	30.323106510820296	19.660198176331082	19.554201074874797	30.462494237973825	0.0
78.0	30.070634856246954	19.717847530990007	19.553369254280863	30.657884524860933	2.6383362124177254E-4
79.0	30.00534593193492	20.004890725060985	19.442369380366685	30.547262018615985	1.3194402142946833E-4
80.0	30.221566354978197	19.692066956234648	19.534862645840708	30.551504042946448	0.0
81.0	30.095509552605503	19.74627600317815	19.400780807700084	30.757433636516257	0.0
82.0	30.149880499730802	20.00739145153757	19.31180699638968	30.530855017932744	6.603440920995112E-5
83.0	30.39622829317449	19.91760347133034	19.138386352865734	30.547737839156763	4.404347266926347E-5
84.0	30.146857611967526	19.946297184953693	19.26587938965541	30.640503124034684	4.6268938868156E-4
85.0	30.132435439046233	20.025613179698347	19.180673667631844	30.660969067973916	3.0864564966161413E-4
86.0	30.24760221458594	20.014506830630328	19.2022478528192	30.5352460171845	3.97084780027165E-4
87.0	29.98505333317734	20.123100845079378	19.35239057267301	30.5393228018676	1.3244720268196756E-4
88.0	29.974384304355816	20.337638549192032	19.145700203582486	30.54214440218851	1.325406811530686E-4
89.0	30.08836840456462	20.273397973082467	19.199937743507228	30.437787391866372	5.084869793065697E-4
90.0	29.94918904710213	20.304113421446367	19.359539488677726	30.38651637858895	6.41664184827607E-4
91.0	29.893646613177705	20.446528311146665	19.3178385427048	30.341942239360897	4.429360993806867E-5
92.0	30.183206421612624	20.304042813115352	19.350980162225035	30.15846766926594	0.003302933781054505
93.0	29.978918602641286	20.416826332198536	19.34229856681556	30.261268651467322	6.878468772972144E-4
94.0	29.927284374114322	20.550593532578322	19.29758277960355	30.22413950880859	3.9980489521113696E-4
95.0	30.217439258255148	20.31824262542383	19.44983313587152	30.014062483322483	4.2249712701953625E-4
96.0	30.08446550262885	20.347969107901726	19.53730865806465	30.030256731404776	0.0
97.0	30.074620079893094	20.430506289731483	19.544523774926475	29.950171562444005	1.7829300494139064E-4
98.0	30.20782593309022	20.340160751091073	19.48191566960543	29.968848088857808	0.0012495573554635892
99.0	29.910617331175253	20.410144991004532	19.658042697406465	30.020949202652254	2.4577776149189783E-4
100.0	29.95326800653939	20.46951703412149	19.64099572908018	29.93608498792602	1.3424233291695837E-4
101.0	30.02107860248507	20.37755075063395	19.68203304554887	29.91920317146932	1.3442986278743905E-4
102.0	29.761927734200576	20.35021767158494	19.8890258607575	29.998738981231465	8.975222551862201E-5
103.0	29.739275863921044	20.501150726133922	19.89114564500554	29.867214226979687	0.0012135379598044766
104.0	29.86349482596637	20.36606957563786	19.965012755578623	29.805422842817148	0.0
105.0	29.595348432424974	20.370629235036375	20.15100594725704	29.88283601506272	1.803702188927884E-4
106.0	29.635275108827088	20.467149057765425	20.110776196759193	29.785986567189127	8.130694591687809E-4
107.0	29.729366506715436	20.354560940331307	20.26324642994428	29.651016122803085	0.0018100002058875236
108.0	29.548939306678708	20.29699458326449	20.40175273856902	29.75072681353207	0.0015865579557155412
109.0	29.472068947586997	20.493633006595534	20.347925916221037	29.68505515729758	0.0013169722988500788
110.0	29.51145775534964	20.343820246701924	20.398464943561493	29.746257054386945	0.0
111.0	29.431677598442402	20.403724577153078	20.436026373037187	29.728138329192454	4.3312217487512976E-4
112.0	29.408288673188242	20.426471454892074	20.473252109812105	29.691782183057637	2.0557904994154702E-4
113.0	29.65961969276662	20.22678896915374	20.63091089838216	29.482611769870932	6.866982654688512E-5
114.0	29.477287326787188	20.311415986051205	20.795861246214553	29.415412498852895	2.294209415435441E-5
115.0	29.256875379167507	20.574393642450385	20.77713758485418	29.391593393527927	0.0
116.0	29.456359953283368	20.371703923528607	20.890728961661694	29.280377053508534	8.30108017805817E-4
117.0	29.287655371947068	20.2549392337951	21.100158926641736	29.357223347650756	2.3119965338547966E-5
118.0	29.246153642868617	20.33658826864842	21.04930806255429	29.36774139108902	2.0863483965369398E-4
119.0	29.357547587345746	20.237615946502824	21.18018105134747	29.22449269918252	1.627156214435014E-4
120.0	29.128124128050704	20.21484131426026	21.346927253583196	29.3095478579389	5.59446166942932E-4
121.0	29.13548132526149	20.337463223932765	21.436128509242113	29.090926941563627	0.0
122.0	29.14702604788587	20.22635371096621	21.50857302019632	29.115022731732733	0.0030244892188682174
123.0	29.037042506769183	20.249729679391997	21.610692232403764	29.100066363180144	0.002469218254907042
124.0	28.98236809803217	20.244703023029594	21.76282223650034	29.010012293647403	9.434879049568024E-5
125.0	29.0681261545683	20.151854123133763	21.89151411223161	28.887606560976348	8.990490899730474E-4
126.0	28.822909284742256	20.183346236126333	22.116154565808756	28.876949124706485	6.407886161766375E-4
127.0	28.795264822902244	20.349172172501994	22.008945831722375	28.844212635392125	0.0024045374812636535
128.0	28.903872131391857	20.07502660585692	22.166309055926753	28.854004062050397	7.881447740747181E-4
129.0	28.6614386413843	20.23140361217732	22.285092700411628	28.818303359641178	0.0037616863855704586
130.0	28.679635313884365	20.20443286405515	22.376348764148656	28.737996630042616	0.0015864278692110407
131.0	28.740339005939475	20.061589213929675	22.536202352158156	28.66037431001512	0.0014951179575724107
132.0	28.517476004136906	20.09287472556716	22.774532632559378	28.613786054275707	0.0013305834608475816
133.0	28.41399550362615	20.174874624078537	22.709551869820196	28.70075280161759	8.252008575293146E-4
134.0	28.49206687422303	20.13037819172705	22.91171467777422	28.465280170655653	5.600856200452209E-4
135.0	28.365382501178786	20.087926531629368	23.106672302043147	28.439627771982245	3.908931664545257E-4
136.0	28.31823395212239	20.142090002100733	23.158640695355125	28.38047155957051	5.637908512432936E-4
137.0	28.339229689300083	19.960755455031105	23.332967680557864	28.36559604189889	0.0014511332120612289
138.0	28.12496760802877	19.900195709205242	23.545199448164208	28.428699409910834	9.37824690949745E-4
139.0	28.03816987287358	20.133661915987545	23.55557239578806	28.269995485331783	0.0026003300190269862
140.0	28.304486300144333	19.868145598988466	23.75899108942779	28.067059908786913	0.0013171026524956362
141.0	27.995165082458932	19.886453752073567	23.843988871809348	28.272596780645166	0.0017955130129805616
142.0	27.936410461223847	19.974580400182276	24.051000355594127	28.036607426837325	0.001401356162426188
143.0	27.98864539251444	19.80502097850118	24.142252017240843	28.06217310553135	0.0019085062121877207
144.0	27.681602822580647	19.854107862903227	24.368346774193547	28.094102822580645	0.001839717741935484
145.0	27.745146466574045	19.822048278490726	24.473483402798696	27.957172004737757	0.0021498473987731706
146.0	27.769569539685392	19.659102563712004	24.69691292396396	27.87276486291904	0.0016501097196032018
147.0	27.53001623463508	19.77319934449794	24.91027624365715	27.784443804460572	0.0020643727492602663
148.0	27.448344714156807	19.79587474481143	24.91177995225814	27.8416966919882	0.002303896785424013
149.0	27.610944755356424	19.592433990647102	25.127630422438703	27.668423269923796	5.67561633968667E-4
150.0	27.313289754909075	19.565193645185904	25.207892178510292	27.911907916261598	0.0017165051331305776
