# Position (bp)	A	C	G	T	N
0.0	27.307240578805867	22.21240927484103	33.55225126854647	16.92809887780663	0.0
1.0	23.110366977499588	19.11919013120677	11.821155495538239	45.947234438584644	0.002052957170751291
2.0	32.90458038608149	19.657858319007595	13.141855392706445	34.29570590220447	0.0
3.0	21.309467415578265	22.19304775439309	10.388892648485259	46.108592181543386	0.0
4.0	40.13834844577047	9.787287579643591	9.948372080483837	40.1259918941021	0.0
5.0	44.989825864465736	10.594532157655449	22.40637892554861	22.0092630523302	0.0
6.0	35.2753544956314	13.991786988108753	19.90194350821859	30.830915008041256	0.0
7.0	40.355591711899145	15.321695139787241	19.246362508835336	25.076350639478285	0.0
8.0	18.871573351054995	31.893448524118075	22.62723597496816	26.607742149858783	0.0
9.0	30.02934053342812	19.530330693642	13.10830829416479	37.332020478765095	0.0
10.0	27.586548364097286	14.980370927847755	27.970987703222512	29.46209300483245	0.0
11.0	27.43422813197805	18.343737798698818	18.204670383905032	36.017363685418104	0.0
12.0	25.337636185940955	20.627892892203484	23.145979959376522	30.888490962479036	0.0
13.0	23.683447844552383	26.31927601888836	18.430967494503246	31.56630864205602	0.0
14.0	32.83196969664061	20.4662790419864	20.082274315774384	26.619476945598606	0.0
15.0	32.52469535361495	18.960489599050938	19.1994873671062	29.315327680227917	0.0
16.0	31.70580684135015	18.60130958673585	18.3732645818276	31.319618990086408	0.0
17.0	31.790824938449465	18.41592035521916	18.566006902260973	31.22681775665767	4.3004741272725317E-4
18.0	31.57074672033297	18.277405928583523	19.21978109120057	30.931637615278607	4.2864460432888186E-4
19.0	30.992371956312308	18.997054306288064	19.18567269262893	30.824901044770698	0.0
20.0	30.729420580802973	19.12145087912392	19.20660636239193	30.942522177681177	0.0
21.0	30.553391979795624	19.14789307809035	19.279900675955304	31.018177573564525	6.366925942039751E-4
22.0	30.661515971456797	19.279777104087906	19.1496698661059	30.908402388895823	6.346694535707561E-4
23.0	30.8855628641867	19.216615032909928	19.204383210347277	30.69343889255609	0.0
24.0	30.523230755969312	19.278825837133468	19.211758448073233	30.985554231027184	6.30727796804733E-4
25.0	30.68682930918846	19.505784708249497	19.108190811535884	30.69835680751174	8.383635144198524E-4
26.0	30.864439996489924	19.192180885960113	19.241071242023978	30.701890009234845	4.1786629114415964E-4
27.0	30.71252559463924	19.24800189967943	19.241752954188982	30.797719551492353	0.0
28.0	30.89018171550063	19.17335226895223	19.295229552853634	30.641028835293337	2.0762740017274598E-4
29.0	30.398922078352154	18.907093419876148	19.118621055071696	29.979385369407556	1.5959780772924463
30.0	30.64027127375245	19.390170660579656	19.260353869427835	30.70775949427176	0.0014447019683032386
31.0	30.760538448872055	19.47081343652231	19.180388605302156	30.587642022064877	6.17487238597069E-4
32.0	30.844003210714426	19.46670115515921	19.228361037036123	30.460113442505836	8.211545844034004E-4
33.0	30.57776776664039	19.405338439013402	19.26343056650524	30.75325845457617	2.0477326480254737E-4
34.0	30.56159257473875	19.514187902902943	19.255594682702444	30.668624839655863	0.0
35.0	30.872252117517373	19.12051460205751	19.365223610242325	30.641805915804614	2.03754378172201E-4
36.0	30.84304624586528	19.18470493279742	19.323765784118194	30.64827973188092	2.033053381882648E-4
37.0	30.712501293741134	19.348685051658325	19.26405916100634	30.674348614022733	4.0587957147234844E-4
38.0	30.905756350629744	19.29172872906344	19.32638234489467	30.475524617239667	6.079581724777335E-4
39.0	30.645856477687328	19.359708285021078	19.48921548987112	30.505017392412903	2.0235500757819503E-4
40.0	30.69590066530319	19.355634058996145	19.30551401340307	30.642142874465456	8.083878321463506E-4
41.0	30.737277239413764	19.336496908752178	19.28240259491231	30.64382325692175	0.0
42.0	30.674995011458527	19.272499329822207	19.417015864569663	30.634885122456097	6.04671693504012E-4
43.0	30.601243591317807	19.51520470543714	19.16233717871039	30.72061064399833	6.038805363264337E-4
44.0	30.85531526533107	19.265499925621263	19.329023387087048	30.550161421960624	0.0
45.0	30.662457527050147	19.34517354668209	19.278502060389908	30.713866865877854	0.0
46.0	30.51074594707373	19.655263036469815	19.193848339007396	30.640142677449063	0.0
47.0	30.756806044027613	19.461728840392382	19.229667037404436	30.551397280588372	4.007975871985251E-4
48.0	30.556540021024176	19.312809731190868	19.340041047204284	30.790609200580665	0.0
49.0	30.589223905083934	19.573838058462215	19.225905844220804	30.610431964146372	6.002280866729357E-4
50.0	30.82802369494853	19.383595466531787	19.332814864721676	30.45556597379801	0.0
51.0	30.58825879391966	19.429319057986934	19.368595569582325	30.613826578511077	0.0
52.0	30.656564245252515	19.49533135596265	19.23465375387723	30.6134506449076	0.0
53.0	30.71672491103771	19.295043643384876	19.328953037483842	30.659278408093577	0.0
54.0	30.51000169435779	19.242123727985806	19.414150877577665	30.833723700078735	0.0
55.0	30.56717416764263	19.4593162679159	19.339213014970085	30.634296549471387	0.0
56.0	30.631383694362846	19.22711025132749	19.412998654597853	30.728109351739068	3.980479727416748E-4
57.0	30.677411271493522	19.388416668986885	19.299121366039145	30.635050693480448	0.0
58.0	30.55131568487161	19.560378408458543	19.269814770649496	30.618491136020353	0.0
59.0	30.770223940187275	19.385902534175013	19.29592124551583	30.54755501173928	3.9726838260123394E-4
60.0	30.592336431529336	19.4491537200189	19.394362897878644	30.563948433101594	1.9851747152266873E-4
61.0	30.60259561947052	19.345321357214143	19.30087717731839	30.75120584599695	0.0
62.0	30.61671737224772	19.441590740513032	19.309306688773507	30.63198854463744	3.966538283044239E-4
63.0	30.534718863241693	19.336626676076218	19.39907067471236	30.72898908122081	5.94704748915655E-4
64.0	30.566542485732402	19.438807863031073	19.210129993658846	30.78412333544705	3.963221306277743E-4
65.0	30.71158897239136	19.379132481053478	19.280289674789337	30.628196544661495	7.923271043217483E-4
66.0	30.615554605075562	19.280288629091025	19.389791844881664	30.71436492095175	0.0
67.0	30.659513605004502	19.49321481950727	19.104613526809132	30.74226212275683	3.959259222599452E-4
68.0	30.706299103520614	19.382161445449327	19.429854940531555	30.481684510498507	0.0
69.0	30.43361270052312	19.415426133890485	19.593295187445094	30.557468126023885	1.9785211741336057E-4
70.0	30.528137671842547	19.550390663633664	19.197903273662348	30.723172782118485	3.956087429532193E-4
71.0	30.64237965270361	19.450179977057868	19.40528460108382	30.502155769154697	0.0
72.0	30.58548768887896	19.374665055637845	19.45673260415163	30.583114651331574	0.0
73.0	30.40160904673474	19.57673527265392	19.19049285955846	30.83116282105288	0.0
74.0	30.82440040101797	19.316094306454453	19.21663077674491	30.64287451578267	0.0
75.0	30.54535173842729	19.40957133423751	19.33622247440698	30.708261335463284	5.931174649368725E-4
76.0	30.600930835814637	19.507811665895584	18.99751276241543	30.892756167676982	9.885681973656635E-4
77.0	30.533771518739545	19.372105623247553	19.277587291041325	30.816535566971577	0.0
78.0	30.147563316981348	19.560888899434303	19.21605381325519	31.075098517248673	3.954530804806337E-4
79.0	30.15234870926788	19.724451335028732	19.156109966342484	30.9670899893609	0.0
80.0	30.233763254133233	19.56835186917644	19.118586542246096	31.079298334444232	0.0
81.0	30.168751743609732	19.620432237142797	18.989468102576684	31.221347916670787	0.0
82.0	30.305932449893447	19.809131077441812	18.8565673274987	31.028369145166046	0.0
83.0	30.614022411946706	19.99794131561809	18.626342846170747	30.761693426264458	0.0
84.0	30.230545781445844	19.897865228832977	18.783847736421798	31.08734522859536	3.9602470402103686E-4
85.0	30.205675388687258	19.924481354105584	18.633413632977796	31.236429624229363	0.0
86.0	30.30926404867366	20.054896598194556	18.712209043075	30.923432127391813	1.9818266496229574E-4
87.0	29.958408170871447	20.19523180803527	18.853112250359814	30.99324777073347	0.0
88.0	29.920388418835458	20.426102443881174	18.84061420315035	30.812894934133016	0.0
89.0	30.00341326729058	20.462934298573572	18.879535478135246	30.653720064455186	3.968915454162995E-4
90.0	29.92499741918065	20.370804183309644	19.111364340223457	30.59263553272082	1.9852456542972626E-4
91.0	30.05051558474322	20.50599015909529	19.190558770304065	30.252935485857424	0.0
92.0	30.135853631873427	20.734822058575077	19.08350973435497	30.044423243194895	0.0013913320016298461
93.0	29.84764446530387	20.84910219415039	18.969566678665252	30.333487790277964	1.9887160252726033E-4
94.0	29.63603438669108	21.165525750218897	18.92859985672212	30.269442012258217	3.979941096871766E-4
95.0	29.72759840928145	20.966100648594182	18.882514243383124	30.42299014463431	7.96554106933406E-4
96.0	29.825428556053595	20.98624196052561	18.897323928784257	30.291005554636534	0.0
97.0	29.63433533920668	21.097771864983514	18.98592032487569	30.28157355677845	3.9891415566827097E-4
98.0	29.821490236156663	20.81316457111148	19.054215628936028	30.309732305217164	0.0013972585786686522
99.0	29.78746352365944	20.87615121428015	19.168429315293398	30.167955946767012	0.0
100.0	29.496903374901546	21.004274102298577	19.352407531056212	30.146015169264846	3.9982247881940414E-4
101.0	29.57365806620694	20.884773045090895	19.46496698055644	30.07640185092937	2.0005721636388009E-4
102.0	29.23568549638496	20.845905722597866	19.81935804229128	30.099050738725897	0.0
103.0	29.179217395661105	20.98401723533243	19.85710706949246	29.978455834460643	0.0012024650533593868
104.0	29.27382146439318	20.66680040120361	20.014042126379135	30.04533600802407	0.0
105.0	28.92225956847013	20.749053292694192	20.30170146292883	30.026584103348714	4.015725581376671E-4
106.0	28.95495868516103	20.879319666908533	20.264471248449816	29.900647409858077	6.02989622548596E-4
107.0	28.87003602842018	20.81637582271602	20.52009741762776	29.792081798603142	0.0014089326328925388
108.0	28.618146648129116	20.851115275343048	20.58897015857664	29.941163432670415	6.044852807834129E-4
109.0	28.59353812875315	20.933484535416802	20.63020597920837	29.84156066378253	0.0012106928391554207
110.0	28.67823117568018	20.822380052737394	20.743577050140935	29.75581172144149	0.0
111.0	28.66105950644311	20.583754342446824	20.957654947202727	29.796924222406112	6.069815012271142E-4
112.0	28.606076078631602	20.60331238273541	21.023337426196758	29.767071495435037	2.0261700118733562E-4
113.0	28.819381740339058	20.576663589233718	21.151703917132508	29.452250753294713	0.0
114.0	28.620328681918426	20.48702651611395	21.515554968341245	29.377089833626375	0.0
115.0	28.408752999067183	20.76148810760388	21.517721482893606	29.312037410435327	0.0
116.0	28.437026478408438	20.511270579682325	21.749216838683065	29.301873460735745	6.126424904325665E-4
117.0	28.13543430240771	20.506353472965753	22.155165178013934	29.203047046612607	0.0
118.0	28.141023272616806	20.468736529674743	22.183906630376327	29.20592304313378	4.105241983488716E-4
119.0	28.256324138328438	20.370393236691115	22.29109558030606	29.081981247787684	2.0579688670469793E-4
120.0	28.060115998126534	20.370855625455214	22.629744791741892	28.938664597875224	6.189868011381104E-4
121.0	27.93058995640145	20.40958216163535	22.846507046741696	28.8133208352215	0.0
122.0	28.127763454520544	20.159050430320466	22.948556672354453	28.763176358737397	0.0014530840671407874
123.0	27.77424936853043	20.194323957945066	23.29367864081511	28.73670686276755	0.001041169941840247
124.0	27.68194132009934	20.2108750185372	23.266641184542795	28.84054247682067	0.0
125.0	27.691891846587097	20.193693844709667	23.516075499530643	28.597710205176348	6.286039962451387E-4
126.0	27.660620939417313	20.09740143727024	23.793989864701544	28.446936815178987	0.0010509434319188335
127.0	27.59853834524319	20.16902228116823	23.809453524144082	28.41982300735677	0.0031628420877288055
128.0	27.45895571320397	20.00562627172777	24.05167709430562	28.483317892813176	4.230279494566206E-4
129.0	27.220780543490484	20.046595811045073	24.214968798205764	28.514047703416388	0.003607143842287184
130.0	27.293720522381705	19.96709574160154	24.38171493759684	28.356830294052543	6.385043673698728E-4
131.0	27.283734696623167	19.941530583263397	24.61225038919106	28.162057235109838	4.27095812539106E-4
132.0	27.05230476508816	19.92749198105021	24.90491893200659	28.11335591709574	0.001928404759302946
133.0	26.91016331987739	19.94617623414198	25.075340375132733	28.06810511970629	2.1495114160551308E-4
134.0	26.9459373193813	19.730894315956558	25.226878650115165	28.096074050430897	2.1566411607905385E-4
135.0	26.673518624703835	19.933355692354297	25.44968679339183	27.943222511927818	2.1637762222630934E-4
136.0	26.60353477789863	19.825974821057567	25.738402120606224	27.831871183158462	2.170972791198008E-4
137.0	26.67543737366697	19.69706210357566	25.842728444971076	27.7839008155015	8.712622847982156E-4
138.0	26.41438921246162	19.55547299290811	26.206331340902384	27.823369357359063	4.3709636882191603E-4
139.0	26.269564435752795	19.78027760177672	26.240843986573736	27.70712157519605	0.002192400700691264
140.0	26.407388183129815	19.631954463877257	26.56442446422916	27.395353133687582	8.797550761867896E-4
141.0	26.18422446205716	19.565188610968914	26.69061446399887	27.558648567545145	0.001323895429912976
142.0	26.06698340026655	19.602651352464278	26.955859497801608	27.37317741656963	0.0013283328979353279
143.0	26.142100972676648	19.401556193788995	27.194519781164413	27.260712437333545	0.001110615036394855
144.0	25.802338696375156	19.37671913799022	27.456500514905514	27.363104233816145	0.0013374169129742814
145.0	25.71562793611024	19.36691870609816	27.663191803498727	27.25202451791866	0.002237036374211445
146.0	25.696115580777246	19.284040298829108	27.85921449608505	27.1590582573091	0.0015713669994971626
147.0	25.5561037925231	19.286826316275654	28.099998422879956	27.05504374255092	0.0020277257703668157
148.0	25.34154241459178	19.311170020266356	28.286723726114648	27.058528155761437	0.0020356832657788073
149.0	25.459061029654695	19.17404331430785	28.402201032161045	26.964466773756225	2.2785012019093843E-4
150.0	24.991634541779163	19.180505961248446	28.451496385663667	27.375446348763976	9.167625447494718E-4
