#Position (bp)	mapping quality
15197.0	26.915065541389836
45590.0	40.914373105538715
75983.0	41.36761530912659
106376.0	41.53782287822878
136769.0	39.709731108794685
167162.0	31.391793187953514
197555.0	29.125204460966543
221485.0	9.60849790544584
236681.5	17.914891562542245
258341.0	34.040699446888205
288734.0	41.08411529402969
319127.0	40.634118636530616
349520.0	41.45108559829038
379913.0	41.05049614610881
410306.0	41.034130730274896
440699.0	33.305977111948316
471092.0	37.98881266667785
501485.0	33.15852775214085
531878.0	40.835031195325655
562271.0	40.799131242955355
592664.0	41.137723948680375
623057.0	41.19466016081369
653450.0	40.44488364964622
683843.0	41.09662567874278
714236.0	38.85973586125908
744629.0	41.27562810331065
775022.0	41.489540783875846
805415.0	41.36332645237393
835808.0	40.939110728528014
866201.0	40.511618014569045
896594.0	40.24898024254285
926987.0	41.21003896893211
957380.0	41.204053847476736
987773.0	41.26483094376703
1018166.0	40.935335782987245
1038382.5	14.548395347420986
1053579.0	24.729487982143343
1078952.0	41.32859093052694
1109345.0	41.71222439954169
1139738.0	32.34922022048938
1170131.0	40.70532829377205
1200524.0	38.35011806154192
1230917.0	37.220626083033416
1261310.0	41.33732532803435
1291703.0	41.71100549611024
1322096.0	39.95304085144666
1348657.5	33.37869659721586
1363854.0	6.175829953432477
1382882.0	28.580061131383108
1413275.0	40.47200276137148
1443668.0	41.27030876363158
1474061.0	40.11101283347251
1504454.0	40.29009708327164
1534847.0	41.32524107158259
1565240.0	40.287448250482996
1595633.0	39.99480300930509
1626026.0	41.31679350339666
1656419.0	41.058949479618384
1686812.0	41.49497630461769
1717205.0	41.01126208382091
1747598.0	40.4678330924212
1777991.0	41.07463969773072
1808384.0	39.74698077080679
1838777.0	40.314908798552835
1869170.0	30.526059353314633
1899563.0	20.357157240303053
1929956.0	41.19418140694313
1960349.0	40.98567284088373
1990742.0	39.83203517153045
2021135.0	28.641296279276922
2051528.0	41.01624532602381
2081921.0	41.350884627608856
2112314.0	38.470623363874346
2142707.0	41.77111545441854
2173100.0	37.52640172566173
2203493.0	41.785999432822145
2233886.0	21.430076450389823
2264279.0	41.2319336580229
2294672.0	40.645267585884554
2325065.0	41.05243364081705
2355458.0	20.757938020634793
2385851.0	40.258565479708096
2416244.0	41.14585215008496
2446637.0	27.053833213169913
2477030.0	41.23527037045193
2507423.0	37.42473131624016
2537816.0	40.17573874762585
2568209.0	28.896615183197575
2598602.0	39.38346226217855
2628995.0	41.23715393436357
2659388.0	40.30340031883346
2689781.0	41.300874830673585
2720174.0	40.5175511233706
2750567.0	41.26953544575725
2780960.0	41.328205813922395
2811353.0	41.098375916971214
2841746.0	41.25855725112508
2872139.0	32.72059125517328
2889645.5	0.9578623979303097
2904842.0	5.240471276528093
2932925.0	41.368984354676876
2963318.0	41.315176531289154
2993711.0	40.93531815056025
3024104.0	41.38003467832244
3054497.0	41.250305616286994
3084890.0	36.587726122256676
3115283.0	37.184394124523294
3145676.0	40.289883652139615
3176069.0	41.15248273613026
3206462.0	39.562898964097506
3236855.0	40.78778897738628
3267248.0	41.10771220467754
3297641.0	39.885855659639255
3322340.5	35.442803482436084
3337537.0	22.0
3358427.0	29.63362831858407
3388820.0	31.885416666666668
3410819.5	28.0
3426016.0	27.580798741444028
3449606.0	37.28669195793992
3479999.0	40.74901058226166
3510392.0	41.32163864452657
3540785.0	40.41703180604982
3571178.0	41.2943328632951
3601571.0	40.95207585381571
3631964.0	41.51659847864958
3662357.0	40.29133743131752
3692750.0	39.01993748415984
3723143.0	41.19942249019323
3753536.0	40.75665350650049
3783929.0	40.06961605541772
3814322.0	41.219411137256586
3844715.0	38.912639841308774
3875108.0	30.726141767608794
3905501.0	31.648458573236162
3935894.0	41.40552798604743
3966287.0	40.99539858283699
3987990.0	19.62426064891321
4003186.5	14.984208847712617
4027073.0	40.97656916709336
4057466.0	41.67730014915073
4087859.0	40.38210990476896
4118252.0	39.403830372272964
4148645.0	35.391302143023765
4179038.0	41.25706203023044
4209431.0	40.92290176538348
4239824.0	41.09871964206514
4259839.0	40.74198633736206
4275035.5	35.01287299158378
4300610.0	41.457879261807946
4331003.0	41.01001673361676
4361396.0	40.069388100488304
4391789.0	41.1047103981203
4422182.0	41.05566997918522
4452575.0	41.64789923613453
4482968.0	40.84902937766705
4513361.0	40.60466363843099
4543754.0	41.351333391297864
4574147.0	40.753465818177375
4604540.0	41.10300483587803
4634933.0	40.75192612992062
4665326.0	36.91545872940772
4695719.0	40.88032078963603
4726112.0	41.26517215848809
4756505.0	40.6557928802589
4786898.0	34.64408246599054
4817291.0	21.096845776761707
4847684.0	30.727343248938705
4878077.0	41.758632601456384
4908470.0	41.12887709404545
4938863.0	41.382287177819336
4969256.0	34.68690114032369
4999649.0	40.784480475894306
5030042.0	39.84729255232054
5060435.0	41.34798641567755
5090828.0	24.579109918219206
5121221.0	40.84494384697333
5151614.0	40.43382756428715
5182007.0	39.974494007137956
5212400.0	41.35976166659418
5242793.0	41.618517801857585
5273186.0	40.76262405433987
5303579.0	41.36021838937833
5333972.0	32.92787466745492
5352383.0	0.8814177693761814
5367579.5	32.121176060679154
5394758.0	41.02528229247286
5425151.0	41.28400750369034
5455544.0	31.954492752228695
5485937.0	40.72286927925459
5516330.0	40.81325543345958
5546723.0	39.9081137120096
5577116.0	20.384182135768718
5607509.0	41.45007554625755
5637902.0	40.63123292807027
5668295.0	41.3744304611138
5698688.0	41.54712925007987
5729081.0	40.495927261956396
5759474.0	40.46874495843058
5789867.0	41.215873730756634
5820260.0	40.752206854334304
5850653.0	40.928793255430236
5881046.0	23.496883363475856
5907241.5	6.313630527701484
5922438.0	1.4190525767829256
5941832.0	25.138836936192423
5972225.0	41.13165024001041
6002618.0	40.932023728989954
6033011.0	40.7277458073474
6063404.0	40.105395333263054
6093797.0	41.41525735069006
6124190.0	31.49501633066787
6154583.0	40.89167733335102
6184976.0	41.37111431662459
6215369.0	41.450069724468136
6245762.0	40.991141044438656
6276155.0	39.267488931912645
6306548.0	41.08476017228338
6336941.0	40.97114588865969
6367334.0	40.91131798138168
6397727.0	21.83169621712897
6428120.0	41.194402710841416
6458513.0	39.745686890449484
6488906.0	41.23468527881586
6519299.0	41.17620922326586
6549692.0	41.092440451275664
6580085.0	41.249133462322426
6610478.0	40.29044054683014
6640871.0	27.481318366089997
6660029.5	6.340881244474774
6675226.0	37.494408544104495
6701657.0	41.47287843179873
6732050.0	40.62195518986592
6762443.0	40.754196943122025
6792836.0	40.48033856638919
6823229.0	40.56804552817619
6853622.0	40.837248504622075
6884015.0	41.30446630050666
6914408.0	41.227892249093664
6944801.0	41.06752267704365
6975194.0	39.64550076930474
7005587.0	40.890403886001565
7035980.0	41.24614460497613
7066373.0	41.00344738221946
7096766.0	40.78359154842917
7127159.0	40.73743942053666
7157552.0	41.644068055938064
7187945.0	40.392910719897536
7218338.0	40.215308662549084
7248731.0	41.42940559106955
7279124.0	41.21046456726711
7309517.0	37.737582288565555
7327760.5	15.793495114797587
7342957.0	17.413446817083
7370303.0	41.02375149597601
7400696.0	41.25208455319979
7431089.0	39.494649847759895
7461482.0	41.304714898799176
7491875.0	40.77573354480571
7522268.0	41.03178018750706
7552661.0	32.17467469229235
7583054.0	41.23801828009122
7613447.0	41.52420223286889
7643840.0	41.49909612418048
7674233.0	41.16940924195708
7704626.0	40.761735055386794
7735019.0	40.889355685720055
7765412.0	41.53642435964699
7795805.0	4.948701486708503
7826198.0	19.376020135000577
7856591.0	41.22676431988485
7886984.0	40.910702925627206
7917377.0	31.069550435820464
7947770.0	40.78685444775806
7978163.0	27.521369147263226
8008556.0	40.651712194251026
8038949.0	41.29792234652628
8069342.0	40.1096322217362
8099735.0	41.16687738681087
8130128.0	41.147162083089526
8160521.0	40.779419008693566
8190914.0	41.43575264784422
8221307.0	41.52334914264867
8251700.0	41.568009047601265
8282093.0	34.79959913378507
8312486.0	32.877284633153884
8342879.0	40.328514350501784
8373272.0	41.09633207613754
8398726.5	8.859558739814258
8413923.0	6.620615625222151
8434058.0	40.93499656672007
8464451.0	41.124595079377826
8494844.0	41.25563809587261
8525237.0	40.88526357869489
8555630.0	41.29077205392858
8586023.0	29.31459866944849
8616416.0	29.64715795748974
8646809.0	40.51032689549798
8677202.0	41.077566815818116
8707595.0	41.379300300579466
8737988.0	41.48969586641976
8768381.0	27.37779611548324
8798774.0	33.440471973030114
8829167.0	41.66604571794234
8859560.0	40.89301768643386
8889953.0	40.585604637749746
8920346.0	39.62250731714333
8950739.0	41.288829402401966
8981132.0	40.89628887078921
9011525.0	39.08244098808357
9041918.0	40.657976997546754
9072311.0	40.85019979280746
9102704.0	41.745466838773126
9133097.0	41.377474418364955
9163490.0	40.27584536496609
9193883.0	41.163266910348625
9224276.0	40.86059854497355
9254669.0	41.30183263981401
9285062.0	41.06498198333458
9315455.0	37.02559703714169
9332033.5	18.240185482183946
9347230.0	21.091206501263795
9376241.0	41.371109755411624
9406634.0	40.805054378012294
9437027.0	32.1273512755613
9467420.0	41.349243469751336
9497813.0	41.28941568300926
9528206.0	41.449975270045
9558599.0	41.191941540890284
9588992.0	40.705411038111095
9619385.0	41.14412199045384
9649778.0	41.83819238006927
9680171.0	40.670045657480365
9710564.0	41.15688086962952
9740957.0	40.98688081591736
9771350.0	40.47918462221526
9801743.0	41.33925097626699
9832136.0	41.03532506576475
9862529.0	32.36290977280263
9892922.0	28.009495241471463
9923315.0	37.70335214795187
9953708.0	40.03812721026291
9984101.0	41.288458530538
1.0014494E7	41.382969520169
1.0044887E7	40.390689941812134
1.007528E7	39.19090861052058
1.01041125E7	32.73400203438382
1.0119309E7	20.4623405260671
1.0136066E7	33.14153248753055
1.0166459E7	41.233649229596985
1.0196852E7	40.86877884555352
1.0227245E7	31.399145510557442
1.0257638E7	41.25534059396231
1.0288031E7	40.88178143902426
1.0318424E7	41.48199783432593
1.0348817E7	40.67358572943304
1.037921E7	41.16446162405927
1.0409603E7	41.25248425226785
1.0439996E7	41.49072601357833
1.0470389E7	40.5128501187063
1.0500782E7	41.86054503637142
1.0531175E7	40.93879432230878
1.0561568E7	41.022178026878805
1.0591961E7	40.92499011324825
1.0622354E7	41.03552127015451
1.0652747E7	40.5730341105385
1.068314E7	38.746870478706676
1.0713533E7	29.102180812309363
1.0743926E7	41.482712310900766
1.0774319E7	40.13913922542827
1.0804712E7	40.37264659249243
1.0835105E7	30.16853171187341
1.0865498E7	41.55501573876824
1.0895891E7	41.40310092437568
1.0926284E7	41.29406613621616
1.0956677E7	41.43658682841888
1.098707E7	40.67683333899092
1.1017463E7	41.11071469151233
1.1047856E7	41.30240770651337
1.1078249E7	34.09351808760315
1.1108642E7	40.239348390568594
1.1139035E7	41.438833122835426
1.1169428E7	41.046661026561175
1.1196832E7	10.373255234297108
1.12120285E7	0.9396568685318538
1.1230214E7	27.34242200504166
1.1260607E7	32.290691916778876
1.1291E7	40.692855443820825
1.1321393E7	40.59604677504267
1.1351786E7	40.71695275172536
1.1382179E7	40.689907931815284
1.1412572E7	40.50283508009431
1.1442965E7	41.34405646102133
1.1473358E7	41.62278392574202
1.1503751E7	40.92552759870942
1.1534144E7	41.275494434554666
1.1564537E7	41.44023047916642
1.159493E7	41.21218322275485
1.1625323E7	40.254638731875154
1.1655716E7	29.82942373447747
1.1686109E7	41.1626516523571
1.1716502E7	41.73207713206177
1.1746895E7	41.34395774908537
1.1777288E7	40.21924825318845
1.1807681E7	41.80882843457726
1.1838074E7	41.42478957769158
1.1868467E7	40.7212021460787
1.189886E7	40.222359935441254
1.1929253E7	40.65611651673704
1.1959646E7	41.66622471528132
1.1990039E7	39.75177885901826
1.2020432E7	30.884687028461418
1.2050825E7	20.240075700364855
1.2081218E7	40.818996350269686
1.2111611E7	41.19272418830404
1.21419565E7	31.365164159056345
