#Coverage	Number of genomic locations
0.0	18659.0
1.0	4700.0
2.0	9693.0
3.0	13449.0
4.0	25181.0
5.0	38631.0
6.0	58914.0
7.0	88271.0
8.0	120161.0
9.0	160356.0
10.0	204434.0
11.0	251723.0
12.0	295886.0
13.0	339678.0
14.0	384117.0
15.0	412530.0
16.0	440867.0
17.0	457304.0
18.0	473506.0
19.0	478504.0
20.0	477731.0
21.0	464647.0
22.0	458097.0
23.0	438823.0
24.0	417373.0
25.0	392093.0
26.0	371034.0
27.0	346687.0
28.0	324726.0
29.0	303459.0
30.0	275937.0
31.0	253939.0
32.0	236263.0
33.0	220241.0
34.0	202315.0
35.0	189131.0
36.0	175428.0
37.0	163017.0
38.0	151405.0
39.0	138605.0
40.0	129382.0
41.0	119924.0
42.0	109888.0
43.0	102834.0
44.0	97976.0
45.0	90262.0
46.0	85247.0
47.0	79391.0
48.0	74625.0
49.0	69306.0
50.0	64613.0
51.0	61491.0
52.0	56992.0
53.0	53654.0
54.0	49960.0
55.0	45976.0
56.0	43501.0
57.0	40333.0
58.0	37667.0
59.0	34689.0
60.0	31853.0
61.0	29131.0
62.0	27161.0
63.0	24835.0
64.0	23031.0
65.0	21034.0
66.0	19674.0
67.0	17849.0
68.0	16658.0
69.0	15062.0
70.0	14352.0
71.0	13244.0
72.0	11583.0
73.0	10359.0
74.0	9318.0
75.0	8502.0
76.0	7831.0
77.0	7062.0
78.0	6532.0
79.0	5989.0
80.0	5203.0
81.0	4774.0
82.0	4480.0
83.0	4059.0
84.0	3554.0
85.0	3556.0
86.0	2940.0
87.0	2623.0
88.0	2673.0
89.0	2332.0
90.0	2080.0
91.0	1931.0
92.0	1796.0
93.0	1751.0
94.0	1475.0
95.0	1375.0
96.0	1211.0
97.0	1102.0
98.0	1065.0
99.0	968.0
100.0	964.0
101.0	896.0
102.0	888.0
103.0	790.0
104.0	687.0
105.0	565.0
106.0	577.0
107.0	524.0
108.0	465.0
109.0	484.0
110.0	388.0
111.0	406.0
112.0	372.0
113.0	383.0
114.0	348.0
115.0	310.0
116.0	296.0
117.0	285.0
118.0	363.0
119.0	289.0
120.0	250.0
121.0	246.0
122.0	285.0
123.0	246.0
124.0	241.0
125.0	211.0
126.0	277.0
127.0	215.0
128.0	228.0
129.0	203.0
130.0	214.0
131.0	219.0
132.0	181.0
133.0	200.0
134.0	217.0
135.0	188.0
136.0	221.0
137.0	214.0
138.0	183.0
139.0	186.0
140.0	214.0
141.0	206.0
142.0	231.0
143.0	217.0
144.0	241.0
145.0	187.0
146.0	193.0
147.0	197.0
148.0	227.0
149.0	208.0
150.0	243.0
151.0	207.0
152.0	178.0
153.0	189.0
154.0	203.0
155.0	164.0
156.0	219.0
157.0	175.0
158.0	206.0
159.0	195.0
160.0	186.0
161.0	207.0
162.0	207.0
163.0	170.0
164.0	160.0
165.0	148.0
166.0	172.0
167.0	163.0
168.0	169.0
169.0	163.0
170.0	132.0
171.0	188.0
172.0	175.0
173.0	157.0
174.0	159.0
175.0	188.0
176.0	149.0
177.0	131.0
178.0	158.0
179.0	155.0
180.0	132.0
181.0	150.0
182.0	150.0
183.0	149.0
184.0	132.0
185.0	125.0
186.0	119.0
187.0	150.0
188.0	135.0
189.0	120.0
190.0	152.0
191.0	98.0
192.0	142.0
193.0	124.0
194.0	121.0
195.0	91.0
196.0	159.0
197.0	131.0
198.0	120.0
199.0	115.0
200.0	129.0
201.0	94.0
202.0	90.0
203.0	112.0
204.0	88.0
205.0	94.0
206.0	83.0
207.0	104.0
208.0	125.0
209.0	86.0
210.0	109.0
211.0	102.0
212.0	104.0
213.0	111.0
214.0	109.0
215.0	90.0
216.0	104.0
217.0	95.0
218.0	124.0
219.0	90.0
220.0	86.0
221.0	100.0
222.0	101.0
223.0	67.0
224.0	55.0
225.0	84.0
226.0	80.0
227.0	114.0
228.0	106.0
229.0	108.0
230.0	94.0
231.0	85.0
232.0	79.0
233.0	98.0
234.0	78.0
235.0	111.0
236.0	74.0
237.0	82.0
238.0	84.0
239.0	86.0
240.0	82.0
241.0	82.0
242.0	68.0
243.0	69.0
244.0	77.0
245.0	83.0
246.0	64.0
247.0	99.0
248.0	93.0
249.0	94.0
250.0	77.0
251.0	97.0
252.0	58.0
253.0	84.0
254.0	74.0
255.0	61.0
256.0	60.0
257.0	66.0
258.0	87.0
259.0	56.0
260.0	64.0
261.0	63.0
262.0	69.0
263.0	66.0
264.0	65.0
265.0	66.0
266.0	49.0
267.0	67.0
268.0	61.0
269.0	53.0
270.0	45.0
271.0	39.0
272.0	64.0
273.0	42.0
274.0	52.0
275.0	54.0
276.0	59.0
277.0	65.0
278.0	48.0
279.0	47.0
280.0	51.0
281.0	54.0
282.0	38.0
283.0	38.0
284.0	49.0
285.0	37.0
286.0	37.0
287.0	58.0
288.0	49.0
289.0	44.0
290.0	37.0
291.0	41.0
292.0	48.0
293.0	51.0
294.0	47.0
295.0	53.0
296.0	61.0
297.0	50.0
298.0	51.0
299.0	41.0
300.0	53.0
301.0	56.0
302.0	45.0
303.0	54.0
304.0	43.0
305.0	39.0
306.0	61.0
307.0	47.0
308.0	45.0
309.0	49.0
310.0	50.0
311.0	53.0
312.0	32.0
313.0	26.0
314.0	36.0
315.0	24.0
316.0	36.0
317.0	32.0
318.0	32.0
319.0	32.0
320.0	45.0
321.0	29.0
322.0	30.0
323.0	51.0
324.0	34.0
325.0	33.0
326.0	31.0
327.0	33.0
328.0	47.0
329.0	29.0
330.0	38.0
331.0	39.0
332.0	27.0
333.0	46.0
334.0	44.0
335.0	46.0
336.0	38.0
337.0	58.0
338.0	45.0
339.0	62.0
340.0	53.0
341.0	54.0
342.0	37.0
343.0	33.0
344.0	48.0
345.0	41.0
346.0	63.0
347.0	28.0
348.0	51.0
349.0	38.0
350.0	42.0
351.0	52.0
352.0	46.0
353.0	43.0
354.0	58.0
355.0	41.0
356.0	42.0
357.0	38.0
358.0	34.0
359.0	62.0
360.0	51.0
361.0	35.0
362.0	31.0
363.0	40.0
364.0	35.0
365.0	48.0
366.0	45.0
367.0	42.0
368.0	54.0
369.0	56.0
370.0	52.0
371.0	52.0
372.0	35.0
373.0	29.0
374.0	41.0
375.0	41.0
376.0	45.0
377.0	64.0
378.0	44.0
379.0	43.0
380.0	46.0
381.0	50.0
382.0	40.0
383.0	40.0
384.0	36.0
385.0	53.0
386.0	43.0
387.0	51.0
388.0	49.0
389.0	50.0
390.0	52.0
391.0	47.0
392.0	49.0
393.0	36.0
394.0	40.0
395.0	27.0
396.0	42.0
397.0	48.0
398.0	54.0
399.0	50.0
400.0	29.0
401.0	57.0
402.0	61.0
403.0	45.0
404.0	46.0
405.0	42.0
406.0	56.0
407.0	56.0
408.0	52.0
409.0	45.0
410.0	53.0
411.0	46.0
412.0	40.0
413.0	59.0
414.0	44.0
415.0	34.0
416.0	44.0
417.0	34.0
418.0	37.0
419.0	37.0
420.0	46.0
421.0	46.0
422.0	41.0
423.0	52.0
424.0	47.0
425.0	39.0
426.0	33.0
427.0	35.0
428.0	43.0
429.0	47.0
430.0	46.0
431.0	43.0
432.0	46.0
433.0	50.0
434.0	55.0
435.0	45.0
436.0	36.0
437.0	37.0
438.0	36.0
439.0	53.0
440.0	34.0
441.0	44.0
442.0	40.0
443.0	39.0
444.0	47.0
445.0	42.0
446.0	37.0
447.0	49.0
448.0	49.0
449.0	51.0
450.0	49.0
451.0	52.0
452.0	43.0
453.0	50.0
454.0	55.0
455.0	53.0
456.0	47.0
457.0	42.0
458.0	54.0
459.0	44.0
460.0	50.0
461.0	40.0
462.0	32.0
463.0	36.0
464.0	41.0
465.0	53.0
466.0	36.0
467.0	30.0
468.0	51.0
469.0	49.0
470.0	52.0
471.0	48.0
472.0	67.0
473.0	43.0
474.0	60.0
475.0	53.0
476.0	54.0
477.0	49.0
478.0	44.0
479.0	57.0
480.0	61.0
481.0	61.0
482.0	57.0
483.0	59.0
484.0	69.0
485.0	54.0
486.0	68.0
487.0	49.0
488.0	65.0
489.0	60.0
490.0	60.0
491.0	53.0
492.0	52.0
493.0	47.0
494.0	37.0
495.0	54.0
496.0	50.0
497.0	43.0
498.0	51.0
499.0	53.0
500.0	59.0
501.0	51.0
502.0	36.0
503.0	48.0
504.0	49.0
505.0	50.0
506.0	52.0
507.0	54.0
508.0	33.0
509.0	40.0
510.0	46.0
511.0	45.0
512.0	50.0
513.0	36.0
514.0	45.0
515.0	34.0
516.0	40.0
517.0	48.0
518.0	32.0
519.0	43.0
520.0	35.0
521.0	44.0
522.0	51.0
523.0	32.0
524.0	48.0
525.0	37.0
526.0	31.0
527.0	27.0
528.0	24.0
529.0	36.0
530.0	34.0
531.0	25.0
532.0	38.0
533.0	36.0
534.0	37.0
535.0	36.0
536.0	46.0
537.0	42.0
538.0	42.0
539.0	25.0
540.0	40.0
541.0	42.0
542.0	55.0
543.0	41.0
544.0	44.0
545.0	62.0
546.0	36.0
547.0	28.0
548.0	54.0
549.0	45.0
550.0	55.0
551.0	47.0
552.0	43.0
553.0	50.0
554.0	39.0
555.0	35.0
556.0	56.0
557.0	37.0
558.0	42.0
559.0	37.0
560.0	48.0
561.0	45.0
562.0	50.0
563.0	54.0
564.0	50.0
565.0	49.0
566.0	50.0
567.0	48.0
568.0	51.0
569.0	47.0
570.0	64.0
571.0	57.0
572.0	47.0
573.0	53.0
574.0	56.0
575.0	55.0
576.0	51.0
577.0	70.0
578.0	67.0
579.0	63.0
580.0	76.0
581.0	76.0
582.0	92.0
583.0	69.0
584.0	55.0
585.0	63.0
586.0	69.0
587.0	66.0
588.0	59.0
589.0	72.0
590.0	65.0
591.0	54.0
592.0	69.0
593.0	76.0
594.0	82.0
595.0	60.0
596.0	70.0
597.0	55.0
598.0	80.0
599.0	65.0
600.0	79.0
601.0	78.0
602.0	65.0
603.0	60.0
604.0	66.0
605.0	87.0
606.0	81.0
607.0	82.0
608.0	88.0
609.0	69.0
610.0	88.0
611.0	80.0
612.0	90.0
613.0	91.0
614.0	82.0
615.0	86.0
616.0	89.0
617.0	90.0
618.0	89.0
619.0	81.0
620.0	90.0
621.0	82.0
622.0	89.0
623.0	81.0
624.0	83.0
625.0	91.0
626.0	63.0
627.0	80.0
628.0	76.0
629.0	66.0
630.0	80.0
631.0	82.0
632.0	74.0
633.0	90.0
634.0	81.0
635.0	79.0
636.0	85.0
637.0	59.0
638.0	86.0
639.0	75.0
640.0	72.0
641.0	84.0
642.0	67.0
643.0	71.0
644.0	79.0
645.0	71.0
646.0	58.0
647.0	55.0
648.0	71.0
649.0	80.0
650.0	88.0
651.0	75.0
652.0	62.0
653.0	85.0
654.0	74.0
655.0	66.0
656.0	72.0
657.0	75.0
658.0	84.0
659.0	70.0
660.0	68.0
661.0	62.0
662.0	81.0
663.0	68.0
664.0	67.0
665.0	75.0
666.0	79.0
667.0	59.0
668.0	66.0
669.0	59.0
670.0	51.0
671.0	58.0
672.0	46.0
673.0	60.0
674.0	42.0
675.0	65.0
676.0	36.0
677.0	55.0
678.0	41.0
679.0	34.0
680.0	44.0
681.0	42.0
682.0	53.0
683.0	43.0
684.0	55.0
685.0	56.0
686.0	43.0
687.0	44.0
688.0	56.0
689.0	47.0
690.0	38.0
691.0	55.0
692.0	40.0
693.0	38.0
694.0	43.0
695.0	33.0
696.0	56.0
697.0	49.0
698.0	55.0
699.0	49.0
700.0	36.0
701.0	39.0
702.0	34.0
703.0	38.0
704.0	44.0
705.0	60.0
706.0	42.0
707.0	50.0
708.0	55.0
709.0	47.0
710.0	35.0
711.0	31.0
712.0	40.0
713.0	32.0
714.0	42.0
715.0	47.0
716.0	30.0
717.0	36.0
718.0	37.0
719.0	35.0
720.0	39.0
721.0	41.0
722.0	40.0
723.0	32.0
724.0	34.0
725.0	25.0
726.0	33.0
727.0	33.0
728.0	36.0
729.0	28.0
730.0	39.0
731.0	34.0
732.0	19.0
733.0	40.0
734.0	32.0
735.0	42.0
736.0	39.0
737.0	35.0
738.0	36.0
739.0	46.0
740.0	40.0
741.0	37.0
742.0	36.0
743.0	33.0
744.0	36.0
745.0	26.0
746.0	31.0
747.0	30.0
748.0	37.0
749.0	32.0
750.0	31.0
751.0	36.0
752.0	30.0
753.0	32.0
754.0	16.0
755.0	26.0
756.0	20.0
757.0	24.0
758.0	22.0
759.0	26.0
760.0	24.0
761.0	16.0
762.0	30.0
763.0	15.0
764.0	30.0
765.0	16.0
766.0	19.0
767.0	22.0
768.0	18.0
769.0	28.0
770.0	19.0
771.0	16.0
772.0	23.0
773.0	24.0
774.0	24.0
775.0	13.0
776.0	26.0
777.0	32.0
778.0	33.0
779.0	28.0
780.0	18.0
781.0	18.0
782.0	24.0
783.0	20.0
784.0	22.0
785.0	24.0
786.0	19.0
787.0	22.0
788.0	20.0
789.0	25.0
790.0	31.0
791.0	31.0
792.0	21.0
793.0	29.0
794.0	29.0
795.0	24.0
796.0	23.0
797.0	39.0
798.0	26.0
799.0	30.0
800.0	31.0
801.0	27.0
802.0	24.0
803.0	23.0
804.0	14.0
805.0	24.0
806.0	21.0
807.0	19.0
808.0	23.0
809.0	21.0
810.0	13.0
811.0	27.0
812.0	20.0
813.0	17.0
814.0	19.0
815.0	18.0
816.0	14.0
817.0	28.0
818.0	16.0
819.0	12.0
820.0	17.0
821.0	12.0
822.0	18.0
823.0	27.0
824.0	21.0
825.0	19.0
826.0	16.0
827.0	18.0
828.0	17.0
829.0	20.0
830.0	12.0
831.0	17.0
832.0	16.0
833.0	20.0
834.0	15.0
835.0	19.0
836.0	21.0
837.0	17.0
838.0	15.0
839.0	22.0
840.0	19.0
841.0	11.0
842.0	19.0
843.0	12.0
844.0	8.0
845.0	10.0
846.0	17.0
847.0	14.0
848.0	11.0
849.0	12.0
850.0	8.0
851.0	13.0
852.0	12.0
853.0	10.0
854.0	14.0
855.0	8.0
856.0	8.0
857.0	11.0
858.0	13.0
859.0	7.0
860.0	8.0
861.0	4.0
862.0	9.0
863.0	9.0
864.0	7.0
865.0	14.0
866.0	9.0
867.0	8.0
868.0	10.0
869.0	10.0
870.0	9.0
871.0	11.0
872.0	7.0
873.0	10.0
874.0	7.0
875.0	13.0
876.0	7.0
877.0	12.0
878.0	9.0
879.0	7.0
880.0	5.0
881.0	11.0
882.0	6.0
883.0	5.0
884.0	5.0
885.0	10.0
886.0	15.0
887.0	14.0
888.0	14.0
889.0	8.0
890.0	2.0
891.0	10.0
892.0	16.0
893.0	9.0
894.0	12.0
895.0	15.0
896.0	9.0
897.0	10.0
898.0	8.0
899.0	8.0
900.0	13.0
901.0	16.0
902.0	16.0
903.0	15.0
904.0	9.0
905.0	12.0
906.0	8.0
907.0	6.0
908.0	16.0
909.0	9.0
910.0	12.0
911.0	12.0
912.0	15.0
913.0	20.0
914.0	8.0
915.0	13.0
916.0	11.0
917.0	9.0
918.0	14.0
919.0	11.0
920.0	7.0
921.0	10.0
922.0	7.0
923.0	5.0
924.0	9.0
925.0	12.0
926.0	12.0
927.0	8.0
928.0	8.0
929.0	11.0
930.0	10.0
931.0	8.0
932.0	8.0
933.0	9.0
934.0	11.0
935.0	11.0
936.0	15.0
937.0	11.0
938.0	9.0
939.0	10.0
940.0	11.0
941.0	13.0
942.0	14.0
943.0	7.0
944.0	8.0
945.0	13.0
946.0	14.0
947.0	12.0
948.0	9.0
949.0	8.0
950.0	9.0
951.0	7.0
952.0	11.0
953.0	10.0
954.0	3.0
955.0	18.0
956.0	10.0
957.0	13.0
958.0	7.0
959.0	12.0
960.0	13.0
961.0	7.0
962.0	12.0
963.0	14.0
964.0	7.0
965.0	8.0
966.0	12.0
967.0	13.0
968.0	17.0
969.0	14.0
970.0	8.0
971.0	11.0
972.0	11.0
973.0	9.0
974.0	8.0
975.0	7.0
976.0	11.0
977.0	11.0
978.0	4.0
979.0	7.0
980.0	6.0
981.0	13.0
982.0	4.0
983.0	5.0
984.0	3.0
985.0	6.0
986.0	6.0
987.0	5.0
988.0	10.0
989.0	17.0
990.0	7.0
991.0	9.0
992.0	6.0
993.0	11.0
994.0	6.0
995.0	3.0
996.0	8.0
997.0	9.0
998.0	8.0
999.0	10.0
1000.0	7.0
1001.0	7.0
1002.0	11.0
1003.0	10.0
1004.0	7.0
1005.0	4.0
1006.0	2.0
1007.0	2.0
1008.0	9.0
1009.0	5.0
1010.0	4.0
1011.0	7.0
1012.0	7.0
1013.0	8.0
1014.0	6.0
1015.0	4.0
1016.0	11.0
1017.0	11.0
1018.0	10.0
1019.0	12.0
1020.0	16.0
1021.0	11.0
1022.0	10.0
1023.0	10.0
1024.0	13.0
1025.0	8.0
1026.0	6.0
1027.0	6.0
1028.0	10.0
1029.0	11.0
1030.0	11.0
1031.0	11.0
1032.0	10.0
1033.0	10.0
1034.0	11.0
1035.0	11.0
1036.0	9.0
1037.0	11.0
1038.0	10.0
1039.0	12.0
1040.0	10.0
1041.0	13.0
1042.0	9.0
1043.0	9.0
1044.0	6.0
1045.0	11.0
1046.0	7.0
1047.0	7.0
1048.0	7.0
1049.0	5.0
1050.0	12.0
1051.0	11.0
1052.0	8.0
1053.0	6.0
1054.0	12.0
1055.0	5.0
1056.0	8.0
1057.0	10.0
1058.0	6.0
1059.0	6.0
1060.0	6.0
1061.0	6.0
1062.0	10.0
1063.0	6.0
1064.0	6.0
1065.0	2.0
1066.0	5.0
1067.0	8.0
1068.0	4.0
1069.0	8.0
1070.0	6.0
1071.0	3.0
1072.0	6.0
1073.0	5.0
1074.0	2.0
1075.0	4.0
1076.0	6.0
1077.0	4.0
1078.0	4.0
1080.0	8.0
1081.0	4.0
1082.0	3.0
1084.0	2.0
1085.0	5.0
1086.0	2.0
1087.0	1.0
1088.0	8.0
1089.0	1.0
1091.0	7.0
1092.0	3.0
1093.0	2.0
1094.0	4.0
1095.0	3.0
1096.0	3.0
1097.0	6.0
1098.0	4.0
1099.0	7.0
1100.0	3.0
1101.0	5.0
1102.0	2.0
1103.0	2.0
1104.0	2.0
1106.0	1.0
1107.0	3.0
1108.0	1.0
1109.0	2.0
1110.0	6.0
1111.0	5.0
1112.0	1.0
1113.0	1.0
1114.0	3.0
1115.0	3.0
1118.0	4.0
1119.0	4.0
1120.0	1.0
1121.0	4.0
1122.0	1.0
1124.0	3.0
1125.0	1.0
1126.0	3.0
1127.0	1.0
1128.0	5.0
1129.0	2.0
1131.0	2.0
1132.0	4.0
1133.0	4.0
1135.0	1.0
1136.0	3.0
1137.0	1.0
1138.0	5.0
1139.0	4.0
1140.0	2.0
1141.0	2.0
1142.0	1.0
1143.0	1.0
1144.0	2.0
1145.0	5.0
1146.0	2.0
1147.0	4.0
1148.0	1.0
1149.0	1.0
1150.0	2.0
1151.0	3.0
1152.0	2.0
1153.0	5.0
1154.0	5.0
1155.0	2.0
1157.0	1.0
1158.0	2.0
1159.0	4.0
1161.0	5.0
1162.0	1.0
1163.0	2.0
1164.0	1.0
1165.0	1.0
1166.0	2.0
1168.0	3.0
1169.0	2.0
1170.0	5.0
1171.0	5.0
1172.0	2.0
1173.0	1.0
1174.0	3.0
1175.0	5.0
1176.0	6.0
1177.0	3.0
1178.0	3.0
1179.0	3.0
1180.0	2.0
1181.0	2.0
1182.0	3.0
1184.0	1.0
1185.0	2.0
1186.0	5.0
1189.0	4.0
1190.0	8.0
1192.0	3.0
1193.0	2.0
1194.0	1.0
1195.0	2.0
1196.0	4.0
1197.0	1.0
1198.0	3.0
1199.0	2.0
1201.0	3.0
1202.0	3.0
1203.0	3.0
1204.0	5.0
1205.0	4.0
1207.0	3.0
1208.0	1.0
1209.0	3.0
1210.0	2.0
1211.0	2.0
1212.0	3.0
1213.0	3.0
1214.0	2.0
1215.0	6.0
1216.0	4.0
1217.0	1.0
1218.0	1.0
1219.0	2.0
1220.0	1.0
1222.0	6.0
1223.0	1.0
1224.0	1.0
1225.0	2.0
1227.0	2.0
1229.0	1.0
1231.0	4.0
1232.0	1.0
1233.0	2.0
1234.0	1.0
1235.0	2.0
1236.0	3.0
1237.0	4.0
1238.0	1.0
1239.0	3.0
1240.0	3.0
1242.0	1.0
1243.0	1.0
1244.0	3.0
1245.0	3.0
1246.0	3.0
1247.0	3.0
1248.0	2.0
1249.0	5.0
1250.0	4.0
1251.0	4.0
1252.0	1.0
1253.0	2.0
1254.0	2.0
1255.0	5.0
1256.0	2.0
1257.0	3.0
1258.0	1.0
1259.0	3.0
1261.0	1.0
1262.0	2.0
1263.0	3.0
1266.0	1.0
1267.0	2.0
1270.0	1.0
1271.0	1.0
1272.0	2.0
1274.0	2.0
1275.0	1.0
1276.0	1.0
1277.0	1.0
1279.0	2.0
1281.0	3.0
1282.0	1.0
1283.0	1.0
1284.0	1.0
1285.0	1.0
1288.0	4.0
1289.0	2.0
1290.0	1.0
1291.0	1.0
1294.0	2.0
1297.0	1.0
1303.0	2.0
1306.0	1.0
1308.0	1.0
1309.0	1.0
1310.0	1.0
1315.0	1.0
1316.0	1.0
1338.0	1.0
1341.0	1.0
1343.0	1.0
1348.0	1.0
1350.0	2.0
1356.0	2.0
1359.0	1.0
1368.0	1.0
1371.0	1.0
1376.0	2.0
1383.0	2.0
1389.0	1.0
1401.0	1.0
1409.0	1.0
1413.0	1.0
1414.0	1.0
1416.0	1.0
1417.0	1.0
1420.0	1.0
1424.0	2.0
1426.0	1.0
1427.0	1.0
1431.0	1.0
1436.0	1.0
1437.0	2.0
1438.0	2.0
1439.0	1.0
1440.0	2.0
1441.0	1.0
1442.0	1.0
1443.0	3.0
1446.0	1.0
1448.0	1.0
1449.0	1.0
1450.0	1.0
1451.0	3.0
1452.0	1.0
1453.0	1.0
1455.0	1.0
1456.0	1.0
1459.0	3.0
1464.0	1.0
1465.0	1.0
1469.0	1.0
1471.0	2.0
1487.0	1.0
1492.0	1.0
1493.0	1.0
1497.0	2.0
1499.0	1.0
1500.0	1.0
1502.0	1.0
1504.0	1.0
1508.0	1.0
1511.0	1.0
1517.0	1.0
1526.0	1.0
1532.0	2.0
1542.0	1.0
1552.0	1.0
1554.0	1.0
1557.0	3.0
1558.0	3.0
1559.0	2.0
1560.0	1.0
1561.0	2.0
1562.0	3.0
1563.0	1.0
1564.0	2.0
1565.0	2.0
1566.0	4.0
1568.0	2.0
1569.0	1.0
1570.0	1.0
1571.0	1.0
1573.0	4.0
1575.0	2.0
1576.0	3.0
1577.0	1.0
1583.0	1.0
1584.0	1.0
1585.0	3.0
1586.0	2.0
1587.0	2.0
1588.0	3.0
1591.0	1.0
1593.0	1.0
1595.0	2.0
1596.0	1.0
1598.0	1.0
1601.0	1.0
1604.0	2.0
1605.0	2.0
1606.0	1.0
1609.0	1.0
1612.0	2.0
1613.0	2.0
1617.0	1.0
1618.0	1.0
1621.0	1.0
1627.0	3.0
1628.0	2.0
1629.0	3.0
1631.0	1.0
1635.0	3.0
1636.0	2.0
1637.0	2.0
1638.0	2.0
1639.0	1.0
1641.0	1.0
1642.0	1.0
1644.0	1.0
1649.0	1.0
1650.0	1.0
1652.0	2.0
1657.0	1.0
1660.0	1.0
1661.0	2.0
1663.0	2.0
1664.0	1.0
1665.0	3.0
1670.0	2.0
1671.0	1.0
1672.0	2.0
1673.0	1.0
1674.0	2.0
1675.0	1.0
1676.0	1.0
1677.0	1.0
1678.0	1.0
1682.0	2.0
1683.0	1.0
1684.0	1.0
1685.0	1.0
1686.0	1.0
1688.0	1.0
1691.0	2.0
1692.0	1.0
1693.0	1.0
1694.0	1.0
1695.0	2.0
1696.0	1.0
1698.0	2.0
1699.0	2.0
1700.0	1.0
1701.0	3.0
1702.0	2.0
1703.0	1.0
1704.0	1.0
1705.0	1.0
1706.0	2.0
1707.0	3.0
1708.0	1.0
1709.0	2.0
1710.0	2.0
1712.0	1.0
1716.0	1.0
1719.0	1.0
1721.0	1.0
1723.0	2.0
1728.0	1.0
1730.0	2.0
1732.0	1.0
1734.0	1.0
1736.0	2.0
1737.0	2.0
1738.0	1.0
1740.0	1.0
1741.0	1.0
1743.0	1.0
1744.0	2.0
1745.0	1.0
1746.0	1.0
1748.0	2.0
1749.0	2.0
1751.0	1.0
1753.0	1.0
1754.0	2.0
1756.0	1.0
1757.0	2.0
1760.0	1.0
1761.0	4.0
1762.0	2.0
1767.0	2.0
1769.0	1.0
1772.0	2.0
1775.0	3.0
1776.0	2.0
1777.0	1.0
1780.0	2.0
1782.0	1.0
1785.0	1.0
1787.0	1.0
1806.0	1.0
1811.0	1.0
1872.0	1.0
1874.0	1.0
1879.0	1.0
1884.0	1.0
1885.0	1.0
