#Insert size (bp)	insert size
142.0	1.0
144.0	1.0
145.0	1.0
148.0	2.0
149.0	9.0
150.0	21.0
151.0	4395.0
152.0	8867.0
153.0	8775.0
154.0	8831.0
155.0	8818.0
156.0	8895.0
157.0	8751.0
158.0	8715.0
159.0	8936.0
160.0	8650.0
161.0	8787.0
162.0	8887.0
163.0	8714.0
164.0	8754.0
165.0	8664.0
166.0	8804.0
167.0	8723.0
168.0	8621.0
169.0	8712.0
170.0	8521.0
171.0	8597.0
172.0	8603.0
173.0	8598.0
174.0	8356.0
175.0	8600.0
176.0	8385.0
177.0	8455.0
178.0	8342.0
179.0	8309.0
180.0	8482.0
181.0	8324.0
182.0	8252.0
183.0	8164.0
184.0	8065.0
185.0	8237.0
186.0	8259.0
187.0	8227.0
188.0	8198.0
189.0	7943.0
190.0	7929.0
191.0	7986.0
192.0	7962.0
193.0	7755.0
194.0	7552.0
195.0	7754.0
196.0	7748.0
197.0	7606.0
198.0	7641.0
199.0	7502.0
200.0	7531.0
201.0	7510.0
202.0	7651.0
203.0	7322.0
204.0	7305.0
205.0	7270.0
206.0	7118.0
207.0	7083.0
208.0	7148.0
209.0	6971.0
210.0	7088.0
211.0	6856.0
212.0	6804.0
213.0	6919.0
214.0	6971.0
215.0	6684.0
216.0	6768.0
217.0	6548.0
218.0	6703.0
219.0	6458.0
220.0	6540.0
221.0	6375.0
222.0	6360.0
223.0	6299.0
224.0	6131.0
225.0	6093.0
226.0	6165.0
227.0	5987.0
228.0	6048.0
229.0	5971.0
230.0	6112.0
231.0	5988.0
232.0	5896.0
233.0	5833.0
234.0	5753.0
235.0	5626.0
236.0	5618.0
237.0	5505.0
238.0	5292.0
239.0	5340.0
240.0	5439.0
241.0	5330.0
242.0	5300.0
243.0	5553.0
244.0	5178.0
245.0	5198.0
246.0	5012.0
247.0	4905.0
248.0	5048.0
249.0	4904.0
250.0	4820.0
251.0	4733.0
252.0	4849.0
253.0	4716.0
254.0	4747.0
255.0	4600.0
256.0	4498.0
257.0	4446.0
258.0	4448.0
259.0	4225.0
260.0	4360.0
261.0	4218.0
262.0	4344.0
263.0	4249.0
264.0	3976.0
265.0	4087.0
266.0	3929.0
267.0	3761.0
268.0	3487.0
269.0	3491.0
270.0	3547.0
271.0	3465.0
272.0	3479.0
273.0	3365.0
274.0	3310.0
275.0	3300.0
276.0	3172.0
277.0	3088.0
278.0	3176.0
279.0	3031.0
280.0	3084.0
281.0	3207.0
282.0	3068.0
283.0	3005.0
284.0	3031.0
285.0	3046.0
286.0	2916.0
287.0	2968.0
288.0	2925.0
289.0	2865.0
290.0	2846.0
291.0	2842.0
292.0	2853.0
293.0	2983.0
294.0	2838.0
295.0	2822.0
296.0	2785.0
297.0	2799.0
298.0	2799.0
299.0	2711.0
300.0	2741.0
301.0	2594.0
302.0	2658.0
303.0	2668.0
304.0	2610.0
305.0	2565.0
306.0	2483.0
307.0	2567.0
308.0	2615.0
309.0	2520.0
310.0	2461.0
311.0	2484.0
312.0	2413.0
313.0	2442.0
314.0	2277.0
315.0	2455.0
316.0	2409.0
317.0	2407.0
318.0	2249.0
319.0	2265.0
320.0	2274.0
321.0	2265.0
322.0	2202.0
323.0	2220.0
324.0	2315.0
325.0	2196.0
326.0	2208.0
327.0	2215.0
328.0	2156.0
329.0	2115.0
330.0	2135.0
331.0	2126.0
332.0	2050.0
333.0	2092.0
334.0	2011.0
335.0	2037.0
336.0	2038.0
337.0	1992.0
338.0	1947.0
339.0	1969.0
340.0	2064.0
341.0	1961.0
342.0	1934.0
343.0	1883.0
344.0	1785.0
345.0	1902.0
346.0	1927.0
347.0	1887.0
348.0	1774.0
349.0	1798.0
350.0	1796.0
351.0	1844.0
352.0	1783.0
353.0	1737.0
354.0	1826.0
355.0	1759.0
356.0	1714.0
357.0	1671.0
358.0	1671.0
359.0	1759.0
360.0	1588.0
361.0	1542.0
362.0	1642.0
363.0	1656.0
364.0	1625.0
365.0	1618.0
366.0	1547.0
367.0	1577.0
368.0	1480.0
369.0	1452.0
370.0	1558.0
371.0	1433.0
372.0	1555.0
373.0	1535.0
374.0	1436.0
375.0	1489.0
376.0	1533.0
377.0	1425.0
378.0	1421.0
379.0	1418.0
380.0	1411.0
381.0	1443.0
382.0	1378.0
383.0	1356.0
384.0	1356.0
385.0	1351.0
386.0	1383.0
387.0	1331.0
388.0	1288.0
389.0	1315.0
390.0	1248.0
391.0	1331.0
392.0	1193.0
393.0	1312.0
394.0	1231.0
395.0	1257.0
396.0	1232.0
397.0	1212.0
398.0	1228.0
399.0	1178.0
400.0	1184.0
401.0	1147.0
402.0	1179.0
403.0	1125.0
404.0	1106.0
405.0	1104.0
406.0	1120.0
407.0	1112.0
408.0	1093.0
409.0	1124.0
410.0	1062.0
411.0	1131.0
412.0	1051.0
413.0	1060.0
414.0	1094.0
415.0	1045.0
416.0	1011.0
417.0	1028.0
418.0	1023.0
419.0	1016.0
420.0	944.0
421.0	932.0
422.0	916.0
423.0	928.0
424.0	993.0
425.0	978.0
426.0	927.0
427.0	908.0
428.0	915.0
429.0	872.0
430.0	878.0
431.0	943.0
432.0	896.0
433.0	858.0
434.0	873.0
435.0	864.0
436.0	853.0
437.0	757.0
438.0	810.0
439.0	799.0
440.0	845.0
441.0	826.0
442.0	787.0
443.0	801.0
444.0	790.0
445.0	799.0
446.0	738.0
447.0	817.0
448.0	768.0
449.0	762.0
450.0	752.0
451.0	702.0
452.0	731.0
453.0	722.0
454.0	725.0
455.0	748.0
456.0	687.0
457.0	740.0
458.0	701.0
459.0	696.0
460.0	649.0
461.0	668.0
462.0	715.0
463.0	678.0
464.0	615.0
465.0	657.0
466.0	631.0
467.0	626.0
468.0	616.0
469.0	633.0
470.0	630.0
471.0	648.0
472.0	642.0
473.0	591.0
474.0	602.0
475.0	587.0
476.0	582.0
477.0	580.0
478.0	583.0
479.0	568.0
480.0	582.0
481.0	578.0
482.0	521.0
483.0	536.0
484.0	578.0
485.0	506.0
486.0	564.0
487.0	546.0
488.0	539.0
489.0	499.0
490.0	515.0
491.0	466.0
492.0	464.0
493.0	506.0
494.0	481.0
495.0	474.0
496.0	468.0
497.0	506.0
498.0	510.0
499.0	494.0
500.0	484.0
501.0	425.0
502.0	457.0
503.0	488.0
504.0	447.0
505.0	433.0
506.0	407.0
507.0	441.0
508.0	393.0
509.0	415.0
510.0	484.0
511.0	436.0
512.0	431.0
513.0	404.0
514.0	427.0
515.0	411.0
516.0	398.0
517.0	412.0
518.0	415.0
519.0	356.0
520.0	360.0
521.0	440.0
522.0	422.0
523.0	390.0
524.0	349.0
525.0	350.0
526.0	384.0
527.0	363.0
528.0	382.0
529.0	357.0
530.0	372.0
531.0	334.0
532.0	371.0
533.0	356.0
534.0	334.0
535.0	369.0
536.0	351.0
537.0	321.0
538.0	339.0
539.0	300.0
540.0	339.0
541.0	333.0
542.0	312.0
543.0	290.0
544.0	300.0
545.0	344.0
546.0	289.0
547.0	281.0
548.0	309.0
549.0	305.0
550.0	276.0
551.0	280.0
552.0	293.0
553.0	298.0
554.0	270.0
555.0	269.0
556.0	284.0
557.0	277.0
558.0	255.0
559.0	278.0
560.0	263.0
561.0	259.0
562.0	250.0
563.0	251.0
564.0	260.0
565.0	236.0
566.0	236.0
567.0	228.0
568.0	234.0
569.0	249.0
570.0	219.0
571.0	258.0
572.0	241.0
573.0	244.0
574.0	260.0
575.0	222.0
576.0	241.0
577.0	202.0
578.0	233.0
579.0	207.0
580.0	220.0
581.0	226.0
582.0	213.0
583.0	194.0
584.0	249.0
585.0	182.0
586.0	188.0
587.0	209.0
588.0	232.0
589.0	196.0
590.0	197.0
591.0	201.0
592.0	180.0
593.0	204.0
594.0	176.0
595.0	150.0
596.0	188.0
597.0	184.0
598.0	172.0
599.0	172.0
600.0	176.0
601.0	157.0
602.0	186.0
603.0	193.0
604.0	170.0
