# Position (bp)	A	C	G	T	N
0.0	27.26721504759024	22.215021515994653	34.38453635958947	16.132705591883038	5.214849425963598E-4
1.0	23.28833613838595	18.89797281488917	12.217497867908438	45.5944007124582	0.0017924663582366662
2.0	33.08051361039412	19.33925527899491	13.30018356624913	34.27967244091535	3.7510344649735434E-4
3.0	21.111959813277213	22.074836832593654	10.298408667856512	46.51470119398994	9.349228267952622E-5
4.0	40.3229739072626	9.725161223550737	9.827725182668742	40.123906586610836	2.3309990708637702E-4
5.0	45.14131469569589	10.538503144589738	22.34958499228677	21.970597167427602	0.0
6.0	35.158584756113406	13.867186774920462	19.84184217071876	31.132386298247372	0.0
7.0	40.111961549681205	15.290484194344506	19.411993499006794	25.1855607569675	0.0
8.0	18.549424086043565	31.998443837935515	22.820506778407236	26.631625297613688	0.0
9.0	29.787944303276852	19.37434094255071	13.265757323001434	37.57195743117101	0.0
10.0	27.83124719034431	15.014201846124964	27.51454119041517	29.640009773115555	0.0
11.0	27.701973612313886	18.15381704941699	17.932082977857817	36.212126360411304	0.0
12.0	25.523030384407225	20.356998339702468	23.018240359573795	31.101730916316512	0.0
13.0	24.023080187919856	25.941657397514888	18.302610973700002	31.73265144086525	0.0
14.0	32.86827784467436	20.373721116425305	19.9956362534223	26.762364785478038	0.0
15.0	32.75440675286787	18.832926289817717	19.163162265722196	29.249504691592215	0.0
16.0	31.941395472344634	18.357110768777474	18.217792699805937	31.48370105907195	0.0
17.0	32.04253924800674	18.145395529866246	18.473748130182845	31.337863252828324	4.5383911584878807E-4
18.0	31.655836801849713	18.19254207067257	19.067885675767258	31.083463648075906	2.7180363455820127E-4
19.0	31.13289320009061	18.767201889308343	18.956792878287832	31.143112032313212	0.0
20.0	30.86466669344571	18.907162325678588	19.11098393573391	31.11718704514179	0.0
21.0	30.696965546819673	19.020339612237287	19.139229123830702	31.142835003522983	6.307135893549962E-4
22.0	30.750273760992602	19.145505935048377	18.969894160739862	31.133381752115323	9.443911038358019E-4
23.0	31.018494825237862	19.007183702933546	19.115464489558445	30.858812089738375	4.489253176820011E-5
24.0	30.667039524749352	19.16266471633208	19.105391563727363	31.06427678976361	6.274054275947248E-4
25.0	30.890381666275974	19.152027685970378	18.990129536413885	30.966566399267055	8.947120727078819E-4
26.0	31.104163159072325	19.04122430040519	19.125763836817704	30.72844677246985	4.0193123492478753E-4
27.0	30.885481011140126	19.006069176936148	19.202237387610104	30.905944922208157	2.6750210546448846E-4
28.0	31.020340944496372	19.091601014821737	19.170116170383228	30.71794187029866	0.0
29.0	30.606281438296513	18.736158262384244	18.97580028794369	30.134906951529477	1.5468530598460746
30.0	30.769121564187518	19.108654103809496	19.313840142108525	30.806476514295145	0.00190767559932069
31.0	30.797385516690895	19.30298753797211	19.02565492753739	30.87299752212327	9.744956763398651E-4
32.0	30.945727547031616	19.241983152035935	19.16997725710616	30.641029383535773	0.0012826602905181327
33.0	30.715260200415422	19.091580812093646	19.290238437733112	30.90230222900216	6.183207556586287E-4
34.0	30.692208666798088	19.32011778709502	19.180447377508344	30.806917455978684	3.087126198631874E-4
35.0	30.93971264221022	18.9576344110645	19.271494364436897	30.83115858228838	0.0
36.0	30.90881663360101	19.085839792167945	19.263651072958922	30.741472601098007	2.199001741169579E-4
37.0	30.863994181005516	19.22319410440281	19.184892751820414	30.72726010922913	6.588535421284133E-4
38.0	30.926098805163992	19.15738529381314	19.24898529311122	30.666697083013815	8.335248978273954E-4
39.0	30.896435913178106	19.116250554896034	19.25113466105219	30.735653006912045	5.258639616224481E-4
40.0	30.801100075243887	19.088310234175257	19.19800260092595	30.91140524851274	0.0011818411421662973
41.0	30.959349479746447	19.11366702898012	19.19743926294425	30.729544228329182	0.0
42.0	30.727287180468238	19.124122851844184	19.30333056419637	30.844604244903522	6.551585876877357E-4
43.0	30.699875123589248	19.34969147410887	19.16717644050743	30.782515208131716	7.417536627359541E-4
44.0	30.91906792091128	19.16128748229762	19.163379730387682	30.755611038875273	6.538275281440059E-4
45.0	30.78138342738524	19.190115775506907	19.2466819106377	30.78181888647016	0.0
46.0	30.822406788111234	19.26619034919845	19.08455860440693	30.826844258283387	0.0
47.0	30.977394848184797	19.181257622925237	19.159089743400273	30.6819535204766	3.042650130877422E-4
48.0	30.738605740353808	19.09325393120036	19.318353071671687	30.849787256774146	0.0
49.0	30.796111263952035	19.255613577250095	19.104474632697215	30.842889266314373	9.112597862792048E-4
50.0	30.8863184339544	19.13373539268428	19.26671936306445	30.71301001217105	2.167981258235619E-4
51.0	30.63639234844031	19.263160676601466	19.30405864699636	30.796388327961864	0.0
52.0	30.71449011283109	19.31600887132979	19.161977096107083	30.807523919732045	0.0
53.0	30.842547065088645	19.255480868979134	19.219704566475137	30.682267499457083	0.0
54.0	30.705599052341693	19.137855750150234	19.29660580959504	30.859939387913034	0.0
55.0	30.678081437172317	19.33360552506	19.226586650940032	30.761726386827647	0.0
56.0	30.94784327508206	19.09511765249402	19.191833710554747	30.76464406331793	5.612985512452624E-4
57.0	30.752438265558425	19.181324452215517	19.263657178265888	30.80249380131232	8.630264785153873E-5
58.0	30.66351657271158	19.36302892057097	19.147128450428934	30.82593790122834	3.8815506018344205E-4
59.0	30.915298367524645	19.153845822251153	19.16337254665293	30.766793545967523	6.897176037486152E-4
60.0	30.706257009766603	19.214096099348993	19.31716094273309	30.76244286084221	4.308730910706291E-5
61.0	30.699951979913394	19.216777313846798	19.250585177512818	30.832685528726994	0.0
62.0	30.884760438275638	19.168510895117677	19.17453755101672	30.771760640168612	4.3047542136010435E-4
63.0	30.64778538680161	19.244533658635238	19.241134339789888	30.8658581451337	6.88469639564629E-4
64.0	30.738515999853753	19.24606374993817	19.089108399842573	30.92592473111342	3.87119252085605E-4
65.0	30.87810121683794	19.14481661435267	19.233306101388827	30.742271144171646	0.0015049232489143054
66.0	30.76579839356221	19.177780691365772	19.302186122389323	30.754234792682688	0.0
67.0	30.731551348178147	19.350574450840124	19.04373080615647	30.873842567722626	3.008271026310338E-4
68.0	30.90415349877434	19.179741461727357	19.305293868685588	30.610811170812717	0.0
69.0	30.637034529538848	19.273117959922384	19.31173756880326	30.777723316062623	3.866256728897649E-4
70.0	30.708809882647426	19.27824066060698	19.21368665235283	30.7990480538663	2.1475052646091562E-4
71.0	30.8804330835127	19.22512372219579	19.220700471183594	30.67374272310792	0.0
72.0	30.734755520210104	19.24710178502646	19.338910261722862	30.679232433040575	0.0
73.0	30.563782802958546	19.412387042922617	19.149997724327626	30.873746555361958	8.587442925707455E-5
74.0	30.935322844774653	19.183869225346005	19.130284317741328	30.750523612138014	0.0
75.0	30.71059592952735	19.201792000659506	19.217335038773868	30.869289489943615	9.875410956639648E-4
76.0	30.7580339542259	19.359207268139972	19.030219080713746	30.852067382895104	4.723140252791054E-4
77.0	30.873607655863967	19.27126225748029	19.123343807133235	30.731786279522506	0.0
78.0	30.58677935431899	19.246246023161316	19.14683847497227	31.01966380066618	4.7234688124383534E-4
79.0	30.553916529031383	19.506849126821145	19.107728274882355	30.83111957392754	3.8649533757791104E-4
80.0	30.77849151645512	19.25900410261344	19.21948981905894	30.742713909715015	3.0065215747988205E-4
81.0	30.555627153302233	19.310986244640908	19.19748949661056	30.93576822950228	1.2887594401628992E-4
82.0	30.578263109521476	19.507523105130115	19.00823143758618	30.90516595002701	8.16397735226746E-4
83.0	30.827700996737704	19.405120394552217	18.988470022876015	30.778020973049447	6.876127846126011E-4
84.0	30.553754917604337	19.41985164653773	19.08159440424771	30.944240212935707	5.588186745164929E-4
85.0	30.612445853288534	19.5155196923323	18.990327765513456	30.880588710308537	0.0011179785571712735
86.0	30.81187105210522	19.406318352212974	19.020309142878038	30.76102829687524	4.7315592853624914E-4
87.0	30.476854361913613	19.505546519333215	19.088718491553283	30.928579419788466	3.012074114235062E-4
88.0	30.542831277144472	19.649571865877853	18.949395756411896	30.857555380206602	6.457203591754925E-4
89.0	30.60049725253547	19.62803822117445	19.021955168028377	30.748863352023008	6.460062386975825E-4
90.0	30.493754656162466	19.617346927783753	19.115763240090157	30.77205798395329	0.0010771920103375963
91.0	30.477200424178154	19.718249144315408	19.109527627619862	30.694333083309623	6.897205769512626E-4
92.0	30.64931693069939	19.66914396813321	19.16777506930751	30.51001185171384	0.0037521801460503774
93.0	30.407190067916073	19.65678196303733	19.1711123452427	30.764268351989866	6.472718140310405E-4
94.0	30.383703845069434	19.80422541839898	19.149570968609662	30.662024817457105	4.749504648253845E-4
95.0	30.668810256046886	19.579148480577647	19.217990251017717	30.533273305917742	7.777064400142061E-4
96.0	30.4642888024211	19.743277129269345	19.29191526156507	30.500518806744488	0.0
97.0	30.496931626205665	19.754183998598304	19.283015031462458	30.465523245878735	3.460978548422335E-4
98.0	30.62885444198395	19.62404240995569	19.257825775434174	30.48810845796345	0.0011689146627356498
99.0	30.46413366827813	19.666063269212604	19.38101646330526	30.48865661890035	1.2998030365132004E-4
100.0	30.369485820976745	19.767857816489823	19.320509968741586	30.541972952734277	1.7344105757419268E-4
101.0	30.46611623897651	19.699406945768537	19.372960250569427	30.461126026302328	3.9053838319712947E-4
102.0	30.38255215435849	19.613539200239035	19.4878545358527	30.516010680156413	4.3429393360861774E-5
103.0	30.281757480977546	19.778311141555925	19.494571656824743	30.444273095776854	0.0010866248649325295
104.0	30.472788051722738	19.627118806285974	19.53106204927172	30.36846554116106	5.655515585078314E-4
105.0	30.238215919264544	19.651267500635754	19.672604429023796	30.437171890295094	7.402607808096537E-4
106.0	30.33617210840291	19.758153450772433	19.53990572674705	30.36450464697221	0.0012640671053996588
107.0	30.467335389824296	19.582229823772977	19.649203946019295	30.299005641533554	0.002225198849877614
108.0	30.143492606997093	19.6291160497278	19.821982691791156	30.40379269456449	0.0016159569194620174
109.0	30.16352559825745	19.79262215452255	19.696479490876722	30.34571135515249	0.001661401190787443
110.0	30.334306912470232	19.69053226751731	19.774263283052413	30.20085376747989	4.376948015426116E-5
111.0	30.123145402543887	19.680872740402584	19.784505404892602	30.41064388530033	8.325668605963194E-4
112.0	30.171481613245817	19.70141292146045	19.855650304022234	30.270972621109905	4.8254016159831345E-4
113.0	30.30384880422366	19.594367577866116	19.9459437855776	30.15562023445148	2.195978811439644E-4
114.0	30.20952801446634	19.63075118031564	20.051425525776967	30.10798744749266	3.078319483827389E-4
115.0	29.994460360754694	19.87766116254922	19.92037539202415	30.207415014095695	8.807057623697326E-5
116.0	30.24899732988784	19.64937965643528	20.007055622559474	30.093773633579474	7.937575379405078E-4
117.0	30.055329914940575	19.68824646697141	20.110121059857793	30.14630255823022	0.0
118.0	30.046029593738417	19.676103440986328	20.1656322391133	30.111969374929792	2.6535123215844653E-4
119.0	30.145441193470845	19.592550285660376	20.172109324721813	30.08985490428307	4.42918638946456E-5
120.0	29.96946142264344	19.673737621983516	20.285440764298436	30.07082785096961	5.323401049952134E-4
121.0	29.887647238899905	19.750350894107957	20.31271451859639	30.049287348395755	0.0
122.0	30.12955166490133	19.587535269561812	20.32287781822713	29.956875450604812	0.003159796704910591
123.0	29.945495208151957	19.59591474838953	20.490939865527803	29.965644194751544	0.002005983179162382
124.0	29.91162052554351	19.609195895034194	20.466867967531083	30.01231561189122	0.0
125.0	30.02022726825419	19.600052961268492	20.557828874268875	29.821175203390954	7.156928174858069E-4
126.0	29.776810918834627	19.61899683654906	20.69725864123957	29.906306290159247	6.273132174894926E-4
127.0	29.82361171146059	19.715611645029398	20.585142124604275	29.87339022177695	0.0022442971287809114
128.0	29.868914657610198	19.539643277722597	20.737275800808554	29.853401865402024	7.643984566345515E-4
129.0	29.634187652256642	19.62916948957087	20.78830200510285	29.94469209923169	0.0036487538379484812
130.0	29.750967761733406	19.684214991574674	20.807937767211897	29.754984119591793	0.0018953598882279197
131.0	29.715262509963168	19.518313917872305	20.91322516373954	29.8502597544099	0.002938654015082981
132.0	29.660124123224595	19.535819723290906	21.027300405923345	29.774989288008097	0.0017664595530585568
133.0	29.592782726244298	19.68341612542105	20.962666191105647	29.760182020072484	9.529371565172053E-4
134.0	29.692735322117365	19.547036236555524	21.10231760109329	29.656956122062084	9.547181717419788E-4
135.0	29.525677908817777	19.54844340146887	21.274348327524294	29.65098377172925	5.465904598101145E-4
136.0	29.534965660519276	19.677791246627212	21.163553415144424	29.62337019822333	3.194794857658197E-4
137.0	29.621197017060265	19.45335635594073	21.296064268193867	29.628239154650828	0.0011432041543124405
138.0	29.39188183022396	19.48478960012133	21.4519032644868	29.670417280836038	0.0010080243318746
139.0	29.38831783617314	19.709972862179264	21.35357628362902	29.545791571803665	0.0023414462149144613
140.0	29.507318092023844	19.448541488203734	21.5751448942656	29.4678913939385	0.0011041315683176806
141.0	29.392007294677015	19.5182857877804	21.55170466515432	29.536204398472655	0.0017978539156105811
142.0	29.32523318118216	19.516494643912203	21.663456878977687	29.493429443723546	0.001385852204405809
143.0	29.327510609775064	19.471436930164348	21.740364176362974	29.458836665012555	0.0018516186850544745
144.0	29.20334030273523	19.461331881000905	21.89933907431436	29.4345042454281	0.0014844965214071356
145.0	29.150346854135282	19.45149621529134	21.896306421915973	29.49938626346036	0.0024642451970466254
146.0	29.30757684283225	19.37431524516495	21.946640035305503	29.369603805687372	0.001864071009921052
147.0	29.035015841545302	19.523454923772782	22.15008684586471	29.289713880482527	0.001728508334680324
148.0	29.032821678824494	19.522221582049045	22.08480358471997	29.358279476813003	0.0018736775934859724
149.0	29.133878676661173	19.407332633981884	22.231317561167334	29.226717110453233	7.540177363822041E-4
150.0	28.912073511952418	19.339999412541108	22.24541000366688	29.5010958003322	0.0014212715073910857
