#Position (bp)	insert size
15197.0	271.83346065699004
45590.0	289.0981543624161
75983.0	280.7740993184031
106376.0	292.5423365487674
136769.0	279.4264232008593
167162.0	276.63666391412056
197555.0	284.8569078947368
221485.0	273.0190058479532
236681.5	280.4858096828047
258341.0	283.3441127694859
288734.0	278.75092936802974
319127.0	285.2035749751738
349520.0	290.1532608695652
379913.0	275.7612551159618
410306.0	287.6703296703297
440699.0	286.5848329048843
471092.0	278.53067047075604
501485.0	276.20388349514565
531878.0	286.4575260804769
562271.0	278.3530280649926
592664.0	278.98748043818466
623057.0	288.79653679653677
653450.0	275.75
683843.0	280.47178002894356
714236.0	287.2409012131716
744629.0	285.8515519568151
775022.0	280.11813186813185
805415.0	283.82085561497325
835808.0	277.6885441527446
866201.0	286.11226851851853
896594.0	288.8502732240437
926987.0	280.01234567901236
957380.0	282.8576419213974
987773.0	280.33531914893615
1018166.0	279.6296851574213
1038382.5	281.9193548387097
1053579.0	273.18042226487523
1078952.0	279.1214223764094
1109345.0	293.97709163346616
1139738.0	287.1757425742574
1170131.0	272.12333333333333
1200524.0	280.8299643281807
1230917.0	275.0719499478624
1261310.0	291.53710247349824
1291703.0	289.439446366782
1322096.0	280.8886380737396
1348657.5	272.253984063745
1363854.0	271.0740740740741
1382882.0	284.21276595744683
1413275.0	289.0468611847922
1443668.0	281.53265479219675
1474061.0	281.05576559546313
1504454.0	276.25699481865286
1534847.0	272.51473922902494
1565240.0	283.77299880525686
1595633.0	279.17207334273627
1626026.0	280.9127604166667
1656419.0	277.5979073243647
1686812.0	280.3679389312977
1717205.0	283.3656957928803
1747598.0	289.5941780821918
1777991.0	277.93996569468266
1808384.0	272.910447761194
1838777.0	283.97549770290965
1869170.0	268.49282296650716
1899563.0	294.8207547169811
1929956.0	287.36031746031745
1960349.0	281.438127090301
1990742.0	282.260162601626
2021135.0	274.1222826086956
2051528.0	278.73559822747416
2081921.0	285.5025295109612
2112314.0	277.2013311148086
2142707.0	282.3464285714286
2173100.0	280.5351882160393
2203493.0	282.72089041095893
2233886.0	270.348031496063
2264279.0	295.95563770794826
2294672.0	281.18717504332756
2325065.0	280.1489726027397
2355458.0	274.7394270122783
2385851.0	273.16129032258067
2416244.0	284.4130808950086
2446637.0	278.5589459084605
2477030.0	276.81609195402297
2507423.0	291.35766423357666
2537816.0	277.45962732919253
2568209.0	279.79362880886424
2598602.0	283.71941272430666
2628995.0	286.6876832844575
2659388.0	281.89659863945576
2689781.0	284.6695437731196
2720174.0	276.2699228791774
2750567.0	290.51088348271446
2780960.0	288.52225841476655
2811353.0	283.4417910447761
2841746.0	285.0502283105023
2872139.0	283.9127094972067
2889645.5	287.78983050847455
2904842.0	285.4289428076257
2932925.0	282.3036509349956
2963318.0	289.4948162111216
2993711.0	280.40816326530614
3024104.0	283.7422459893048
3054497.0	281.7598039215686
3084890.0	276.83449883449885
3115283.0	293.74543239951277
3145676.0	282.2
3176069.0	281.6310782241015
3206462.0	279.9861407249467
3236855.0	283.970736629667
3267248.0	292.27141645462257
3297641.0	295.90581929555896
3322340.5	272.96902654867256
3337537.0	201.91067285382832
3358427.0	214.22641509433961
3388820.0	206.97206703910615
3410819.5	207.67175572519085
3426016.0	277.0567901234568
3449606.0	281.07036747458955
3479999.0	283.71097770154375
3510392.0	286.335685483871
3540785.0	274.8553191489362
3571178.0	271.6073113207547
3601571.0	279.20877659574467
3631964.0	287.4114713216958
3662357.0	281.19072847682116
3692750.0	278.86206896551727
3723143.0	281.06542056074767
3753536.0	289.1318518518519
3783929.0	279.9691689008043
3814322.0	279.87226277372264
3844715.0	272.04556354916065
3875108.0	278.13309352517985
3905501.0	278.45766129032256
3935894.0	286.4848
3966287.0	278.53680727874274
3987990.0	281.2361111111111
4003186.5	282.7619631901841
4027073.0	286.85852090032154
4057466.0	287.47222222222223
4087859.0	277.1636707663198
4118252.0	285.35769656699887
4148645.0	280.7712215320911
4179038.0	281.465483234714
4209431.0	280.1151219512195
4239824.0	283.3149266609146
4259839.0	274.7869249394673
4275035.5	272.2768549280177
4300610.0	283.6296577946768
4331003.0	286.8119304059652
4361396.0	287.09575518262585
4391789.0	290.51628825271473
4422182.0	273.15302491103205
4452575.0	286.30101465614433
4482968.0	286.525956284153
4513361.0	285.19866666666667
4543754.0	277.1473951715375
4574147.0	277.72727272727275
4604540.0	285.8360655737705
4634933.0	284.28846153846155
4665326.0	290.07861635220127
4695719.0	290.03316749585406
4726112.0	279.4708994708995
4756505.0	282.9655172413793
4786898.0	291.8323782234957
4817291.0	276.83863368669023
4847684.0	272.6830601092896
4878077.0	282.9741641337386
4908470.0	280.4807692307692
4938863.0	284.8014598540146
4969256.0	281.2857142857143
4999649.0	280.7536231884058
5030042.0	274.4413145539906
5060435.0	284.81284153005464
5090828.0	278.7960927960928
5121221.0	282.9102730819246
5151614.0	278.48767833981844
5182007.0	279.4956195244055
5212400.0	282.0048780487805
5242793.0	286.740625
5273186.0	287.95454545454544
5303579.0	284.9574645537948
5333972.0	280.9742790335152
5352383.0	288.39473684210526
5367579.5	280.23501872659176
5394758.0	284.1015228426396
5425151.0	276.60701438848923
5455544.0	273.25370187561697
5485937.0	275.2789651293588
5516330.0	289.55678059536933
5546723.0	290.0091220068415
5577116.0	268.7798369162343
5607509.0	278.3055214723926
5637902.0	277.7124463519313
5668295.0	280.29156327543427
5698688.0	284.26533018867923
5729081.0	277.073512252042
5759474.0	280.5292740046838
5789867.0	291.65121180189675
5820260.0	278.3654033041788
5850653.0	287.86743772241994
5881046.0	285.3691699604743
5907241.5	272.21884498480244
5922438.0	285.1042183622829
5941832.0	286.27956147220044
5972225.0	280.6716917922948
6002618.0	283.80807174887894
6033011.0	283.4677236693092
6063404.0	275.5527809307605
6093797.0	290.7177747625509
6124190.0	276.6096904441454
6154583.0	278.93839541547277
6184976.0	276.9676511954993
6215369.0	292.52575757575755
6245762.0	281.5261780104712
6276155.0	280.236231884058
6306548.0	281.6191904047976
6336941.0	279.5139664804469
6367334.0	278.24396782841825
6397727.0	277.26002166847235
6428120.0	282.6829268292683
6458513.0	288.7669902912621
6488906.0	290.31304347826085
6519299.0	281.31985294117646
6549692.0	279.0262645914397
6580085.0	287.0836397058824
6610478.0	285.2027687296417
6640871.0	279.8468595624559
6660029.5	270.61049723756906
6675226.0	279.1229105211406
6701657.0	287.1089896579157
6732050.0	285.2998065764023
6762443.0	283.81592554291626
6792836.0	275.3491891891892
6823229.0	281.53198653198655
6853622.0	276.2822384428224
6884015.0	275.17539267015707
6914408.0	295.89193083573485
6944801.0	284.3981233243968
6975194.0	280.26331360946745
7005587.0	284.7079365079365
7035980.0	280.4044776119403
7066373.0	269.44244105409155
7096766.0	279.37270341207346
7127159.0	280.48395061728394
7157552.0	280.35778781038374
7187945.0	282.137049941928
7218338.0	295.3679144385027
7248731.0	283.41988950276243
7279124.0	283.1689750692521
7309517.0	274.80443086325437
7327760.5	252.11464968152868
7342957.0	289.53622047244096
7370303.0	280.68728222996515
7400696.0	282.6359404096834
7431089.0	280.4854368932039
7461482.0	285.57730673316706
7491875.0	278.9577464788732
7522268.0	280.678281068525
7552661.0	277.1097256857855
7583054.0	286.21552878179386
7613447.0	284.94025974025976
7643840.0	286.66092715231787
7674233.0	287.0180055401662
7704626.0	268.08458390177356
7735019.0	285.73497267759564
7765412.0	280.26774193548385
7795805.0	287.4602080710357
7826198.0	271.93446327683614
7856591.0	282.0412186379928
7886984.0	280.96018376722816
7917377.0	283.2232558139535
7947770.0	280.9175911251981
7978163.0	279.46439169139467
8008556.0	275.42446043165467
8038949.0	279.88196721311476
8069342.0	284.6296296296296
8099735.0	284.9084745762712
8130128.0	286.7411545623836
8160521.0	281.4005641748942
8190914.0	279.6939820742638
8221307.0	290.520987654321
8251700.0	280.55164319248826
8282093.0	280.44930875576034
8312486.0	279.1513944223108
8342879.0	275.86070686070684
8373272.0	281.2802436901654
8398726.5	285.4331983805668
8413923.0	277.582995951417
8434058.0	293.2498023715415
8464451.0	289.75024582104226
8494844.0	279.9519038076152
8525237.0	284.03991596638656
8555630.0	279.55307262569835
8586023.0	274.31636726546907
8616416.0	287.03775883069426
8646809.0	289.8369565217391
8677202.0	283.68384401114207
8707595.0	286.25693430656935
8737988.0	281.3692077727952
8768381.0	278.8655692729767
8798774.0	280.9920424403183
8829167.0	281.8256735340729
8859560.0	277.25454545454545
8889953.0	280.40149253731346
8920346.0	286.1289808917197
8950739.0	279.66911764705884
8981132.0	276.55403348554034
9011525.0	282.26610644257704
9041918.0	289.981455064194
9072311.0	280.4588394062078
9102704.0	280.1160822249093
9133097.0	286.72020725388603
9163490.0	273.96875
9193883.0	278.3336992316136
9224276.0	281.0606343283582
9254669.0	287.02046511627907
9285062.0	281.35042735042737
9315455.0	287.519028340081
9332033.5	261.82278481012656
9347230.0	280.21745788667687
9376241.0	281.66691394658756
9406634.0	283.3341563786008
9437027.0	281.1134492223239
9467420.0	279.64947368421053
9497813.0	277.8320610687023
9528206.0	284.78814627994956
9558599.0	287.1369509043928
9588992.0	281.12692307692305
9619385.0	275.9915014164306
9649778.0	282.6856725146199
9680171.0	283.6877971473851
9710564.0	283.0
9740957.0	282.27503974562796
9771350.0	287.3867924528302
9801743.0	281.15588235294115
9832136.0	288.7713365539453
9862529.0	275.9128787878788
9892922.0	268.946452476573
9923315.0	288.944099378882
9953708.0	279.33769322235435
9984101.0	294.5722411831627
1.0014494E7	289.46139180171593
1.0044887E7	292.03627370156636
1.007528E7	283.012912482066
1.01041125E7	281.53789126853377
1.0119309E7	254.33898305084745
1.0136066E7	279.66712235133286
1.0166459E7	277.6972111553785
1.0196852E7	280.7280265339967
1.0227245E7	274.06584723441614
1.0257638E7	277.40022675736964
1.0288031E7	284.987898789879
1.0318424E7	290.9194968553459
1.0348817E7	272.5201668984701
1.037921E7	280.5592011412268
1.0409603E7	285.38227146814404
1.0439996E7	281.95061728395063
1.0470389E7	284.87442572741196
1.0500782E7	276.5455904334828
1.0531175E7	282.6751592356688
1.0561568E7	290.7808022922636
1.0591961E7	280.23650793650796
1.0622354E7	279.8103727714749
1.0652747E7	286.19312602291325
1.068314E7	273.662015503876
1.0713533E7	280.5135135135135
1.0743926E7	289.87573099415204
1.0774319E7	285.7607655502392
1.0804712E7	286.476897689769
1.0835105E7	283.5982658959538
1.0865498E7	279.08878504672896
1.0895891E7	284.78105590062114
1.0926284E7	275.28269484808453
1.0956677E7	277.99158485273495
1.098707E7	281.7840199750312
1.1017463E7	281.9130434782609
1.1047856E7	280.09297052154193
1.1078249E7	276.5615866388309
1.1108642E7	278.4720087815587
1.1139035E7	284.07760141093473
1.1169428E7	287.35076427996785
1.1196832E7	281.58776806989675
1.12120285E7	298.15916955017303
1.1230214E7	284.28320610687024
1.1260607E7	284.98450244698205
1.1291E7	282.47969782813976
1.1321393E7	281.64574898785423
1.1351786E7	283.218441273326
1.1382179E7	290.7625
1.1412572E7	278.67670915411355
1.1442965E7	281.15694444444443
1.1473358E7	284.7489300998573
1.1503751E7	287.5438335809807
1.1534144E7	274.89772727272725
1.1564537E7	279.10157367668097
1.159493E7	280.8930921052632
1.1625323E7	272.4808917197452
1.1655716E7	272.4530303030303
1.1686109E7	288.0773109243697
1.1716502E7	280.31842576028623
1.1746895E7	278.438622754491
1.1777288E7	279.9637561779242
1.1807681E7	280.0223880597015
1.1838074E7	282.82988871224165
1.1868467E7	279.01598837209303
1.189886E7	279.35692307692307
1.1929253E7	286.64471879286697
1.1959646E7	292.6047087980173
1.1990039E7	271.94233128834355
1.2020432E7	276.83219954648524
1.2050825E7	278.56255969436484
1.2081218E7	275.6928571428571
1.2111611E7	280.532196969697
1.21419565E7	281.0805116629044
