#Position (bp)	mapping quality
15197.0	29.017926992354997
45590.0	43.48384565004412
75983.0	43.499730276676885
106376.0	43.42129377151452
136769.0	41.756415909692215
167162.0	34.808227004895805
197555.0	31.75547755007869
221485.0	9.637226205585241
236681.5	19.48159953304988
258341.0	36.786049394359935
288734.0	43.24711094105901
319127.0	42.898286601841214
349520.0	43.522033826429286
379913.0	43.48740152612428
410306.0	42.63045409437224
440699.0	36.09577408001613
471092.0	40.36898237708513
501485.0	33.785868023845474
531878.0	42.27194987560333
562271.0	43.03246378484446
592664.0	43.29311343474682
623057.0	43.555220114029346
653450.0	42.28265849138167
683843.0	42.99126491871065
714236.0	41.82550983602009
744629.0	43.236159678858165
775022.0	43.294477525234186
805415.0	43.51113271796265
835808.0	42.87147157424764
866201.0	43.06056003220147
896594.0	42.53567822818621
926987.0	43.352914196567866
957380.0	43.44275652222911
987773.0	43.310984987384586
1018166.0	43.00938289601555
1038382.5	16.62965291185847
1053579.0	25.169444946781027
1078952.0	43.35028455623109
1109345.0	43.435958468551874
1139738.0	36.29598675135599
1170131.0	43.0219289061541
1200524.0	42.32823740297069
1230917.0	38.88811293528275
1261310.0	43.43663295086555
1291703.0	43.46723982508497
1322096.0	42.188885838525756
1348657.5	36.209385724878764
1363854.0	8.020804609891469
1382882.0	29.653824702306256
1413275.0	42.247487553858235
1443668.0	43.40291768550154
1474061.0	42.07451339758063
1504454.0	42.231223011397155
1534847.0	43.270640819984486
1565240.0	42.48236496781616
1595633.0	41.936837081280956
1626026.0	43.449520546215304
1656419.0	43.28442070259291
1686812.0	43.48482158620554
1717205.0	43.38626388355945
1747598.0	42.31493296296501
1777991.0	43.30093186334139
1808384.0	42.990397284562455
1838777.0	42.5201643846682
1869170.0	32.27316806665301
1899563.0	22.553640623297373
1929956.0	43.34417838472651
1960349.0	42.903000736478965
1990742.0	42.544721064716384
2021135.0	31.754697983546897
2051528.0	43.368032381510275
2081921.0	43.50805997254085
2112314.0	40.25478803171915
2142707.0	43.426845402885036
2173100.0	39.32821577213214
2203493.0	43.412077211114024
2233886.0	23.60110124780169
2264279.0	43.03757273177805
2294672.0	42.853242731118655
2325065.0	43.36199107517618
2355458.0	22.36151591740159
2385851.0	43.17631018004178
2416244.0	43.41209089800038
2446637.0	31.083968533287493
2477030.0	43.4242976722238
2507423.0	39.54914459864739
2537816.0	42.49640996619659
2568209.0	30.06148344310903
2598602.0	40.20771283509558
2628995.0	43.475544848450895
2659388.0	41.81383644376734
2689781.0	43.2963095679226
2720174.0	42.91305623185005
2750567.0	43.304409205817656
2780960.0	43.42905143355531
2811353.0	43.16965287895307
2841746.0	43.45989538573166
2872139.0	36.29825695332554
2889645.5	0.9915128839283827
2904842.0	5.733106392364104
2932925.0	43.169382745855465
2963318.0	43.299244936327625
2993711.0	43.34149984855577
3024104.0	43.174375713371006
3054497.0	43.200443216349406
3084890.0	39.992080480265834
3115283.0	39.93916771233707
3145676.0	42.762467973775266
3176069.0	43.529209135999515
3206462.0	42.60971725100538
3236855.0	43.234978168511596
3267248.0	43.016361744084136
3297641.0	40.813735778195074
3322340.5	36.84748871742612
3337537.0	36.549361524349266
3358427.0	40.9686394025482
3388820.0	38.81771692020879
3410819.5	39.215224797686375
3426016.0	29.982262028016514
3449606.0	39.20898394195556
3479999.0	42.75422141463237
3510392.0	43.09803587796255
3540785.0	42.978011505770404
3571178.0	43.41598738042879
3601571.0	42.809408326740936
3631964.0	43.40397516731385
3662357.0	43.10428738458364
3692750.0	41.32653043036531
3723143.0	42.86846089371991
3753536.0	43.0605628158386
3783929.0	42.272063954502634
3814322.0	43.12010631218581
3844715.0	41.970112912081355
3875108.0	31.491171444289677
3905501.0	33.274249728956654
3935894.0	43.41640110805632
3966287.0	43.31153145549436
3987990.0	22.108686109778382
4003186.5	16.85914985590778
4027073.0	43.193217573709354
4057466.0	43.51570618308208
4087859.0	42.92056556639701
4118252.0	41.40583229878859
4148645.0	37.442721711909805
4179038.0	43.14508763210458
4209431.0	42.560530805448074
4239824.0	43.36330597330925
4259839.0	43.019125661259565
4275035.5	37.132215365876924
4300610.0	43.45981740968335
4331003.0	43.33698820821009
4361396.0	42.82240987830701
4391789.0	43.15518117003614
4422182.0	43.24391266526124
4452575.0	43.51851715978502
4482968.0	43.292388458503694
4513361.0	42.79197699348206
4543754.0	42.97797261729809
4574147.0	43.21587960792194
4604540.0	43.308067516564215
4634933.0	43.09299983040482
4665326.0	39.46262066667361
4695719.0	43.17246755751776
4726112.0	43.328676470588235
4756505.0	43.01947353871671
4786898.0	38.109751066522904
4817291.0	21.22329754059327
4847684.0	33.998844569928245
4878077.0	43.387780246314925
4908470.0	43.189300291118684
4938863.0	43.396048833577815
4969256.0	36.839351881866556
4999649.0	42.415179824958
5030042.0	41.36769453694995
5060435.0	43.351602853713466
5090828.0	25.271407981908524
5121221.0	43.27466782194667
5151614.0	42.491114086928604
5182007.0	42.511353846523726
5212400.0	43.408169305904984
5242793.0	43.49558885357281
5273186.0	42.92442166334061
5303579.0	43.49689942798162
5333972.0	35.1108153403752
5352383.0	1.0749934142778457
5367579.5	33.7245678731315
5394758.0	43.173796265430916
5425151.0	43.54505551553473
5455544.0	35.71139735696538
5485937.0	42.908499955829086
5516330.0	43.17052911852168
5546723.0	43.047779134605484
5577116.0	23.3601807653181
5607509.0	43.28616844468947
5637902.0	42.80080119212974
5668295.0	43.311689156763705
5698688.0	43.40051703443819
5729081.0	42.69917033815872
5759474.0	43.116285397831575
5789867.0	43.2734030285663
5820260.0	42.19619549368533
5850653.0	42.89056199378387
5881046.0	25.580114458437247
5907241.5	8.106227019172334
5922438.0	1.808611326609775
5941832.0	24.962001013171225
5972225.0	43.36278250260751
6002618.0	42.974492697823784
6033011.0	43.00516987786941
6063404.0	42.058543981533866
6093797.0	43.373734709933764
6124190.0	34.48517327943738
6154583.0	43.34359287757993
6184976.0	43.45557511927935
6215369.0	43.5030896572295
6245762.0	42.96525647459254
6276155.0	42.17502611838452
6306548.0	42.88408886783328
6336941.0	43.16887975315688
6367334.0	42.82391909355139
6397727.0	22.673258194176892
6428120.0	43.33619514496933
6458513.0	42.21235620285524
6488906.0	43.37184984879274
6519299.0	43.157186962887515
6549692.0	43.41593517251862
6580085.0	43.45745542708389
6610478.0	42.77779535810257
6640871.0	29.86899895338086
6660029.5	8.162825485260791
6675226.0	39.54386445363823
6701657.0	43.44210191703283
6732050.0	43.190384681807764
6762443.0	43.28175539849351
6792836.0	42.87304359484596
6823229.0	42.8822578452517
6853622.0	43.187127119791626
6884015.0	43.383943262650725
6914408.0	43.49135834138789
6944801.0	43.548444168745334
6975194.0	42.70764257454405
7005587.0	43.280563156728455
7035980.0	43.43006037743187
7066373.0	43.42805547397019
7096766.0	43.28145441119088
7127159.0	43.1315946142115
7157552.0	43.36817401763058
7187945.0	43.0313599284328
7218338.0	42.18768593705396
7248731.0	43.34914760185538
7279124.0	43.243854986051744
7309517.0	39.71526872518484
7327760.5	18.361776598301137
7342957.0	19.66839145582242
7370303.0	42.87578835710415
7400696.0	42.62167276167604
7431089.0	41.45568901024322
7461482.0	43.32878331073835
7491875.0	43.264985631136504
7522268.0	43.09063205374933
7552661.0	33.31815389372358
7583054.0	43.170736410854175
7613447.0	43.559689126524
7643840.0	43.5942400580138
7674233.0	43.45382128213002
7704626.0	42.87086061885106
7735019.0	43.00454396022571
7765412.0	43.24871112415123
7795805.0	4.786981149831716
7826198.0	20.19948136906779
7856591.0	43.25568655333384
7886984.0	43.475438257570126
7917377.0	29.447883793392723
7947770.0	42.7817836220865
7978163.0	28.72670825588072
8008556.0	43.198230766468356
8038949.0	43.194935455577614
8069342.0	42.888679388815234
8099735.0	43.47443630941035
8130128.0	42.94276850275836
8160521.0	43.19520792187843
8190914.0	43.38896391890089
8221307.0	43.2608461714973
8251700.0	43.29078747386531
8282093.0	35.56727296896116
8312486.0	36.38065956240191
8342879.0	42.404317677198975
8373272.0	43.24762267345889
8398726.5	9.744796050867127
8413923.0	7.098100751023507
8434058.0	43.3568676183682
8464451.0	43.49743125190031
8494844.0	43.451885582432595
8525237.0	43.03999986180735
8555630.0	42.92183723982612
8586023.0	29.710563377980517
8616416.0	31.61773007835528
8646809.0	42.9255598593117
8677202.0	43.190345325846394
8707595.0	43.47209269128283
8737988.0	43.320228961149674
8768381.0	30.841639503246142
8798774.0	33.561997447909384
8829167.0	43.41593773429969
8859560.0	43.32765040561607
8889953.0	43.45144612035453
8920346.0	42.41811748643846
8950739.0	43.004518422378055
8981132.0	43.2667855896763
9011525.0	41.10142205281387
9041918.0	42.46638368937443
9072311.0	43.44789156360619
9102704.0	43.53347862175314
9133097.0	43.25813607283983
9163490.0	42.678904465871604
9193883.0	43.27115261472785
9224276.0	43.15192086454757
9254669.0	43.40879607041406
9285062.0	43.11695771236703
9315455.0	38.763454177288324
9332033.5	20.98096867541136
9347230.0	22.024463332654566
9376241.0	43.43594614386288
9406634.0	42.997110173629736
9437027.0	34.79221039596663
9467420.0	43.174281851158966
9497813.0	43.5102760752526
9528206.0	43.48882208898398
9558599.0	43.33274452407389
9588992.0	41.50157615213295
9619385.0	42.906885935963885
9649778.0	43.43204612393401
9680171.0	43.15019894750353
9710564.0	43.23024231844687
9740957.0	43.3008326155613
9771350.0	42.88626971772783
9801743.0	43.352899484227514
9832136.0	43.19373981054828
9862529.0	33.903189274710634
9892922.0	30.838669332464306
9923315.0	38.772648467336175
9953708.0	43.071716930012116
9984101.0	43.4261808985773
1.0014494E7	43.462648119526015
1.0044887E7	42.94886490784205
1.007528E7	41.20112449381221
1.01041125E7	34.52214186392403
1.0119309E7	26.748155071363204
1.0136066E7	35.29244819249109
1.0166459E7	43.470189462756295
1.0196852E7	42.765801003376275
1.0227245E7	32.916569301260026
1.0257638E7	43.2925104017071
1.0288031E7	43.102586451170914
1.0318424E7	43.458261193449495
1.0348817E7	42.8163026081468
1.037921E7	43.285199662046104
1.0409603E7	43.12110125680053
1.0439996E7	43.31501826606077
1.0470389E7	42.89848725913579
1.0500782E7	43.2395808149833
1.0531175E7	43.05794492478914
1.0561568E7	43.262553536618334
1.0591961E7	43.15138275573309
1.0622354E7	43.13364760847491
1.0652747E7	43.0454969193678
1.068314E7	40.52736174969525
1.0713533E7	31.217332494199646
1.0743926E7	43.27840325120459
1.0774319E7	43.077246682037575
1.0804712E7	43.05140673657623
1.0835105E7	33.8751094993642
1.0865498E7	43.31050808952508
1.0895891E7	43.16619987910538
1.0926284E7	43.2673171532358
1.0956677E7	43.314563115572895
1.098707E7	43.01087278316483
1.1017463E7	43.165406564491605
1.1047856E7	43.33170893704034
1.1078249E7	36.45182938785998
1.1108642E7	42.3763727358541
1.1139035E7	43.4225990061569
1.1169428E7	43.14852787697822
1.1196832E7	10.89859899453872
1.12120285E7	0.9904782440928797
1.1230214E7	27.278158658290042
1.1260607E7	34.72535410236317
1.1291E7	42.83066755320786
1.1321393E7	42.70000528520276
1.1351786E7	42.43718849423952
1.1382179E7	43.141400928480614
1.1412572E7	42.40581014918054
1.1442965E7	43.35277063299307
1.1473358E7	43.30657657159702
1.1503751E7	43.27255999535145
1.1534144E7	43.418125017669844
1.1564537E7	43.41681865000992
1.159493E7	42.86944442948901
1.1625323E7	42.985657610501825
1.1655716E7	32.17888812244449
1.1686109E7	42.67649129029934
1.1716502E7	43.2621258910121
1.1746895E7	43.27136688799305
1.1777288E7	42.687272864522114
1.1807681E7	43.464842022268805
1.1838074E7	43.40414188735011
1.1868467E7	43.4430575088014
1.189886E7	40.90636301786801
1.1929253E7	42.981244564213256
1.1959646E7	43.47136497672643
1.1990039E7	42.563379606128315
1.2020432E7	32.495890220117026
1.2050825E7	22.562931454180035
1.2081218E7	42.81965776655361
1.2111611E7	43.385308270028155
1.21419565E7	32.78014905398603
