# Position (bp)	A	C	G	T	N
0.0	26.697810103319437	22.685711132835433	35.06947146230319	15.546724350875804	2.8295066613660575E-4
1.0	23.0623972803206	19.036770830988132	12.49774860976653	45.40167616002882	0.0014071188959182295
2.0	32.619552767129264	19.813319646051365	13.487054190168374	34.079513970957414	5.594256935829678E-4
3.0	20.667469839198166	22.65852896719821	10.349073283915912	46.3247884700121	1.3943967560753865E-4
4.0	40.2717052711212	9.728711923992613	9.809091515920166	40.190213158890145	2.7813007587388467E-4
5.0	45.401895353193375	10.54931942112639	22.645585603085845	21.403199622594386	0.0
6.0	34.90578186032536	14.062173310422082	19.958543741614246	31.073501087638313	0.0
7.0	40.63652632960898	15.245123442714704	19.271573972347174	24.846776255329146	0.0
8.0	17.829635923267475	32.67463159230468	23.03810143832102	26.457631046106822	0.0
9.0	29.8340799643159	19.306307769826564	13.191138449338771	37.66847381651876	0.0
10.0	27.491198320191508	15.211446443736584	28.043484833077276	29.25387040299463	0.0
11.0	27.60706402371686	18.28096683783009	17.84457556455806	36.267393573895	0.0
12.0	25.28258220012873	20.580638976760746	23.30183640770716	30.834942415403365	0.0
13.0	23.599296743199165	26.530718267997717	18.327058160868624	31.542926827934497	0.0
14.0	32.8364565006422	20.579463667843683	20.1809066625901	26.40317316892402	0.0
15.0	32.61419054535941	19.026466071567267	19.254704087708806	29.10463929536452	0.0
16.0	31.723860232401858	18.56385337624778	18.451216559244518	31.261069832105846	0.0
17.0	31.78181719415228	18.339795343278716	18.64291000943838	31.23547745313062	0.0
18.0	31.40337199764082	18.438739331159454	19.23001308394742	30.927875587252302	0.0
19.0	30.908652798327896	19.041868990360207	19.131890906974196	30.9175873043377	0.0
20.0	30.679409824720754	19.101626279992647	19.402634054562558	30.816329840724038	0.0
21.0	30.36654938274104	19.3152724185727	19.41231170801296	30.905866490673294	0.0
22.0	30.507275285593373	19.391911197847875	19.208344340156668	30.892334398973535	1.3477742855448513E-4
23.0	30.831610791723186	19.309960596860666	19.265551320974097	30.592608143315463	2.6914712658527657E-4
24.0	30.489284759187612	19.394807606766047	19.245236364222773	30.870671269823564	0.0
25.0	30.623248049959678	19.49463327970415	19.19902420827625	30.68282609249894	2.6836956098765365E-4
26.0	30.819868502680457	19.262468060247052	19.371669522876704	30.54572593514639	2.6797904939791805E-4
27.0	30.607591989756394	19.213051232751713	19.471951168929866	30.70713801172877	2.6759683325907523E-4
28.0	30.8400850827312	19.312096498353927	19.244757150797383	30.602794048484327	2.672196331608876E-4
29.0	30.31618359357278	18.974885180628682	19.21493172217048	29.974060562714993	1.5199389409130575
30.0	30.582052040606918	19.291084654603992	19.50589941019224	30.620031076179284	9.328184175668364E-4
31.0	30.585206914726538	19.54123653709984	19.25893489360116	30.61462165457246	0.0
32.0	30.85988129025397	19.366305308705158	19.294787007065423	30.4774311902214	0.0015952037540461679
33.0	30.45596918513483	19.28026948401565	19.55073604879817	30.711830289865272	0.0011949921860788721
34.0	30.5343855633546	19.48451161082165	19.30230306823803	30.678269310591304	5.304469944210237E-4
35.0	30.699130821785353	19.21781908059436	19.469486043080085	30.61316668565207	3.973688881353598E-4
36.0	30.590249478709104	19.268181673846545	19.465981138266457	30.674793865173534	7.938440043608498E-4
37.0	30.694608182620787	19.401343857219135	19.35997610450578	30.543411028933637	6.608267206606153E-4
38.0	30.691448420268824	19.36221926782223	19.43285201844637	30.513084221963748	3.9607149882696824E-4
39.0	30.510837608010057	19.396106559809642	19.506771114308965	30.585493314621043	7.914032502931489E-4
40.0	30.644742615522258	19.2605837482854	19.301826403996188	30.792451935176558	3.9529701959223795E-4
41.0	30.769939591157584	19.30305387826348	19.308319412576992	30.61868711800194	0.0
42.0	30.515518694901367	19.362759603914558	19.442986765148795	30.67807733635303	6.575996822478336E-4
43.0	30.404924163777856	19.520435437369084	19.4251638015091	30.649345188191045	1.314091529103185E-4
44.0	30.732962020529868	19.3353133181552	19.392428264939827	30.539033798918624	2.625974564810365E-4
45.0	30.521551469671827	19.359917087025824	19.47562791490925	30.642903528393102	0.0
46.0	30.66094251818837	19.450875008192963	19.249524808284722	30.638657665333945	0.0
47.0	30.839401477313068	19.373785879988944	19.315495020388703	30.471317622309286	0.0
48.0	30.54971954420206	19.348112077598227	19.43489956606256	30.66726881213716	0.0
49.0	30.62063264083466	19.499580105640714	19.27393594060261	30.605851312922024	0.0
50.0	30.733344139207546	19.26325723906428	19.434234055235446	30.56916456649273	0.0
51.0	30.418709398460393	19.415586027257326	19.460914751952597	30.704789822329687	0.0
52.0	30.569984712853604	19.468592159560732	19.295616335706256	30.665806791879408	0.0
53.0	30.57996278676503	19.4235602053252	19.493759084752753	30.502717923157018	0.0
54.0	30.38161050247187	19.389720524393315	19.45166393028954	30.777005042845275	0.0
55.0	30.514109802572243	19.582205956719164	19.30824692284834	30.595437317860252	0.0
56.0	30.72541283101056	19.308650530750164	19.359322223770885	30.606614414468396	0.0
57.0	30.52168264229987	19.463932127751256	19.350021935848382	30.664363294100493	0.0
58.0	30.377078616597704	19.537955083665132	19.37049470424441	30.714081244957974	3.9035053478023266E-4
59.0	30.55597463336472	19.34570104202975	19.43336055893997	30.664963765665558	0.0
60.0	30.434454766937858	19.514322784629105	19.522253163701226	30.52857926608892	3.900186428911302E-4
61.0	30.426024121438967	19.382797878976916	19.45336868371803	30.737809315866084	0.0
62.0	30.707127925362254	19.332953094163763	19.41402458908835	30.545764469118126	1.2992226750735037E-4
63.0	30.379381866401374	19.494832868592386	19.433271468888766	30.692513796117478	0.0
64.0	30.476561434942646	19.53220246557735	19.293305029180544	30.696892385793394	0.0010386845060730585
65.0	30.713058196223397	19.42193170549357	19.441790796803854	30.422959705514334	2.5959596484032254E-4
66.0	30.575723011402346	19.34596454074648	19.451981557970026	30.62633088988115	0.0
67.0	30.667856781448737	19.54620819570469	19.23535990160795	30.550575121238623	0.0
68.0	30.62799789352987	19.415324829627554	19.59912213116668	30.357555145675903	0.0
69.0	30.461329363123742	19.45800413966976	19.45398378369966	30.626293646800058	3.8906670678376707E-4
70.0	30.52365688440751	19.469989315241857	19.360548345937197	30.645546115623606	2.5933878982147115E-4
71.0	30.579058870509773	19.329924308233263	19.464634389837233	30.626382431419735	0.0
72.0	30.5367609214506	19.41429884526978	19.463433543052496	30.58550669022712	0.0
73.0	30.41064921698078	19.593693328165486	19.359066262053805	30.636591192799926	0.0
74.0	30.739916940162697	19.421329061092013	19.27771124003878	30.56104275870651	0.0
75.0	30.476367001682426	19.3940163783561	19.4663424522946	30.663274167666877	0.0
76.0	30.582915002741345	19.453830689846914	19.207822490437696	30.75517258810217	2.592288718748339E-4
77.0	30.625371874793405	19.417211434882535	19.44002623702246	30.5173904533016	0.0
78.0	30.402321128308973	19.390314889887716	19.41922527934826	30.78774977344885	3.8892900619563904E-4
79.0	30.445769198854915	19.657174418122224	19.42418993486288	30.472218188607226	6.482595527527694E-4
80.0	30.587512189049566	19.45839125293056	19.494828730886532	30.45887881491317	3.89012220170543E-4
81.0	30.384479708663825	19.46961876254753	19.44523699595885	30.700405152334163	2.5938049562425103E-4
82.0	30.38677258010958	19.723870994521004	19.21410634235431	30.674212394155738	0.0010376888593724059
83.0	30.639632790424322	19.54900582003306	19.22985108707216	30.58099135168516	5.189507853022759E-4
84.0	30.359022139287667	19.579923204791978	19.41564011362265	30.644765714923416	6.488273742864521E-4
85.0	30.498829863594416	19.57924412952365	19.23761362264626	30.68327399363726	0.001038390598411522
86.0	30.645917266397216	19.495018871550116	19.230025175050343	30.628389510871752	6.491761305726901E-4
87.0	30.306981600844697	19.59736668826893	19.368919492818655	30.72673221806772	0.0
88.0	30.392100818500715	19.78121345978953	19.19436143952189	30.63193451994283	3.8976224503053133E-4
89.0	30.43821822274555	19.70708338856874	19.289893610108212	30.56415495026214	6.498283153590821E-4
90.0	30.393937463516487	19.649030204775716	19.51005157420276	30.445550668696526	0.0014300888085150088
91.0	30.274372597857823	19.861480532487043	19.345121578471602	30.518244899817258	7.803913662701844E-4
92.0	30.605213268292175	19.80159757670073	19.343715803622196	30.24635054304336	0.0031228083415415484
93.0	30.37328181266648	19.65132416619581	19.41268522834088	30.56192765061072	7.811421861045221E-4
94.0	30.291563380483506	19.915486609812046	19.263529892964467	30.528768811328543	6.513054114361415E-4
95.0	30.551522434435352	19.752938385784184	19.347207849250186	30.348331330530275	0.0
96.0	30.310862922713977	19.812963206881577	19.42994336209786	30.446230508306588	0.0
97.0	30.354938634056467	19.962003481274447	19.36804691108658	30.315010973582503	0.0
98.0	30.42456032249979	19.68496741582421	19.413824254323668	30.47612582504804	5.221823042860724E-4
99.0	30.290593020855923	19.740496226183417	19.518038294637236	30.450611204146625	2.612541768011516E-4
100.0	30.208393246500638	19.942457215462564	19.49160518486371	30.35754435317309	0.0
101.0	30.325478812677993	19.762101294668145	19.47195539759014	30.440464495063722	0.0
102.0	30.255518741400998	19.738132235104995	19.548970607293914	30.457378416200086	0.0
103.0	30.30770661695642	19.912963397204717	19.41293523213909	30.36560875186839	7.860018313842671E-4
104.0	30.534890519369345	19.77494300819712	19.559036166690046	30.13047485085124	6.554548922497702E-4
105.0	30.23712251811152	19.755005759476898	19.589174807339592	30.418303328951406	3.935861205790439E-4
106.0	30.29505226114817	19.806975156258208	19.52137717317086	30.37541362466516	0.0011817847576028153
107.0	30.348560772424232	19.681336892141054	19.720499547263938	30.248682860030307	9.199281404703987E-4
108.0	30.10420037197507	19.76900190196589	19.74374758308276	30.38107714931353	0.001972993662744355
109.0	30.269830487053508	19.944496226901954	19.484510023855037	30.30050501061102	6.582515784872852E-4
110.0	30.403865895490622	19.75604902739836	19.59356439623057	30.24638890096871	1.3177991173381513E-4
111.0	30.137333247151037	19.79835981020548	19.6704054833046	30.393901459338885	0.0
112.0	30.033919251320658	19.806518992272114	19.78235697206316	30.37680868565212	3.9609869195008626E-4
113.0	30.281863263407203	19.725538191507358	19.826515183556083	30.165819023853828	2.6433767552021655E-4
114.0	30.2225885796168	19.695973347058505	19.945381581367286	30.13565955577549	3.969361819237909E-4
115.0	29.882371642028293	20.093917236263444	19.74990727494304	30.27380384676522	0.0
116.0	30.282751120659928	19.81194132781624	19.816848359459964	30.087796079679585	6.63112384286889E-4
117.0	30.049795506453496	19.781962075742285	19.939847028204174	30.228395389600042	0.0
118.0	30.1409237150682	19.857480922119706	19.732377888271422	30.269217474540667	0.0
119.0	30.243089480676105	19.699406053409934	19.883633323837994	30.17347180550712	3.9933656884695557E-4
120.0	29.969042393130955	19.90295596503643	20.02089605147252	30.106839059091318	2.665312687821254E-4
121.0	29.983759669802197	19.93877515616472	19.881526991375413	30.195938182657677	0.0
122.0	30.115222367276473	19.861460570112204	19.96060819451107	30.058833826176308	0.003875041923944953
123.0	29.961316496888323	19.854498646545714	19.98643200548072	30.194809104739832	0.002943746345405815
124.0	29.976066745104134	19.798403198962266	20.087317518981777	30.138078532165167	1.3400478665097918E-4
125.0	30.052536584383954	19.8078355329813	20.137011117895316	30.000469675722464	0.002147089016968713
126.0	29.846672391757483	19.81526502735545	20.225563202449155	30.11182741942203	6.719590158757037E-4
127.0	29.971927350243316	19.900628741225614	20.088901210111537	30.037196933809913	0.001345764609620602
128.0	30.005485315661723	19.853742885599495	20.174775364867834	29.965187787827453	8.086460434970707E-4
129.0	29.836258509644715	19.939966852200765	20.16927512133498	30.051125351588016	0.0033741652315217216
130.0	30.01467968283234	19.896512291193	20.235658923111444	29.851256694394955	0.0018924084682575514
131.0	29.92792724496344	19.746906042794212	20.319535182171876	30.003600930285444	0.0020305997850271693
132.0	29.780506456809075	19.926076180042195	20.335830002332152	29.95677381914426	8.135416723162616E-4
133.0	29.758881352893724	19.909196841582034	20.35357006076179	29.977808501218224	5.432435442295312E-4
134.0	29.858667098369825	19.826194133099705	20.465858492966007	29.849144234654247	1.3604091022252212E-4
135.0	29.761577058196675	19.86190111498429	20.459730016270974	29.916246719231637	5.450913164227837E-4
136.0	29.644943758872994	19.906765316151578	20.450202031232937	29.997679370973025	4.0952276946598236E-4
137.0	29.75811711173428	19.795949340089447	20.623281518539432	29.820737858343122	0.0019141712937200143
138.0	29.596469674620035	19.742621529561134	20.75819270788393	29.900798623808605	0.0019174641263006228
139.0	29.637516121065776	19.942787366572457	20.574595944351454	29.843591361852756	0.001509206157561123
140.0	29.66388217734421	19.860995434317115	20.73894794131957	29.735074944818734	0.0010995022003787785
141.0	29.686112361778328	19.86564391921011	20.602413122229887	29.843627586643702	0.0022030101379772785
142.0	29.438746301188445	19.83680395091703	20.852399313003954	29.870119120700238	0.0019313141903310133
143.0	29.56490973970872	19.80046270319276	20.869185459952956	29.76336905416723	0.0020730429783270264
144.0	29.370046468350015	19.689647915016643	20.989958627106724	29.947993110056327	0.0023538794702940413
145.0	29.427156677622495	19.93665134515305	20.862462939094556	29.77261911864068	0.001109919489215051
146.0	29.625618338695283	19.746102276487417	20.96150798174806	29.666215280577703	5.561224915399866E-4
147.0	29.31272622361102	19.836317591816996	21.1552265058461	29.694335925250215	0.00139375347567273
148.0	29.40032197477864	19.899410830873805	21.075932385296486	29.623077095072	0.0012577139790716392
149.0	29.458721427285816	19.834132019438442	21.102046211303097	29.604819114470843	2.81227501799856E-4
150.0	29.376080860757558	19.711365105042344	21.11834002412361	29.793082773960645	0.0011312361158442345
